1610.13	0.0292969
1610.13	0.0136719
1610.13	0.0175781
1610.13	0.015625
1610.13	0.00976562
1610.13	0.0175781
1610.13	0.0078125
1610.13	-0.0175781
1610.13	0.0078125
1610.13	0.03125
1610.13	0.0273438
1610.13	0.0117188
1610.13	-0.00195312
1610.13	0.015625
1610.13	0.0371094
1610.13	-0.00585938
1610.13	0.015625
1610.13	-0.0175781
1610.13	0.015625
1610.13	-0.00195312
1610.13	0.0332031
1610.13	0.0117188
1610.13	0.0136719
1610.13	-0.0234375
1610.13	-0.0175781
1610.13	-0.00390625
1610.13	0.0234375
1610.13	0.00976562
1610.13	0.0117188
1610.13	0.0117188
1610.13	-0.0136719
1610.13	-0.00976562
1610.13	0.0253906
1610.13	-0.00585938
1610.13	0.0117188
1610.13	0.00195312
1610.13	0.0644531
1610.13	0.0214844
1610.13	-0.0195312
1610.13	-0.0175781
1610.13	0.00195312
1610.13	0.015625
1610.13	-0.0117188
1610.13	0.0117188
1610.13	0.0214844
1610.13	-0.00585938
1610.13	0.00390625
1610.13	0.0078125
1610.13	-0.0175781
1610.13	0.0253906
1610.13	-0.00976562
1610.13	-0.0273438
1610.13	0.0136719
1610.13	-0.00390625
1610.13	-0.0136719
1610.13	0.0117188
1610.13	0.00976562
1610.13	0.03125
1610.13	0.0507812
1610.13	0.00585938
1610.13	0.00585938
1610.13	-0.00390625
1610.13	-0.00195312
1610.13	-0.0273438
1610.13	0.0117188
1610.13	0.0175781
1610.13	0.0214844
1610.13	-0.0136719
1610.13	0.00976562
1610.13	0.0214844
1610.13	0.0371094
1610.13	0.0566406
1610.13	-0.00585938
1610.13	-0.0078125
1610.13	-0.00195312
1610.13	-0.00195312
1610.13	0.00390625
1610.13	-0.0195312
1610.13	-0.0234375
1610.13	0.00390625
1610.13	-0.015625
1610.13	0.00390625
1610.13	-0.00976562
1610.13	0.0078125
1610.13	0.00195312
1610.13	0.0117188
1610.13	0.03125
1610.13	0.00976562
1610.13	-0.0078125
1610.13	0.0136719
1610.13	-0.0078125
1610.13	0.00390625
1610.13	0.0253906
1610.13	-0.015625
1610.13	-0.0410156
1610.13	0.00585938
1610.13	-0.0078125
1610.13	-0.0117188
1610.13	-0.00976562
1610.13	0.0117188
