1296.81	-0.00195312
1296.81	-0.0195312
1296.81	0.00585938
1296.81	-0.0175781
1296.81	-0.0136719
1296.81	-0.00195312
1296.81	0.0234375
1296.81	-0.00585938
1296.81	-0.00195312
1296.81	-0.015625
1296.81	-0.0175781
1296.81	0.0332031
1296.81	-0.00585938
1296.81	0.0117188
1296.81	-0.015625
1296.81	0.0234375
1296.81	-0.00390625
1296.81	-0.0117188
1296.81	-0.0273438
1296.81	-0.0136719
1296.81	-0.00976562
1296.81	0.00976562
1296.81	0.00976562
1296.81	0.0136719
1296.81	0.00585938
1296.81	-0.015625
1296.81	0.0078125
1296.81	-0.0078125
1296.81	-0.0371094
1296.81	-0.0117188
1296.81	-0.0078125
1296.81	-0.0136719
1296.81	-0.0136719
1296.81	0.00390625
1296.81	-0.00585938
1296.81	-0.00195312
1296.81	0.0292969
1296.81	-0.00585938
1296.81	-0.0078125
1296.81	-0.00195312
1296.81	-0.00976562
1296.81	0.00390625
1296.81	0
1296.81	0.0078125
1296.81	0.0136719
1296.81	0.00585938
1296.81	0.00195312
1296.81	0.00390625
1296.81	0.00585938
1296.81	0.00195312
1296.81	0.0136719
1296.81	0
1296.81	-0.0214844
1296.81	-0.00390625
1296.81	0
1296.81	-0.00976562
1296.81	0.00195312
1296.81	0.00585938
1296.81	0
1296.81	-0.00976562
1296.81	-0.0214844
1296.81	-0.00195312
1296.81	0.0136719
1296.81	0.0136719
1296.81	0.00195312
1296.81	0.0117188
1296.81	0.0078125
1296.81	-0.00585938
1296.81	-0.0117188
1296.81	0
1296.81	0.0078125
1296.81	0.0253906
1296.81	0.00195312
1296.81	-0.00976562
1296.81	0.0195312
1296.81	0.0253906
1296.81	-0.00390625
1296.81	-0.0136719
1296.81	-0.015625
1296.81	-0.00976562
1296.81	-0.00585938
1296.81	-0.0195312
1296.81	-0.0234375
1296.81	-0.0136719
1296.81	-0.0195312
1296.81	-0.0332031
1296.81	-0.0078125
1296.81	0.00195312
1296.81	-0.015625
1296.81	-0.00390625
1296.81	0
1296.81	-0.0078125
1296.81	0.00976562
1296.81	0.0175781
1296.81	-0.00585938
1296.81	0.00390625
1296.81	-0.00585938
1296.81	-0.0195312
1296.81	-0.00390625
1296.81	0.00390625
