1409.95	0.0214844
1409.95	0.00585938
1409.95	0.00195312
1409.95	-0.00585938
1409.95	0.00585938
1409.95	-0.00390625
1409.95	-0.00585938
1409.95	0.0078125
1409.95	-0.00195312
1409.95	0.0078125
1409.95	0.0078125
1409.95	-0.0214844
1409.95	0.0273438
1409.95	0.00585938
1409.95	-0.00390625
1409.95	-0.0078125
1409.95	0.0117188
1409.95	-0.00195312
1409.95	0.00390625
1409.95	-0.00585938
1409.95	0.0175781
1409.95	0.00195312
1409.95	-0.0136719
1409.95	0.00976562
1409.95	0.00195312
1409.95	0.00195312
1409.95	0.00195312
1409.95	-0.00585938
1409.95	0.0214844
1409.95	0.0234375
1409.95	-0.0292969
1409.95	-0.00976562
1409.95	0.00390625
1409.95	0.00390625
1409.95	0.0371094
1409.95	0.0136719
1409.95	0.0214844
1409.95	0.015625
1409.95	0.0117188
1409.95	-0.0390625
1409.95	0
1409.95	0.00585938
1409.95	0.0273438
1409.95	0.0195312
1409.95	-0.00195312
1409.95	0.00390625
1409.95	0.00585938
1409.95	0
1409.95	0
1409.95	-0.00390625
1409.95	-0.0332031
1409.95	-0.015625
1409.95	0.0214844
1409.95	-0.0136719
1409.95	-0.00195312
1409.95	-0.00585938
1409.95	0.0117188
1409.95	0.00195312
1409.95	-0.00390625
1409.95	0.0078125
1409.95	0.00976562
1409.95	0.00585938
1409.95	-0.00976562
1409.95	0.0117188
1409.95	-0.00976562
1409.95	0.00585938
1409.95	0.015625
1409.95	0.00976562
1409.95	0.00976562
1409.95	-0.0214844
1409.95	0.00195312
1409.95	0.00195312
1409.95	0.03125
1409.95	-0.00585938
1409.95	-0.0117188
1409.95	0
1409.95	-0.0117188
1409.95	0.00195312
1409.95	-0.00195312
1409.95	-0.00390625
1409.95	-0.00195312
1409.95	-0.0078125
1409.95	0.0117188
1409.95	-0.00585938
1409.95	-0.00390625
1409.95	0
1409.95	-0.0175781
1409.95	0.0078125
1409.95	0.00976562
1409.95	-0.0078125
1409.95	-0.00585938
1409.95	-0.0078125
1409.95	0.00195312
1409.95	0.00585938
1409.95	-0.00195312
1409.95	0.0136719
1409.95	-0.0253906
1409.95	0
1409.95	-0.00585938
1409.95	-0.00976562
