1227.18	0.0332031
1227.18	-0.00390625
1227.18	-0.00390625
1227.18	0.0273438
1227.18	0.0234375
1227.18	0.00976562
1227.18	0.0195312
1227.18	-0.0136719
1227.18	0.0195312
1227.18	0.00195312
1227.18	0.00390625
1227.18	0.00976562
1227.18	0.00195312
1227.18	-0.00390625
1227.18	0.0195312
1227.18	-0.0195312
1227.18	-0.0078125
1227.18	0.0078125
1227.18	0.0253906
1227.18	0.0078125
1227.18	0.00390625
1227.18	-0.0292969
1227.18	-0.015625
1227.18	0.00585938
1227.18	0.00195312
1227.18	-0.00195312
1227.18	0.00976562
1227.18	0.00390625
1227.18	0.0234375
1227.18	-0.0078125
1227.18	-0.00390625
1227.18	-0.0117188
1227.18	0.00976562
1227.18	-0.0117188
1227.18	-0.0117188
1227.18	0.0117188
1227.18	-0.0214844
1227.18	-0.0078125
1227.18	0.0078125
1227.18	0
1227.18	-0.0136719
1227.18	-0.0195312
1227.18	0.015625
1227.18	-0.00195312
1227.18	-0.0078125
1227.18	0.00390625
1227.18	0.015625
1227.18	0.0273438
1227.18	0.015625
1227.18	-0.00195312
1227.18	-0.00585938
1227.18	-0.0253906
1227.18	0.00195312
1227.18	-0.00195312
1227.18	0.00976562
1227.18	-0.00585938
1227.18	-0.0078125
1227.18	-0.00390625
1227.18	0.0078125
1227.18	0.0136719
1227.18	0.0234375
1227.18	-0.0136719
1227.18	-0.00976562
1227.18	-0.00976562
1227.18	0.00195312
1227.18	0.00195312
1227.18	0.00195312
1227.18	0.00976562
1227.18	0.00390625
1227.18	0.0175781
1227.18	0.0078125
1227.18	0.0078125
1227.18	-0.00585938
1227.18	-0.0078125
1227.18	-0.0117188
1227.18	0.0117188
1227.18	0.00390625
1227.18	0.00390625
1227.18	-0.00195312
1227.18	0.0078125
1227.18	-0.0136719
1227.18	0.0078125
1227.18	-0.0292969
1227.18	0.00976562
1227.18	0
1227.18	-0.00390625
1227.18	0
1227.18	0.00195312
1227.18	0.0214844
1227.18	0.0117188
1227.18	0.0136719
1227.18	0.015625
1227.18	0.0195312
1227.18	0.0195312
1227.18	0.0078125
1227.18	0.0117188
1227.18	0.0078125
1227.18	0.0117188
1227.18	-0.0117188
1227.18	-0.00390625
