1253.29	0.03125
1253.29	-0.015625
1253.29	0.00195312
1253.29	-0.00976562
1253.29	-0.00585938
1253.29	0
1253.29	-0.00195312
1253.29	-0.00976562
1253.29	0.0175781
1253.29	-0.015625
1253.29	0
1253.29	0.015625
1253.29	0.015625
1253.29	-0.00195312
1253.29	0.0273438
1253.29	-0.015625
1253.29	0
1253.29	0
1253.29	0.00585938
1253.29	-0.00195312
1253.29	-0.0292969
1253.29	-0.00390625
1253.29	-0.0078125
1253.29	-0.00585938
1253.29	0.00195312
1253.29	0.0371094
1253.29	0.0117188
1253.29	-0.0273438
1253.29	-0.0351562
1253.29	0.0078125
1253.29	-0.0214844
1253.29	0.0195312
1253.29	0.0136719
1253.29	0
1253.29	-0.00195312
1253.29	-0.00976562
1253.29	0.00390625
1253.29	-0.00976562
1253.29	0.00390625
1253.29	0.0078125
1253.29	-0.00390625
1253.29	-0.00195312
1253.29	-0.00585938
1253.29	-0.00195312
1253.29	0
1253.29	-0.00195312
1253.29	0
1253.29	0
1253.29	0.00585938
1253.29	-0.00195312
1253.29	0.0078125
1253.29	0.0078125
1253.29	0.00585938
1253.29	0.00585938
1253.29	-0.00585938
1253.29	-0.0234375
1253.29	-0.0175781
1253.29	0.00585938
1253.29	0.0195312
1253.29	0.0234375
1253.29	-0.0136719
1253.29	0.015625
1253.29	-0.00390625
1253.29	0.00390625
1253.29	-0.0136719
1253.29	-0.00195312
1253.29	0.015625
1253.29	-0.0214844
1253.29	0.00390625
1253.29	-0.00585938
1253.29	0.0234375
1253.29	-0.0117188
1253.29	0.0214844
1253.29	-0.0175781
1253.29	-0.00195312
1253.29	0.0117188
1253.29	-0.00585938
1253.29	-0.015625
1253.29	-0.00976562
1253.29	-0.0214844
1253.29	-0.0253906
1253.29	-0.0234375
1253.29	0.0078125
1253.29	0.015625
1253.29	0.0273438
1253.29	0.0136719
1253.29	-0.0117188
1253.29	0.0175781
1253.29	-0.00976562
1253.29	-0.00195312
1253.29	0.0175781
1253.29	0.0234375
1253.29	0.00195312
1253.29	0.00585938
1253.29	-0.0078125
1253.29	-0.0136719
1253.29	-0.0214844
1253.29	0.0078125
1253.29	0.00390625
1253.29	-0.0136719
