1183.66	0.0214844
1183.66	0.015625
1183.66	-0.0195312
1183.66	0.00585938
1183.66	0
1183.66	-0.0117188
1183.66	0.00390625
1183.66	0.00585938
1183.66	-0.00976562
1183.66	-0.015625
1183.66	0.00195312
1183.66	0
1183.66	0.0175781
1183.66	-0.0332031
1183.66	-0.00390625
1183.66	0.0117188
1183.66	0.00976562
1183.66	0.00390625
1183.66	0.00195312
1183.66	-0.0136719
1183.66	0.00195312
1183.66	-0.0117188
1183.66	0
1183.66	0.0117188
1183.66	-0.0136719
1183.66	-0.0136719
1183.66	-0.0234375
1183.66	-0.0195312
1183.66	-0.00390625
1183.66	-0.0078125
1183.66	0.0175781
1183.66	-0.00195312
1183.66	-0.0195312
1183.66	0.015625
1183.66	-0.0078125
1183.66	0.00976562
1183.66	0.0214844
1183.66	0.00390625
1183.66	-0.0195312
1183.66	-0.015625
1183.66	0.00976562
1183.66	0.0195312
1183.66	0.015625
1183.66	0.0195312
1183.66	0.00390625
1183.66	-0.00390625
1183.66	-0.0136719
1183.66	0
1183.66	0.0078125
1183.66	-0.0136719
1183.66	0.0136719
1183.66	0.00195312
1183.66	0
1183.66	-0.0078125
1183.66	0
1183.66	-0.0136719
1183.66	0.0078125
1183.66	0.00195312
1183.66	0.00585938
1183.66	0
1183.66	-0.015625
1183.66	-0.00976562
1183.66	-0.0078125
1183.66	-0.0253906
1183.66	0.00195312
1183.66	0.00195312
1183.66	0.0078125
1183.66	0.00390625
1183.66	-0.00195312
1183.66	0.015625
1183.66	0
1183.66	0.00976562
1183.66	0.00976562
1183.66	0.00390625
1183.66	-0.00195312
1183.66	0
1183.66	0
1183.66	0.0214844
1183.66	0.00585938
1183.66	-0.00390625
1183.66	-0.00976562
1183.66	0.00195312
1183.66	-0.00195312
1183.66	-0.00195312
1183.66	-0.015625
1183.66	-0.00195312
1183.66	-0.00976562
1183.66	0.015625
1183.66	-0.00976562
1183.66	0.00585938
1183.66	0.0117188
1183.66	-0.00195312
1183.66	0.00976562
1183.66	0.00585938
1183.66	-0.00585938
1183.66	-0.015625
1183.66	0.00390625
1183.66	0.0078125
1183.66	0
1183.66	0.0175781
