1462.17	0.00585938
1462.17	0.0214844
1462.17	0.0175781
1462.17	-0.00585938
1462.17	0.00195312
1462.17	-0.0175781
1462.17	-0.00976562
1462.17	0.00976562
1462.17	0
1462.17	0
1462.17	0.0117188
1462.17	-0.00390625
1462.17	0.00390625
1462.17	-0.0332031
1462.17	-0.015625
1462.17	-0.0429688
1462.17	-0.00390625
1462.17	0.0292969
1462.17	-0.00976562
1462.17	-0.00390625
1462.17	-0.0175781
1462.17	-0.00390625
1462.17	0.00195312
1462.17	0.0136719
1462.17	0.0117188
1462.17	-0.0214844
1462.17	-0.0136719
1462.17	0
1462.17	0.0078125
1462.17	-0.00390625
1462.17	0
1462.17	0.00976562
1462.17	-0.0175781
1462.17	-0.0136719
1462.17	0.0136719
1462.17	0.015625
1462.17	0
1462.17	-0.00195312
1462.17	0.0175781
1462.17	-0.00585938
1462.17	-0.0253906
1462.17	-0.0175781
1462.17	0.00976562
1462.17	-0.0175781
1462.17	0.0253906
1462.17	-0.00585938
1462.17	-0.0175781
1462.17	-0.015625
1462.17	-0.0175781
1462.17	0.00195312
1462.17	0.0371094
1462.17	-0.0195312
1462.17	-0.00390625
1462.17	0
1462.17	0.00390625
1462.17	-0.00390625
1462.17	-0.00390625
1462.17	-0.00390625
1462.17	0.00585938
1462.17	0.0078125
1462.17	-0.00195312
1462.17	0.00195312
1462.17	-0.00195312
1462.17	0.00976562
1462.17	0.0292969
1462.17	0.00976562
1462.17	-0.00195312
1462.17	-0.0195312
1462.17	-0.0136719
1462.17	-0.00585938
1462.17	0.00585938
1462.17	0.00390625
1462.17	0.015625
1462.17	-0.0078125
1462.17	0.0117188
1462.17	-0.00390625
1462.17	-0.0332031
1462.17	0.00390625
1462.17	-0.00390625
1462.17	-0.0195312
1462.17	0.0175781
1462.17	-0.00976562
1462.17	0.00195312
1462.17	-0.03125
1462.17	-0.0078125
1462.17	-0.0175781
1462.17	-0.00195312
1462.17	0.0273438
1462.17	0.0136719
1462.17	-0.00390625
1462.17	-0.0117188
1462.17	-0.0078125
1462.17	-0.0214844
1462.17	0.00195312
1462.17	-0.0292969
1462.17	-0.0195312
1462.17	-0.0136719
1462.17	-0.0273438
1462.17	0.00195312
1462.17	0.00976562
