1584.02	-0.0117188
1584.02	-0.03125
1584.02	0.0253906
1584.02	0.00195312
1584.02	0.0175781
1584.02	0.0195312
1584.02	0.0214844
1584.02	-0.0136719
1584.02	0.00195312
1584.02	0.0234375
1584.02	0.0175781
1584.02	0.00390625
1584.02	0.0136719
1584.02	-0.0175781
1584.02	-0.0136719
1584.02	-0.0195312
1584.02	-0.00390625
1584.02	0.0078125
1584.02	-0.00976562
1584.02	0.00976562
1584.02	-0.00195312
1584.02	-0.015625
1584.02	-0.0078125
1584.02	-0.0078125
1584.02	0.0332031
1584.02	-0.00585938
1584.02	-0.00585938
1584.02	0.0175781
1584.02	-0.0175781
1584.02	0.00976562
1584.02	0.015625
1584.02	0.0136719
1584.02	0.00976562
1584.02	0.0195312
1584.02	-0.0136719
1584.02	0.0078125
1584.02	0.0195312
1584.02	-0.015625
1584.02	0.00195312
1584.02	0.0136719
1584.02	-0.00390625
1584.02	0.0117188
1584.02	-0.00976562
1584.02	-0.00976562
1584.02	-0.0234375
1584.02	-0.015625
1584.02	-0.015625
1584.02	-0.0449219
1584.02	0.00390625
1584.02	-0.0214844
1584.02	-0.00195312
1584.02	0.00390625
1584.02	0.00585938
1584.02	-0.0078125
1584.02	-0.0214844
1584.02	-0.0117188
1584.02	0.0195312
1584.02	0.00585938
1584.02	0.0214844
1584.02	-0.015625
1584.02	-0.0078125
1584.02	-0.00585938
1584.02	-0.0078125
1584.02	0.0292969
1584.02	0.00195312
1584.02	-0.0136719
1584.02	0.00585938
1584.02	0.0078125
1584.02	0.0195312
1584.02	0.0234375
1584.02	-0.0195312
1584.02	0.0078125
1584.02	0.03125
1584.02	0.0195312
1584.02	0.00195312
1584.02	-0.0078125
1584.02	-0.015625
1584.02	0.0175781
1584.02	0.00390625
1584.02	0
1584.02	-0.00390625
1584.02	-0.015625
1584.02	0.0214844
1584.02	-0.00976562
1584.02	0.015625
1584.02	0.0214844
1584.02	0.0273438
1584.02	-0.0117188
1584.02	-0.0351562
1584.02	-0.0449219
1584.02	-0.015625
1584.02	-0.00195312
1584.02	-0.0292969
1584.02	-0.00976562
1584.02	-0.0351562
1584.02	0.0351562
1584.02	-0.0273438
1584.02	-0.00195312
1584.02	0.00390625
1584.02	0.0273438
