922.56	0.00585938
922.56	0.00585938
922.56	0.0175781
922.56	-0.0136719
922.56	-0.0273438
922.56	0.00390625
922.56	0
922.56	0.0117188
922.56	0.00976562
922.56	-0.00195312
922.56	0.00390625
922.56	0.00195312
922.56	0
922.56	-0.00195312
922.56	-0.00390625
922.56	0.0078125
922.56	-0.0117188
922.56	0.0078125
922.56	0.00390625
922.56	0.00390625
922.56	0.0078125
922.56	0.00390625
922.56	-0.0175781
922.56	-0.0078125
922.56	0.00390625
922.56	-0.00585938
922.56	0.00390625
922.56	0.00976562
922.56	0
922.56	-0.00585938
922.56	0.00390625
922.56	-0.0078125
922.56	-0.00390625
922.56	-0.00585938
922.56	-0.00390625
922.56	-0.0078125
922.56	-0.0136719
922.56	0
922.56	0.00585938
922.56	-0.00976562
922.56	-0.00195312
922.56	0.0175781
922.56	-0.00195312
922.56	-0.0136719
922.56	-0.00195312
922.56	-0.0078125
922.56	0.00976562
922.56	0.0117188
922.56	0.00585938
922.56	0.0136719
922.56	0.0078125
922.56	-0.00390625
922.56	-0.00195312
922.56	-0.00195312
922.56	-0.00976562
922.56	-0.00585938
922.56	-0.00195312
922.56	-0.00390625
922.56	0.0078125
922.56	0.00195312
922.56	0.00195312
922.56	0.00390625
922.56	0.0078125
922.56	-0.00390625
922.56	0.00585938
922.56	-0.00195312
922.56	0.0117188
922.56	0.0175781
922.56	0.00195312
922.56	0
922.56	-0.00585938
922.56	0.00585938
922.56	0.00195312
922.56	0
922.56	0.00976562
922.56	0
922.56	-0.00195312
922.56	0
922.56	-0.00976562
922.56	0.0136719
922.56	-0.0214844
922.56	0
922.56	0
922.56	0
922.56	0.00585938
922.56	0.00195312
922.56	0.0136719
922.56	0.00195312
922.56	-0.00976562
922.56	0.00195312
922.56	0.00195312
922.56	0.00390625
922.56	0.00976562
922.56	-0.00976562
922.56	-0.00195312
922.56	0.00390625
922.56	-0.00585938
922.56	0.00195312
922.56	0.00585938
922.56	-0.00585938
