1688.46	0.0136719
1688.46	0.00585938
1688.46	0.0078125
1688.46	-0.0117188
1688.46	0.0214844
1688.46	0.0136719
1688.46	-0.0136719
1688.46	-0.0507812
1688.46	0.0214844
1688.46	-0.00976562
1688.46	-0.0234375
1688.46	0
1688.46	0.0371094
1688.46	0.0195312
1688.46	0.0234375
1688.46	0.0175781
1688.46	0.0195312
1688.46	-0.0371094
1688.46	-0.0117188
1688.46	-0.00585938
1688.46	0.0078125
1688.46	-0.0390625
1688.46	0.0429688
1688.46	-0.00195312
1688.46	0.00976562
1688.46	-0.0117188
1688.46	0.0078125
1688.46	-0.0078125
1688.46	0.0234375
1688.46	0.0195312
1688.46	-0.0175781
1688.46	-0.0136719
1688.46	-0.00195312
1688.46	-0.0136719
1688.46	-0.0078125
1688.46	-0.0214844
1688.46	0.00390625
1688.46	0.0410156
1688.46	0
1688.46	0.00195312
1688.46	0
1688.46	-0.0195312
1688.46	0.00390625
1688.46	-0.00195312
1688.46	0.00976562
1688.46	0.0136719
1688.46	0.0449219
1688.46	0.00195312
1688.46	-0.0292969
1688.46	-0.0292969
1688.46	-0.00976562
1688.46	0.00390625
1688.46	-0.0371094
1688.46	-0.0273438
1688.46	0
1688.46	-0.0175781
1688.46	0.00585938
1688.46	-0.00390625
1688.46	-0.0117188
1688.46	0.0175781
1688.46	0.015625
1688.46	-0.00585938
1688.46	0.00976562
1688.46	0.00390625
1688.46	0.00195312
1688.46	0
1688.46	-0.0253906
1688.46	-0.00195312
1688.46	0.0390625
1688.46	0.0078125
1688.46	0.0234375
1688.46	0.0078125
1688.46	-0.015625
1688.46	0.0253906
1688.46	0.00390625
1688.46	0.015625
1688.46	0.0234375
1688.46	-0.0214844
1688.46	0.0195312
1688.46	0.015625
1688.46	-0.0234375
1688.46	-0.0078125
1688.46	-0.00585938
1688.46	-0.0292969
1688.46	0.0117188
1688.46	-0.0234375
1688.46	0.0078125
1688.46	0
1688.46	0.0117188
1688.46	0.00390625
1688.46	-0.0117188
1688.46	-0.0371094
1688.46	-0.00195312
1688.46	0.00585938
1688.46	-0.0273438
1688.46	0.015625
1688.46	0.00976562
1688.46	0.00976562
1688.46	0.00390625
1688.46	-0.0234375
