1027	0.00585938
1027	-0.00195312
1027	-0.00390625
1027	-0.00585938
1027	0.015625
1027	0.00585938
1027	-0.00976562
1027	0.00976562
1027	0.00390625
1027	0.00585938
1027	0.00585938
1027	0.015625
1027	-0.00585938
1027	-0.00585938
1027	0
1027	-0.00585938
1027	-0.00195312
1027	-0.00390625
1027	0.00390625
1027	0.0253906
1027	0.00585938
1027	-0.0117188
1027	-0.015625
1027	-0.0136719
1027	0.00195312
1027	-0.00390625
1027	0.0117188
1027	0.00585938
1027	-0.00195312
1027	0.0136719
1027	0.0136719
1027	0.0117188
1027	-0.00585938
1027	-0.00976562
1027	-0.00390625
1027	0.00585938
1027	-0.0234375
1027	0.00585938
1027	-0.00195312
1027	-0.00585938
1027	0.00390625
1027	0.0175781
1027	-0.00195312
1027	0
1027	0.00976562
1027	0.00195312
1027	-0.00585938
1027	-0.00195312
1027	0.00195312
1027	0.00585938
1027	-0.0078125
1027	-0.00585938
1027	-0.00976562
1027	-0.00390625
1027	-0.00390625
1027	-0.00195312
1027	0.0136719
1027	-0.00976562
1027	0.00390625
1027	0.00976562
1027	-0.00195312
1027	0.00585938
1027	-0.00195312
1027	0.0078125
1027	0.015625
1027	-0.0117188
1027	-0.00195312
1027	-0.0078125
1027	0
1027	0.0078125
1027	0
1027	-0.00390625
1027	0
1027	0.00195312
1027	0.0136719
1027	-0.00585938
1027	-0.00390625
1027	0.00390625
1027	0
1027	0
1027	-0.0078125
1027	-0.00390625
1027	-0.00195312
1027	-0.00195312
1027	0.00390625
1027	0.0117188
1027	-0.0136719
1027	-0.00195312
1027	-0.00585938
1027	-0.00390625
1027	0.00976562
1027	0.00585938
1027	-0.00390625
1027	-0.00390625
1027	0.00390625
1027	0.0117188
1027	0.00585938
1027	0.00195312
1027	0
1027	0.00195312
