1575.31	0.0390625
1575.31	0
1575.31	0.00585938
1575.31	-0.00390625
1575.31	-0.00195312
1575.31	0.015625
1575.31	0
1575.31	0.00976562
1575.31	0.0273438
1575.31	0.0078125
1575.31	-0.015625
1575.31	-0.03125
1575.31	-0.00390625
1575.31	-0.00390625
1575.31	-0.00390625
1575.31	0.00195312
1575.31	0.0078125
1575.31	-0.00585938
1575.31	0.0234375
1575.31	-0.0117188
1575.31	-0.0078125
1575.31	0.0078125
1575.31	-0.00195312
1575.31	-0.00195312
1575.31	0.00976562
1575.31	0.0175781
1575.31	0.0332031
1575.31	0
1575.31	-0.0136719
1575.31	-0.00390625
1575.31	-0.0253906
1575.31	0.0195312
1575.31	0.0214844
1575.31	0.00195312
1575.31	0.0136719
1575.31	-0.00390625
1575.31	-0.00390625
1575.31	-0.015625
1575.31	-0.00585938
1575.31	0.0195312
1575.31	0.0136719
1575.31	0
1575.31	-0.0117188
1575.31	-0.00976562
1575.31	-0.0195312
1575.31	0.00976562
1575.31	-0.0195312
1575.31	0
1575.31	-0.0175781
1575.31	-0.00976562
1575.31	0.00195312
1575.31	0
1575.31	-0.0175781
1575.31	0.0117188
1575.31	0.00195312
1575.31	-0.00390625
1575.31	-0.00976562
1575.31	0
1575.31	0.0234375
1575.31	0.0234375
1575.31	0.03125
1575.31	0.00585938
1575.31	0.0234375
1575.31	0.0078125
1575.31	0.0234375
1575.31	-0.00585938
1575.31	0.00585938
1575.31	0.0214844
1575.31	-0.0136719
1575.31	0.046875
1575.31	-0.0117188
1575.31	0.015625
1575.31	0.00390625
1575.31	-0.00390625
1575.31	0.00585938
1575.31	-0.0117188
1575.31	-0.00976562
1575.31	-0.0253906
1575.31	0.00195312
1575.31	0.0117188
1575.31	-0.00390625
1575.31	-0.0332031
1575.31	-0.00585938
1575.31	-0.0234375
1575.31	0.0214844
1575.31	0.0234375
1575.31	0.0371094
1575.31	0.00195312
1575.31	0.0234375
1575.31	0.03125
1575.31	0.0273438
1575.31	-0.0292969
1575.31	-0.0234375
1575.31	0
1575.31	0.0234375
1575.31	0.00195312
1575.31	-0.0175781
1575.31	-0.0175781
1575.31	-0.00585938
1575.31	-0.00195312
