1366.43	-0.00976562
1366.43	-0.0078125
1366.43	-0.00585938
1366.43	0.00390625
1366.43	-0.00390625
1366.43	0.0078125
1366.43	0.0136719
1366.43	0.00390625
1366.43	0.015625
1366.43	-0.0195312
1366.43	-0.0078125
1366.43	-0.0195312
1366.43	-0.0078125
1366.43	0.00390625
1366.43	0.0175781
1366.43	-0.0078125
1366.43	0.00390625
1366.43	0.0136719
1366.43	0.0273438
1366.43	-0.00976562
1366.43	-0.015625
1366.43	-0.0371094
1366.43	-0.0078125
1366.43	0.00390625
1366.43	-0.0234375
1366.43	0.0117188
1366.43	-0.00585938
1366.43	0.00585938
1366.43	0.00390625
1366.43	-0.0234375
1366.43	-0.00195312
1366.43	-0.00390625
1366.43	-0.0175781
1366.43	-0.00585938
1366.43	0.0078125
1366.43	0
1366.43	-0.0078125
1366.43	0.0195312
1366.43	0.00976562
1366.43	0.00976562
1366.43	0.00195312
1366.43	0.0175781
1366.43	0.00390625
1366.43	0.0136719
1366.43	0.015625
1366.43	-0.0175781
1366.43	0.00585938
1366.43	0.00390625
1366.43	0.0136719
1366.43	0.0332031
1366.43	0.0175781
1366.43	-0.0078125
1366.43	-0.0195312
1366.43	-0.0117188
1366.43	-0.0351562
1366.43	-0.00195312
1366.43	-0.0078125
1366.43	-0.0078125
1366.43	0
1366.43	-0.00390625
1366.43	-0.0195312
1366.43	0.00390625
1366.43	-0.015625
1366.43	0.0117188
1366.43	0.00390625
1366.43	-0.00390625
1366.43	-0.0214844
1366.43	0.0429688
1366.43	-0.00976562
1366.43	0
1366.43	0.0214844
1366.43	0.03125
1366.43	-0.0273438
1366.43	-0.0078125
1366.43	0.00195312
1366.43	-0.00195312
1366.43	0.0253906
1366.43	0.0175781
1366.43	0.00585938
1366.43	-0.00390625
1366.43	0.015625
1366.43	-0.00195312
1366.43	-0.0078125
1366.43	0.0175781
1366.43	0.0175781
1366.43	0.00195312
1366.43	0.0292969
1366.43	0.00976562
1366.43	-0.015625
1366.43	0.00390625
1366.43	-0.0214844
1366.43	0.00976562
1366.43	-0.0117188
1366.43	0
1366.43	0.0117188
1366.43	0.00390625
1366.43	0.0292969
1366.43	0.0136719
1366.43	-0.00195312
1366.43	0.00195312
