913.856	0.00195312
913.856	0.0078125
913.856	0.00195312
913.856	0.00390625
913.856	0.0078125
913.856	0.015625
913.856	0.00585938
913.856	0.0078125
913.856	0
913.856	-0.00195312
913.856	-0.00585938
913.856	0.00585938
913.856	-0.00390625
913.856	0.00390625
913.856	0.00390625
913.856	-0.00585938
913.856	0.0117188
913.856	0
913.856	-0.00585938
913.856	-0.00390625
913.856	0.00585938
913.856	0.00585938
913.856	-0.00976562
913.856	-0.0117188
913.856	0.00195312
913.856	0.00390625
913.856	-0.0078125
913.856	-0.00390625
913.856	0
913.856	0.00585938
913.856	-0.00585938
913.856	-0.0136719
913.856	-0.00585938
913.856	-0.015625
913.856	0.00390625
913.856	0.00585938
913.856	0.00585938
913.856	-0.00195312
913.856	0.00390625
913.856	-0.00976562
913.856	0.00390625
913.856	-0.00390625
913.856	-0.00390625
913.856	0.0175781
913.856	-0.0175781
913.856	0.00195312
913.856	-0.00195312
913.856	-0.015625
913.856	0
913.856	0.0195312
913.856	0.0136719
913.856	0.00390625
913.856	-0.00390625
913.856	-0.00195312
913.856	0.00195312
913.856	0.00585938
913.856	-0.0078125
913.856	-0.00390625
913.856	0.00390625
913.856	0.00390625
913.856	0.00390625
913.856	0.0117188
913.856	-0.0078125
913.856	0.00976562
913.856	-0.00585938
913.856	0.00390625
913.856	-0.00195312
913.856	0.00195312
913.856	0.00585938
913.856	0.00390625
913.856	0.0117188
913.856	0.00195312
913.856	-0.00390625
913.856	-0.00195312
913.856	-0.00195312
913.856	0.00195312
913.856	-0.00976562
913.856	-0.00976562
913.856	-0.0078125
913.856	-0.00390625
913.856	0.00390625
913.856	-0.00390625
913.856	0.015625
913.856	0
913.856	-0.0078125
913.856	0.0078125
913.856	-0.00390625
913.856	-0.00976562
913.856	-0.00585938
913.856	0
913.856	-0.00390625
913.856	0
913.856	0
913.856	0.0078125
913.856	0.00585938
913.856	-0.00585938
913.856	0.0078125
913.856	0.00585938
913.856	0.0117188
913.856	-0.0136719
