939.966	-0.00390625
939.966	0.0136719
939.966	0.0136719
939.966	0.0078125
939.966	-0.00976562
939.966	-0.0332031
939.966	-0.00585938
939.966	0.0078125
939.966	0.0195312
939.966	0
939.966	0.0136719
939.966	0.00976562
939.966	0.0136719
939.966	-0.015625
939.966	-0.00195312
939.966	0.00976562
939.966	-0.00976562
939.966	-0.00195312
939.966	-0.00390625
939.966	0.00976562
939.966	-0.00195312
939.966	0.015625
939.966	0.00195312
939.966	0.0078125
939.966	-0.00195312
939.966	0.00390625
939.966	0.0136719
939.966	0.0078125
939.966	0.00195312
939.966	-0.00585938
939.966	-0.0078125
939.966	0.00195312
939.966	-0.00195312
939.966	0
939.966	0
939.966	0
939.966	0.00585938
939.966	0.00195312
939.966	0.00390625
939.966	0.0078125
939.966	0.00195312
939.966	-0.0078125
939.966	-0.00195312
939.966	0.00195312
939.966	-0.0078125
939.966	0
939.966	0.0136719
939.966	-0.00976562
939.966	-0.0117188
939.966	0.00195312
939.966	0.0078125
939.966	-0.00390625
939.966	0
939.966	0.00195312
939.966	-0.00195312
939.966	0.00390625
939.966	0.00195312
939.966	-0.0214844
939.966	-0.00976562
939.966	0.00195312
939.966	0.0117188
939.966	0.0078125
939.966	0.00195312
939.966	0.00195312
939.966	0.00585938
939.966	-0.0078125
939.966	-0.00585938
939.966	-0.00390625
939.966	0.0136719
939.966	0.00390625
939.966	0.00195312
939.966	-0.00195312
939.966	-0.00195312
939.966	0.00390625
939.966	-0.0175781
939.966	0
939.966	0
939.966	0.0078125
939.966	0.00195312
939.966	0.0078125
939.966	0
939.966	0.00585938
939.966	0.015625
939.966	-0.00390625
939.966	0.00390625
939.966	0.00195312
939.966	0
939.966	-0.00390625
939.966	-0.00390625
939.966	-0.0136719
939.966	0.00195312
939.966	0
939.966	-0.00585938
939.966	0.0136719
939.966	0.00976562
939.966	0.0117188
939.966	0.00585938
939.966	-0.00195312
939.966	0.00390625
939.966	0.0117188
