1627.53	0.0507812
1627.53	-0.0078125
1627.53	-0.015625
1627.53	-0.0136719
1627.53	0.0136719
1627.53	-0.0117188
1627.53	0.0078125
1627.53	0.0117188
1627.53	0.00195312
1627.53	0.00976562
1627.53	-0.00195312
1627.53	0.0214844
1627.53	0.00976562
1627.53	-0.00976562
1627.53	-0.0078125
1627.53	0.00585938
1627.53	-0.00976562
1627.53	0.0195312
1627.53	0.00195312
1627.53	-0.00390625
1627.53	0.03125
1627.53	-0.0117188
1627.53	0.00976562
1627.53	-0.00390625
1627.53	-0.0175781
1627.53	0.00976562
1627.53	-0.00390625
1627.53	0.00585938
1627.53	0.00976562
1627.53	0.0195312
1627.53	-0.0195312
1627.53	-0.0136719
1627.53	0.0117188
1627.53	-0.0195312
1627.53	0.00195312
1627.53	0.00390625
1627.53	-0.00585938
1627.53	0.0136719
1627.53	0.0371094
1627.53	-0.0117188
1627.53	-0.00390625
1627.53	0.00585938
1627.53	0.0234375
1627.53	-0.0117188
1627.53	-0.00195312
1627.53	-0.00976562
1627.53	-0.00195312
1627.53	0.0253906
1627.53	0.00195312
1627.53	0.00976562
1627.53	0.0214844
1627.53	-0.00976562
1627.53	0
1627.53	0.00585938
1627.53	0.0078125
1627.53	-0.0136719
1627.53	-0.0175781
1627.53	-0.00585938
1627.53	-0.00390625
1627.53	0.00390625
1627.53	0.00976562
1627.53	0.015625
1627.53	-0.0371094
1627.53	-0.015625
1627.53	-0.0234375
1627.53	0.00195312
1627.53	-0.0234375
1627.53	0.00195312
1627.53	0.0117188
1627.53	-0.0175781
1627.53	0.0175781
1627.53	0
1627.53	0.00585938
1627.53	-0.0136719
1627.53	-0.00976562
1627.53	-0.00976562
1627.53	-0.0253906
1627.53	-0.00585938
1627.53	0.0292969
1627.53	0.00585938
1627.53	0
1627.53	-0.00585938
1627.53	0.0136719
1627.53	-0.0136719
1627.53	-0.00390625
1627.53	0.0175781
1627.53	0.0117188
1627.53	-0.0136719
1627.53	0.00195312
1627.53	0.00976562
1627.53	-0.015625
1627.53	0.0117188
1627.53	-0.0078125
1627.53	-0.00390625
1627.53	0.0175781
1627.53	0.0175781
1627.53	0
1627.53	-0.015625
1627.53	-0.0292969
1627.53	-0.0175781
