1523.09	0.0390625
1523.09	-0.0195312
1523.09	0.00390625
1523.09	0.0195312
1523.09	0.00976562
1523.09	-0.00585938
1523.09	-0.015625
1523.09	0.0195312
1523.09	0.0136719
1523.09	-0.0117188
1523.09	0.00976562
1523.09	0.0117188
1523.09	0.015625
1523.09	-0.0175781
1523.09	-0.0078125
1523.09	0.0117188
1523.09	0.00195312
1523.09	-0.0117188
1523.09	0.00585938
1523.09	-0.0175781
1523.09	0.00195312
1523.09	-0.0683594
1523.09	0.0136719
1523.09	-0.0136719
1523.09	0.00976562
1523.09	0.0175781
1523.09	0.00195312
1523.09	0.0234375
1523.09	0.015625
1523.09	-0.0136719
1523.09	0.00390625
1523.09	-0.0371094
1523.09	-0.0117188
1523.09	-0.0117188
1523.09	-0.00585938
1523.09	0.0136719
1523.09	0.00976562
1523.09	0.0214844
1523.09	-0.00195312
1523.09	-0.0175781
1523.09	-0.00585938
1523.09	0.0117188
1523.09	-0.0078125
1523.09	-0.0078125
1523.09	-0.015625
1523.09	0.0117188
1523.09	0.03125
1523.09	-0.00390625
1523.09	0.00195312
1523.09	-0.0234375
1523.09	0.0273438
1523.09	0.00976562
1523.09	0
1523.09	0.0234375
1523.09	0.0214844
1523.09	-0.0078125
1523.09	0
1523.09	0.0136719
1523.09	0
1523.09	0.00195312
1523.09	-0.00976562
1523.09	0.00976562
1523.09	0.0429688
1523.09	-0.0175781
1523.09	-0.00976562
1523.09	-0.00390625
1523.09	-0.0351562
1523.09	-0.015625
1523.09	-0.00390625
1523.09	-0.0234375
1523.09	0.0175781
1523.09	0.03125
1523.09	-0.0136719
1523.09	0.00390625
1523.09	-0.0117188
1523.09	-0.00976562
1523.09	0.0078125
1523.09	-0.00195312
1523.09	-0.00585938
1523.09	-0.0234375
1523.09	0.0175781
1523.09	0.0117188
1523.09	-0.0078125
1523.09	-0.015625
1523.09	0.00390625
1523.09	-0.0136719
1523.09	0.0214844
1523.09	0.00195312
1523.09	-0.0117188
1523.09	-0.0136719
1523.09	0.0117188
1523.09	-0.00195312
1523.09	0.0136719
1523.09	0.0175781
1523.09	0.0117188
1523.09	0.00976562
1523.09	-0.0136719
1523.09	-0.015625
1523.09	0.0195312
1523.09	0.03125
