983.483	-0.00585938
983.483	0.00390625
983.483	0.00976562
983.483	-0.00390625
983.483	0.0078125
983.483	-0.00976562
983.483	0.00195312
983.483	-0.00390625
983.483	-0.00195312
983.483	0.0078125
983.483	-0.03125
983.483	0
983.483	-0.0175781
983.483	-0.0234375
983.483	0.00195312
983.483	-0.00976562
983.483	-0.00390625
983.483	-0.00390625
983.483	0.00390625
983.483	0.00585938
983.483	0.0253906
983.483	-0.00195312
983.483	0.00976562
983.483	0
983.483	0.0136719
983.483	0.00390625
983.483	-0.00195312
983.483	0
983.483	0.0078125
983.483	-0.0214844
983.483	0.00976562
983.483	0.00390625
983.483	0.0078125
983.483	-0.0136719
983.483	-0.00195312
983.483	-0.00195312
983.483	0.00390625
983.483	0.0117188
983.483	0.00585938
983.483	0
983.483	0.00585938
983.483	-0.00195312
983.483	-0.0117188
983.483	-0.00976562
983.483	-0.00976562
983.483	0
983.483	-0.0117188
983.483	0.00585938
983.483	-0.00585938
983.483	0.00390625
983.483	0.00195312
983.483	-0.00195312
983.483	0.0078125
983.483	0.00585938
983.483	0.0117188
983.483	-0.00976562
983.483	0.0117188
983.483	0.0136719
983.483	0.00390625
983.483	0
983.483	0
983.483	-0.00390625
983.483	-0.0078125
983.483	0
983.483	0.00195312
983.483	0.00195312
983.483	0.00585938
983.483	0.00390625
983.483	-0.00195312
983.483	0.0117188
983.483	0.00390625
983.483	0.00585938
983.483	0.00195312
983.483	0
983.483	-0.0078125
983.483	0
983.483	0.00195312
983.483	0.00195312
983.483	-0.00390625
983.483	-0.00195312
983.483	0
983.483	0.00976562
983.483	0.00585938
983.483	0.00390625
983.483	0.00390625
983.483	0.00976562
983.483	0.0078125
983.483	0.0117188
983.483	0.00195312
983.483	-0.00195312
983.483	-0.00195312
983.483	-0.00195312
983.483	0
983.483	-0.00585938
983.483	-0.00976562
983.483	0
983.483	0.0078125
983.483	-0.0078125
983.483	0.00390625
983.483	0
