1114.03	0.00976562
1114.03	-0.0195312
1114.03	0
1114.03	0.0136719
1114.03	0.00390625
1114.03	-0.00195312
1114.03	-0.0078125
1114.03	-0.00585938
1114.03	0.0078125
1114.03	-0.0136719
1114.03	0.0117188
1114.03	0.00390625
1114.03	0.00390625
1114.03	0.00390625
1114.03	0
1114.03	-0.00976562
1114.03	0.0175781
1114.03	0.00585938
1114.03	0.0136719
1114.03	-0.00390625
1114.03	-0.0214844
1114.03	0.0078125
1114.03	0.0078125
1114.03	0.0078125
1114.03	0.0078125
1114.03	-0.00390625
1114.03	-0.00585938
1114.03	-0.00976562
1114.03	-0.00195312
1114.03	-0.00195312
1114.03	-0.00976562
1114.03	0.00976562
1114.03	0.0136719
1114.03	0.00195312
1114.03	0.00585938
1114.03	0.00390625
1114.03	0.0117188
1114.03	-0.00195312
1114.03	0
1114.03	-0.00195312
1114.03	-0.00195312
1114.03	-0.0078125
1114.03	0.00390625
1114.03	-0.00195312
1114.03	-0.00195312
1114.03	-0.00195312
1114.03	0.0175781
1114.03	-0.00390625
1114.03	-0.0078125
1114.03	0.00585938
1114.03	0
1114.03	-0.00195312
1114.03	-0.00585938
1114.03	-0.00585938
1114.03	-0.015625
1114.03	-0.0078125
1114.03	0.00195312
1114.03	0.00585938
1114.03	-0.00585938
1114.03	0.00195312
1114.03	-0.00585938
1114.03	0.00195312
1114.03	0.00585938
1114.03	-0.0078125
1114.03	-0.00585938
1114.03	-0.00585938
1114.03	0.00195312
1114.03	-0.00976562
1114.03	-0.00390625
1114.03	-0.00390625
1114.03	-0.00585938
1114.03	-0.00585938
1114.03	-0.0078125
1114.03	0.00195312
1114.03	-0.00390625
1114.03	-0.00195312
1114.03	0.00195312
1114.03	0.00195312
1114.03	0.00585938
1114.03	-0.00585938
1114.03	-0.0078125
1114.03	-0.00976562
1114.03	-0.00585938
1114.03	0.0078125
1114.03	0.00195312
1114.03	-0.0175781
1114.03	-0.0078125
1114.03	0.015625
1114.03	0.00195312
1114.03	0.00585938
1114.03	0.0117188
1114.03	-0.00585938
1114.03	0.00390625
1114.03	-0.00585938
1114.03	0.00390625
1114.03	0.0078125
1114.03	0.00195312
1114.03	-0.0136719
1114.03	0.00390625
1114.03	0.00195312
