1549.2	-0.0078125
1549.2	-0.0371094
1549.2	-0.0234375
1549.2	-0.0214844
1549.2	-0.0234375
1549.2	0.0332031
1549.2	0.0136719
1549.2	-0.0117188
1549.2	0.015625
1549.2	0.0488281
1549.2	-0.0117188
1549.2	0.0175781
1549.2	-0.0195312
1549.2	0.0214844
1549.2	0.03125
1549.2	0.0078125
1549.2	0.00195312
1549.2	-0.0078125
1549.2	0.0253906
1549.2	0.00976562
1549.2	0.0292969
1549.2	-0.0136719
1549.2	0.0136719
1549.2	-0.00390625
1549.2	0
1549.2	0.0175781
1549.2	-0.0117188
1549.2	0.0253906
1549.2	0.015625
1549.2	-0.00585938
1549.2	-0.015625
1549.2	0.00195312
1549.2	-0.0078125
1549.2	-0.0117188
1549.2	-0.0214844
1549.2	-0.015625
1549.2	-0.0175781
1549.2	-0.00585938
1549.2	0.0117188
1549.2	-0.03125
1549.2	-0.0117188
1549.2	-0.00195312
1549.2	0.0117188
1549.2	0.0078125
1549.2	0.0195312
1549.2	-0.00585938
1549.2	-0.0136719
1549.2	-0.00390625
1549.2	0.015625
1549.2	-0.0175781
1549.2	0.0332031
1549.2	0.00390625
1549.2	0.0273438
1549.2	0.0136719
1549.2	-0.0078125
1549.2	0
1549.2	-0.0195312
1549.2	0.00585938
1549.2	0.015625
1549.2	0
1549.2	0.0234375
1549.2	-0.0175781
1549.2	-0.0273438
1549.2	0.00390625
1549.2	-0.00195312
1549.2	-0.00390625
1549.2	0.00390625
1549.2	-0.0332031
1549.2	-0.015625
1549.2	0.0078125
1549.2	-0.0214844
1549.2	-0.015625
1549.2	0.015625
1549.2	-0.0273438
1549.2	0.0195312
1549.2	-0.0175781
1549.2	-0.0234375
1549.2	-0.03125
1549.2	0.015625
1549.2	0.00976562
1549.2	0.0292969
1549.2	0.00585938
1549.2	-0.0195312
1549.2	0.0078125
1549.2	0.0136719
1549.2	-0.0351562
1549.2	0.00585938
1549.2	0.0136719
1549.2	0.00195312
1549.2	-0.015625
1549.2	-0.0175781
1549.2	-0.0175781
1549.2	-0.0078125
1549.2	-0.00585938
1549.2	0.0214844
1549.2	0.0117188
1549.2	0.0214844
1549.2	-0.00390625
1549.2	0.00390625
1549.2	-0.00390625
