1009.59	0.0332031
1009.59	-0.0234375
1009.59	-0.0371094
1009.59	-0.00390625
1009.59	0.0136719
1009.59	0.0078125
1009.59	0
1009.59	0.0117188
1009.59	-0.0214844
1009.59	-0.0078125
1009.59	-0.0117188
1009.59	-0.0117188
1009.59	-0.015625
1009.59	-0.00195312
1009.59	0.00195312
1009.59	0.0078125
1009.59	0
1009.59	0
1009.59	-0.0175781
1009.59	0.015625
1009.59	0.00585938
1009.59	0
1009.59	0.0078125
1009.59	0.0117188
1009.59	0.00585938
1009.59	0.00390625
1009.59	-0.00390625
1009.59	-0.00390625
1009.59	0.00195312
1009.59	0
1009.59	-0.0117188
1009.59	-0.0117188
1009.59	-0.00390625
1009.59	0.00195312
1009.59	0.0117188
1009.59	0.00976562
1009.59	0.00390625
1009.59	-0.0117188
1009.59	0
1009.59	0.00585938
1009.59	-0.0175781
1009.59	-0.0136719
1009.59	0.0078125
1009.59	0.00585938
1009.59	0
1009.59	0.00976562
1009.59	0.0078125
1009.59	-0.0214844
1009.59	-0.015625
1009.59	-0.00976562
1009.59	0.00195312
1009.59	0
1009.59	0.0078125
1009.59	0.0078125
1009.59	0
1009.59	0.0078125
1009.59	0.00390625
1009.59	-0.0195312
1009.59	-0.0078125
1009.59	0.00195312
1009.59	-0.0195312
1009.59	0.0117188
1009.59	-0.00195312
1009.59	0.015625
1009.59	0.00390625
1009.59	0
1009.59	0.00390625
1009.59	0
1009.59	0.0078125
1009.59	-0.0175781
1009.59	-0.00585938
1009.59	-0.0136719
1009.59	0.00976562
1009.59	-0.0078125
1009.59	0.00585938
1009.59	0.00390625
1009.59	-0.0195312
1009.59	-0.0078125
1009.59	0.0175781
1009.59	-0.0078125
1009.59	-0.0136719
1009.59	0.0117188
1009.59	0.0136719
1009.59	-0.00195312
1009.59	0.00976562
1009.59	0.00390625
1009.59	-0.015625
1009.59	-0.00585938
1009.59	-0.0078125
1009.59	-0.00195312
1009.59	-0.0136719
1009.59	-0.0175781
1009.59	-0.00390625
1009.59	0.00195312
1009.59	0
1009.59	-0.00976562
1009.59	-0.00976562
1009.59	-0.00390625
1009.59	-0.00585938
1009.59	-0.00390625
