1662.35	0.03125
1662.35	0.0253906
1662.35	0
1662.35	-0.00976562
1662.35	0.00195312
1662.35	-0.0273438
1662.35	0.0078125
1662.35	0.0136719
1662.35	-0.00195312
1662.35	-0.0214844
1662.35	-0.015625
1662.35	0.0078125
1662.35	0.0195312
1662.35	0.00585938
1662.35	-0.00195312
1662.35	0.0195312
1662.35	-0.015625
1662.35	-0.00195312
1662.35	0.015625
1662.35	-0.0195312
1662.35	-0.0175781
1662.35	-0.0234375
1662.35	-0.00195312
1662.35	0.0273438
1662.35	0.00390625
1662.35	0.015625
1662.35	0.00976562
1662.35	0.0234375
1662.35	0.00195312
1662.35	0.0175781
1662.35	0.0175781
1662.35	-0.00585938
1662.35	-0.015625
1662.35	0.00390625
1662.35	0.00195312
1662.35	0.0195312
1662.35	-0.00585938
1662.35	0.00390625
1662.35	-0.00195312
1662.35	-0.0078125
1662.35	-0.0214844
1662.35	-0.0253906
1662.35	-0.0175781
1662.35	-0.00976562
1662.35	-0.00195312
1662.35	-0.00585938
1662.35	-0.0195312
1662.35	-0.0292969
1662.35	-0.0117188
1662.35	0.0449219
1662.35	0.0078125
1662.35	-0.00585938
1662.35	-0.046875
1662.35	-0.0078125
1662.35	-0.00195312
1662.35	0.0136719
1662.35	0.0078125
1662.35	-0.0136719
1662.35	-0.0136719
1662.35	-0.00195312
1662.35	-0.00585938
1662.35	0.0078125
1662.35	0.0078125
1662.35	0.0292969
1662.35	-0.0117188
1662.35	-0.00195312
1662.35	-0.00585938
1662.35	-0.0371094
1662.35	-0.0234375
1662.35	0.00195312
1662.35	0.0078125
1662.35	0.00390625
1662.35	-0.0078125
1662.35	-0.0136719
1662.35	0.0078125
1662.35	0.00976562
1662.35	-0.0234375
1662.35	-0.0078125
1662.35	-0.0214844
1662.35	0.0117188
1662.35	-0.015625
1662.35	-0.00195312
1662.35	0.0214844
1662.35	-0.0195312
1662.35	-0.03125
1662.35	-0.0234375
1662.35	-0.0234375
1662.35	-0.03125
1662.35	0.00585938
1662.35	-0.0234375
1662.35	0.0371094
1662.35	0.0214844
1662.35	0.0078125
1662.35	0.00195312
1662.35	0.0234375
1662.35	0.00390625
1662.35	0.00585938
1662.35	-0.0273438
1662.35	-0.0214844
1662.35	0.03125
