974.78	0.0195312
974.78	0.00585938
974.78	0.0214844
974.78	-0.00976562
974.78	0.00390625
974.78	-0.0117188
974.78	0.0195312
974.78	-0.00195312
974.78	0.015625
974.78	0.0175781
974.78	0.00585938
974.78	0
974.78	0.00585938
974.78	0.0136719
974.78	0.0117188
974.78	-0.0078125
974.78	-0.0195312
974.78	0.00390625
974.78	-0.00390625
974.78	0.00976562
974.78	-0.00585938
974.78	0.00585938
974.78	-0.00390625
974.78	-0.00390625
974.78	-0.00976562
974.78	0.00390625
974.78	0.00390625
974.78	-0.00390625
974.78	0.00585938
974.78	0
974.78	-0.00585938
974.78	0.0117188
974.78	-0.00390625
974.78	-0.00585938
974.78	0.0136719
974.78	0.0078125
974.78	-0.00195312
974.78	-0.00195312
974.78	0.00585938
974.78	0.00585938
974.78	0.00585938
974.78	0.00195312
974.78	-0.00390625
974.78	-0.00585938
974.78	-0.0214844
974.78	0.00195312
974.78	-0.00976562
974.78	0.00390625
974.78	-0.00195312
974.78	-0.0117188
974.78	-0.0078125
974.78	-0.00585938
974.78	0.00195312
974.78	0.00585938
974.78	-0.0078125
974.78	0
974.78	0.00976562
974.78	0.00585938
974.78	0.00585938
974.78	-0.0234375
974.78	-0.0078125
974.78	0.00195312
974.78	-0.00976562
974.78	-0.00585938
974.78	-0.0117188
974.78	-0.00390625
974.78	0.00195312
974.78	0.00195312
974.78	0.00195312
974.78	0.00976562
974.78	-0.00390625
974.78	0.00390625
974.78	0.00195312
974.78	0.0175781
974.78	0.00195312
974.78	-0.00585938
974.78	0.00195312
974.78	-0.0136719
974.78	0.00195312
974.78	-0.0117188
974.78	0.00976562
974.78	0.00585938
974.78	-0.00195312
974.78	0.0136719
974.78	0.00585938
974.78	0.0078125
974.78	0.00195312
974.78	-0.00390625
974.78	0.0117188
974.78	-0.00390625
974.78	0.00976562
974.78	-0.00195312
974.78	-0.0136719
974.78	0.0117188
974.78	0
974.78	-0.0078125
974.78	-0.0214844
974.78	-0.0117188
974.78	-0.00976562
974.78	0.00390625
