1279.4	-0.00195312
1279.4	-0.0292969
1279.4	0.0195312
1279.4	0.00390625
1279.4	0.0078125
1279.4	0.0273438
1279.4	-0.0273438
1279.4	-0.0117188
1279.4	0.015625
1279.4	0
1279.4	0.00976562
1279.4	0.0195312
1279.4	-0.00585938
1279.4	0.00976562
1279.4	0.00976562
1279.4	0.0332031
1279.4	-0.0214844
1279.4	0.0195312
1279.4	0.0117188
1279.4	0.00585938
1279.4	0.00195312
1279.4	0.0078125
1279.4	0.00585938
1279.4	-0.00195312
1279.4	0.00390625
1279.4	0.015625
1279.4	0.00976562
1279.4	-0.00585938
1279.4	0.0253906
1279.4	-0.015625
1279.4	-0.0078125
1279.4	0.00390625
1279.4	-0.0175781
1279.4	-0.015625
1279.4	0
1279.4	-0.015625
1279.4	0.00390625
1279.4	-0.00390625
1279.4	-0.0351562
1279.4	-0.00390625
1279.4	-0.0117188
1279.4	-0.015625
1279.4	0.0078125
1279.4	-0.00976562
1279.4	0.00195312
1279.4	0.00976562
1279.4	0.015625
1279.4	0.0078125
1279.4	-0.015625
1279.4	-0.015625
1279.4	-0.0078125
1279.4	0.00976562
1279.4	0.00976562
1279.4	0.0175781
1279.4	-0.0234375
1279.4	0.00585938
1279.4	-0.00585938
1279.4	-0.00585938
1279.4	0.00195312
1279.4	0.00195312
1279.4	0
1279.4	-0.0234375
1279.4	0.00976562
1279.4	-0.00585938
1279.4	0.00976562
1279.4	0.0078125
1279.4	-0.00585938
1279.4	0
1279.4	0.0175781
1279.4	0.0117188
1279.4	-0.00195312
1279.4	0.0078125
1279.4	0
1279.4	-0.00195312
1279.4	0.00390625
1279.4	0.00390625
1279.4	-0.0429688
1279.4	-0.0078125
1279.4	-0.0136719
1279.4	-0.0175781
1279.4	0.0136719
1279.4	-0.00195312
1279.4	0.0117188
1279.4	-0.0136719
1279.4	-0.00585938
1279.4	-0.0136719
1279.4	0.015625
1279.4	-0.00585938
1279.4	-0.0234375
1279.4	-0.0078125
1279.4	0.00195312
1279.4	0.00390625
1279.4	0.00390625
1279.4	-0.0078125
1279.4	-0.0175781
1279.4	0.0136719
1279.4	0.0253906
1279.4	-0.00585938
1279.4	-0.00976562
1279.4	-0.00390625
