1044.41	0.0195312
1044.41	-0.0117188
1044.41	0.00585938
1044.41	0.0175781
1044.41	-0.00390625
1044.41	0.0078125
1044.41	-0.00976562
1044.41	-0.0136719
1044.41	-0.00976562
1044.41	-0.0078125
1044.41	-0.0253906
1044.41	0.00390625
1044.41	-0.00390625
1044.41	-0.00585938
1044.41	0.00390625
1044.41	0.00585938
1044.41	-0.0175781
1044.41	-0.00195312
1044.41	-0.00585938
1044.41	0.00585938
1044.41	-0.0117188
1044.41	0
1044.41	-0.0078125
1044.41	0.03125
1044.41	0.00585938
1044.41	-0.0117188
1044.41	-0.00976562
1044.41	0.00390625
1044.41	0.0117188
1044.41	0.00585938
1044.41	-0.0078125
1044.41	0.00390625
1044.41	0
1044.41	-0.00195312
1044.41	0.00976562
1044.41	-0.00390625
1044.41	0
1044.41	-0.0078125
1044.41	-0.00976562
1044.41	-0.0195312
1044.41	-0.00585938
1044.41	0.00585938
1044.41	0
1044.41	-0.00585938
1044.41	0.00390625
1044.41	0.00585938
1044.41	-0.00976562
1044.41	-0.0078125
1044.41	-0.00195312
1044.41	-0.0078125
1044.41	-0.00195312
1044.41	-0.00585938
1044.41	0.00585938
1044.41	0.00976562
1044.41	0.00195312
1044.41	0.00390625
1044.41	0
1044.41	0.00976562
1044.41	0.0136719
1044.41	0.00390625
1044.41	-0.00585938
1044.41	0.00976562
1044.41	0
1044.41	0.00195312
1044.41	0.0253906
1044.41	0.0136719
1044.41	-0.00976562
1044.41	0.0117188
1044.41	0.00390625
1044.41	0.00390625
1044.41	-0.0214844
1044.41	-0.0136719
1044.41	-0.0136719
1044.41	0.00585938
1044.41	-0.0117188
1044.41	-0.00195312
1044.41	0.0078125
1044.41	0
1044.41	-0.0234375
1044.41	0.00585938
1044.41	0.00585938
1044.41	-0.00390625
1044.41	-0.00585938
1044.41	0.0117188
1044.41	0
1044.41	0.0117188
1044.41	0.0136719
1044.41	0.00390625
1044.41	-0.00585938
1044.41	-0.00195312
1044.41	0.0078125
1044.41	0
1044.41	-0.0117188
1044.41	0.00976562
1044.41	-0.00195312
1044.41	0.00195312
1044.41	0
1044.41	-0.00976562
1044.41	-0.00390625
1044.41	-0.0078125
