1436.06	0.046875
1436.06	0.0273438
1436.06	0.0273438
1436.06	0.0273438
1436.06	-0.0117188
1436.06	0.0371094
1436.06	0.0195312
1436.06	0.00390625
1436.06	0.0273438
1436.06	-0.00390625
1436.06	0.0078125
1436.06	-0.0195312
1436.06	0.0078125
1436.06	0.0175781
1436.06	0.015625
1436.06	0.015625
1436.06	0
1436.06	-0.00585938
1436.06	-0.0175781
1436.06	0.00976562
1436.06	0.00976562
1436.06	-0.0175781
1436.06	0.0078125
1436.06	0.00390625
1436.06	0.0253906
1436.06	0.00390625
1436.06	-0.0175781
1436.06	0.0175781
1436.06	0.0253906
1436.06	-0.0078125
1436.06	0.0078125
1436.06	-0.00390625
1436.06	-0.00976562
1436.06	0.0175781
1436.06	-0.0292969
1436.06	-0.0175781
1436.06	0.0078125
1436.06	-0.00195312
1436.06	-0.00585938
1436.06	-0.00976562
1436.06	-0.0078125
1436.06	-0.00390625
1436.06	0.0136719
1436.06	0.0078125
1436.06	-0.00390625
1436.06	-0.00585938
1436.06	0.00195312
1436.06	-0.00976562
1436.06	-0.0078125
1436.06	0.0078125
1436.06	0.00976562
1436.06	0
1436.06	-0.00390625
1436.06	-0.0175781
1436.06	-0.00976562
1436.06	0.00585938
1436.06	-0.0273438
1436.06	0.00195312
1436.06	0
1436.06	0.0234375
1436.06	0.00195312
1436.06	0
1436.06	0.0078125
1436.06	0.0332031
1436.06	-0.00390625
1436.06	-0.015625
1436.06	0.0136719
1436.06	0.0136719
1436.06	0.0117188
1436.06	0.0292969
1436.06	0.00390625
1436.06	0
1436.06	0
1436.06	0.00195312
1436.06	-0.0117188
1436.06	0.00976562
1436.06	0
1436.06	-0.00195312
1436.06	0.00976562
1436.06	0.0175781
1436.06	0.00585938
1436.06	0.00585938
1436.06	0
1436.06	-0.00390625
1436.06	0.0078125
1436.06	0.0214844
1436.06	0.015625
1436.06	-0.0136719
1436.06	-0.0078125
1436.06	-0.00585938
1436.06	0.0117188
1436.06	0
1436.06	0.00976562
1436.06	0.0195312
1436.06	-0.0175781
1436.06	0
1436.06	-0.0195312
1436.06	0.00585938
1436.06	-0.00976562
1436.06	-0.0195312
