896.449	0.015625
896.449	0.00585938
896.449	-0.0078125
896.449	-0.00195312
896.449	-0.00390625
896.449	-0.0234375
896.449	-0.0117188
896.449	0
896.449	0.0117188
896.449	-0.00585938
896.449	0.0175781
896.449	0.0195312
896.449	0.0136719
896.449	0.0136719
896.449	-0.0136719
896.449	-0.0195312
896.449	-0.0117188
896.449	-0.00390625
896.449	0.00195312
896.449	0.0195312
896.449	0.00585938
896.449	0.0078125
896.449	-0.00976562
896.449	0.00390625
896.449	0.0136719
896.449	-0.015625
896.449	-0.00585938
896.449	0.0117188
896.449	-0.00195312
896.449	-0.00195312
896.449	0.0117188
896.449	0.00976562
896.449	-0.00195312
896.449	0.00585938
896.449	-0.0078125
896.449	-0.0117188
896.449	-0.0175781
896.449	-0.00195312
896.449	-0.00585938
896.449	-0.00585938
896.449	0.00195312
896.449	-0.0078125
896.449	0.00585938
896.449	0.00390625
896.449	0.00976562
896.449	0.00976562
896.449	-0.00585938
896.449	-0.00195312
896.449	-0.00390625
896.449	-0.00585938
896.449	0.00195312
896.449	-0.00195312
896.449	0.00390625
896.449	0.0078125
896.449	-0.00585938
896.449	-0.00976562
896.449	0.00195312
896.449	-0.00585938
896.449	0.00585938
896.449	-0.00195312
896.449	0.0078125
896.449	-0.00195312
896.449	-0.00585938
896.449	0.00195312
896.449	0.00195312
896.449	-0.0078125
896.449	0
896.449	-0.00585938
896.449	-0.00976562
896.449	0.00976562
896.449	-0.00390625
896.449	0.00585938
896.449	-0.00585938
896.449	-0.00585938
896.449	-0.00390625
896.449	0.0078125
896.449	0.0117188
896.449	0.00195312
896.449	-0.00585938
896.449	-0.00390625
896.449	0
896.449	-0.0136719
896.449	0.00585938
896.449	0.0078125
896.449	-0.00585938
896.449	-0.00390625
896.449	-0.015625
896.449	-0.0078125
896.449	0.0117188
896.449	-0.00195312
896.449	0.00390625
896.449	0.0078125
896.449	0.0078125
896.449	-0.0078125
896.449	-0.00390625
896.449	0
896.449	0.00195312
896.449	0.00390625
896.449	-0.0078125
896.449	-0.00585938
