1618.83	0.03125
1618.83	0.00390625
1618.83	-0.00195312
1618.83	0
1618.83	-0.0078125
1618.83	0.00976562
1618.83	-0.0214844
1618.83	-0.015625
1618.83	-0.00976562
1618.83	0.0429688
1618.83	0.0332031
1618.83	0.00976562
1618.83	-0.0078125
1618.83	0.0292969
1618.83	-0.0136719
1618.83	-0.00585938
1618.83	-0.00390625
1618.83	-0.0234375
1618.83	-0.0195312
1618.83	-0.00976562
1618.83	-0.0195312
1618.83	0.0136719
1618.83	0.00585938
1618.83	0.00585938
1618.83	0.00195312
1618.83	-0.0117188
1618.83	-0.00195312
1618.83	0.0195312
1618.83	-0.0175781
1618.83	0.0078125
1618.83	0.03125
1618.83	-0.0117188
1618.83	-0.00585938
1618.83	-0.00195312
1618.83	-0.0078125
1618.83	-0.0136719
1618.83	-0.00585938
1618.83	-0.0195312
1618.83	0.0273438
1618.83	0
1618.83	0.0136719
1618.83	0.0214844
1618.83	-0.0136719
1618.83	0.00585938
1618.83	-0.00976562
1618.83	-0.0195312
1618.83	0.0136719
1618.83	0.00195312
1618.83	0.0390625
1618.83	-0.00585938
1618.83	-0.00195312
1618.83	-0.0078125
1618.83	-0.0136719
1618.83	-0.0117188
1618.83	-0.0117188
1618.83	-0.0175781
1618.83	0.00195312
1618.83	0.015625
1618.83	0.0351562
1618.83	-0.00195312
1618.83	-0.0136719
1618.83	-0.00585938
1618.83	0.0449219
1618.83	-0.0351562
1618.83	0
1618.83	-0.0175781
1618.83	-0.0292969
1618.83	-0.0117188
1618.83	0.0175781
1618.83	-0.0625
1618.83	-0.015625
1618.83	0
1618.83	-0.0117188
1618.83	-0.0390625
1618.83	0.0292969
1618.83	-0.0292969
1618.83	0.0117188
1618.83	0.0195312
1618.83	-0.0371094
1618.83	0
1618.83	-0.00585938
1618.83	-0.0078125
1618.83	-0.0332031
1618.83	0.0136719
1618.83	0.00195312
1618.83	0.0175781
1618.83	0.0078125
1618.83	0.0117188
1618.83	-0.0195312
1618.83	0.00585938
1618.83	0.00976562
1618.83	0.0078125
1618.83	-0.00976562
1618.83	-0.0273438
1618.83	0.0078125
1618.83	0.0195312
1618.83	-0.0332031
1618.83	0.0175781
1618.83	0.0078125
1618.83	-0.015625
