1731.97	0.0136719
1731.97	-0.015625
1731.97	0.0234375
1731.97	0.0195312
1731.97	0.00390625
1731.97	0.0351562
1731.97	0.0332031
1731.97	0.0390625
1731.97	-0.0507812
1731.97	-0.0195312
1731.97	0.00195312
1731.97	-0.0234375
1731.97	-0.0410156
1731.97	0.015625
1731.97	-0.0273438
1731.97	0.00585938
1731.97	0.00976562
1731.97	0.0253906
1731.97	0.0214844
1731.97	-0.0078125
1731.97	0.0175781
1731.97	-0.00390625
1731.97	-0.0136719
1731.97	-0.0273438
1731.97	0.00976562
1731.97	0
1731.97	0
1731.97	-0.015625
1731.97	-0.0195312
1731.97	-0.0175781
1731.97	-0.00390625
1731.97	-0.0078125
1731.97	-0.015625
1731.97	-0.0078125
1731.97	0.00195312
1731.97	-0.0234375
1731.97	-0.0078125
1731.97	-0.0078125
1731.97	-0.0117188
1731.97	0.00390625
1731.97	0.00390625
1731.97	-0.0214844
1731.97	-0.00390625
1731.97	-0.00390625
1731.97	-0.00195312
1731.97	-0.00976562
1731.97	-0.00195312
1731.97	-0.00976562
1731.97	0.00585938
1731.97	-0.00195312
1731.97	0.0253906
1731.97	0.00976562
1731.97	-0.0117188
1731.97	-0.00390625
1731.97	0.0292969
1731.97	-0.00195312
1731.97	0.00976562
1731.97	-0.00390625
1731.97	-0.00390625
1731.97	0.0214844
1731.97	-0.0253906
1731.97	-0.0234375
1731.97	0.00195312
1731.97	-0.0136719
1731.97	-0.0351562
1731.97	-0.00976562
1731.97	-0.0292969
1731.97	0
1731.97	0.0117188
1731.97	0
1731.97	-0.00195312
1731.97	-0.0117188
1731.97	0.0117188
1731.97	0.00195312
1731.97	-0.0371094
1731.97	0
1731.97	0.0078125
1731.97	-0.015625
1731.97	0.00390625
1731.97	0.015625
1731.97	0.0234375
1731.97	-0.0078125
1731.97	-0.0214844
1731.97	-0.0117188
1731.97	0.00195312
1731.97	-0.0234375
1731.97	-0.00585938
1731.97	0.0078125
1731.97	0.0214844
1731.97	0.00585938
1731.97	0.0390625
1731.97	0
1731.97	-0.0136719
1731.97	-0.00195312
1731.97	-0.00585938
1731.97	0.00976562
1731.97	-0.0117188
1731.97	-0.0371094
1731.97	-0.0117188
1731.97	-0.00195312
