1566.61	0.0214844
1566.61	0.0136719
1566.61	-0.0234375
1566.61	0.00390625
1566.61	-0.00195312
1566.61	0.0195312
1566.61	-0.00195312
1566.61	-0.0078125
1566.61	-0.0292969
1566.61	-0.0214844
1566.61	0.0175781
1566.61	-0.00390625
1566.61	-0.015625
1566.61	0.0253906
1566.61	0.0136719
1566.61	-0.0214844
1566.61	-0.00195312
1566.61	0
1566.61	-0.00390625
1566.61	0.0078125
1566.61	0.0136719
1566.61	0.00390625
1566.61	0.00390625
1566.61	-0.00390625
1566.61	-0.00976562
1566.61	-0.0214844
1566.61	-0.00585938
1566.61	0.0136719
1566.61	-0.0253906
1566.61	-0.0078125
1566.61	-0.0136719
1566.61	-0.00195312
1566.61	0.0136719
1566.61	0.00195312
1566.61	-0.0351562
1566.61	0.0136719
1566.61	0.0078125
1566.61	-0.00195312
1566.61	-0.0117188
1566.61	0.00390625
1566.61	-0.0292969
1566.61	0.00585938
1566.61	0.0195312
1566.61	0.00195312
1566.61	-0.0332031
1566.61	0
1566.61	0.00390625
1566.61	-0.0214844
1566.61	0.015625
1566.61	0
1566.61	-0.0117188
1566.61	0.0117188
1566.61	-0.0117188
1566.61	-0.0214844
1566.61	-0.0117188
1566.61	-0.0117188
1566.61	-0.015625
1566.61	-0.0175781
1566.61	-0.00976562
1566.61	-0.015625
1566.61	0.0117188
1566.61	0.0273438
1566.61	-0.00585938
1566.61	-0.0117188
1566.61	-0.0273438
1566.61	-0.0351562
1566.61	-0.0273438
1566.61	0.0078125
1566.61	0.0175781
1566.61	-0.0078125
1566.61	-0.00976562
1566.61	0.0292969
1566.61	0.0117188
1566.61	0.0371094
1566.61	0.015625
1566.61	0.00585938
1566.61	0.00585938
1566.61	0.015625
1566.61	0.00195312
1566.61	-0.0117188
1566.61	0.0332031
1566.61	-0.0253906
1566.61	0.03125
1566.61	-0.00976562
1566.61	-0.00390625
1566.61	-0.0234375
1566.61	0.015625
1566.61	0.0253906
1566.61	0.00390625
1566.61	0.0234375
1566.61	-0.0078125
1566.61	-0.0117188
1566.61	-0.00195312
1566.61	0.0175781
1566.61	0.00585938
1566.61	-0.00195312
1566.61	0.015625
1566.61	0.0234375
1566.61	0.00585938
1566.61	0.0078125
