870.339	0.0507812
870.339	0.0175781
870.339	-0.00195312
870.339	-0.00390625
870.339	-0.00585938
870.339	0.0078125
870.339	0.0078125
870.339	0.0117188
870.339	0
870.339	-0.00195312
870.339	-0.0117188
870.339	-0.00976562
870.339	0.00585938
870.339	-0.00585938
870.339	-0.00585938
870.339	0.00390625
870.339	-0.00390625
870.339	-0.00390625
870.339	0.00976562
870.339	0.00195312
870.339	0
870.339	-0.00195312
870.339	-0.00976562
870.339	0.0175781
870.339	-0.0136719
870.339	-0.0175781
870.339	-0.00585938
870.339	-0.00195312
870.339	0.0078125
870.339	-0.00195312
870.339	-0.0078125
870.339	-0.00390625
870.339	0.00976562
870.339	0.00585938
870.339	0.0214844
870.339	-0.00390625
870.339	0.00195312
870.339	-0.00390625
870.339	-0.00390625
870.339	0.00585938
870.339	0
870.339	-0.00976562
870.339	0
870.339	0.00195312
870.339	0
870.339	0.00195312
870.339	0.00585938
870.339	0.00195312
870.339	0.00390625
870.339	-0.00585938
870.339	0.00390625
870.339	-0.00585938
870.339	-0.00195312
870.339	0.00390625
870.339	0.0078125
870.339	-0.00976562
870.339	-0.00976562
870.339	-0.00585938
870.339	0.00195312
870.339	0
870.339	-0.0078125
870.339	-0.00976562
870.339	0.00390625
870.339	-0.00585938
870.339	0.00390625
870.339	-0.00195312
870.339	0.00390625
870.339	0
870.339	-0.0175781
870.339	0
870.339	0.00585938
870.339	0.0175781
870.339	0
870.339	0.00195312
870.339	0.00195312
870.339	-0.00390625
870.339	-0.00585938
870.339	0
870.339	0.00390625
870.339	-0.00195312
870.339	-0.00195312
870.339	0.00585938
870.339	-0.00195312
870.339	0
870.339	-0.00195312
870.339	0.00195312
870.339	0.00195312
870.339	0.00390625
870.339	-0.0078125
870.339	-0.00195312
870.339	-0.00390625
870.339	0.0078125
870.339	-0.00195312
870.339	0.00195312
870.339	0.00585938
870.339	-0.00976562
870.339	0.00390625
870.339	-0.00195312
870.339	-0.0136719
870.339	-0.00195312
