1697.16	0.0664062
1697.16	0.00976562
1697.16	-0.00195312
1697.16	0.0410156
1697.16	-0.0078125
1697.16	-0.00390625
1697.16	-0.0195312
1697.16	0.0078125
1697.16	-0.0175781
1697.16	0.00585938
1697.16	-0.0234375
1697.16	0.00195312
1697.16	0.0175781
1697.16	-0.0078125
1697.16	0.00390625
1697.16	-0.0136719
1697.16	0
1697.16	0
1697.16	-0.00195312
1697.16	0.0253906
1697.16	0.00195312
1697.16	0.0078125
1697.16	-0.0078125
1697.16	-0.0234375
1697.16	0.00976562
1697.16	0.00390625
1697.16	-0.0078125
1697.16	0.0214844
1697.16	0.0136719
1697.16	-0.015625
1697.16	0.0117188
1697.16	-0.00390625
1697.16	0.0449219
1697.16	-0.0253906
1697.16	-0.0253906
1697.16	-0.00585938
1697.16	0.0390625
1697.16	-0.00195312
1697.16	0.0175781
1697.16	-0.00390625
1697.16	0.00195312
1697.16	0.0195312
1697.16	0.00976562
1697.16	0.0136719
1697.16	0.0136719
1697.16	0.0234375
1697.16	0.00195312
1697.16	-0.00195312
1697.16	-0.0234375
1697.16	-0.0332031
1697.16	-0.0253906
1697.16	0.0273438
1697.16	0.00585938
1697.16	0.0253906
1697.16	0.0136719
1697.16	-0.015625
1697.16	0.0117188
1697.16	-0.0195312
1697.16	0.00390625
1697.16	0.00195312
1697.16	-0.0195312
1697.16	0.0195312
1697.16	0.0078125
1697.16	-0.0117188
1697.16	0.0078125
1697.16	0
1697.16	-0.0078125
1697.16	-0.00195312
1697.16	0.0175781
1697.16	-0.00390625
1697.16	0.0195312
1697.16	-0.015625
1697.16	0.00390625
1697.16	0.00390625
1697.16	-0.0078125
1697.16	-0.00195312
1697.16	0.0078125
1697.16	0.00390625
1697.16	0.0175781
1697.16	0.0410156
1697.16	-0.0214844
1697.16	-0.0136719
1697.16	0.00585938
1697.16	0.0117188
1697.16	0.0175781
1697.16	0.0175781
1697.16	0.00976562
1697.16	0.015625
1697.16	0
1697.16	0.00976562
1697.16	-0.015625
1697.16	0.0234375
1697.16	0.0136719
1697.16	-0.0214844
1697.16	-0.00585938
1697.16	0.00585938
1697.16	0.0175781
1697.16	-0.0136719
1697.16	-0.0234375
1697.16	0.0175781
