1201.07	0
1201.07	0.0253906
1201.07	-0.015625
1201.07	-0.00390625
1201.07	0.0175781
1201.07	0.0117188
1201.07	-0.0390625
1201.07	-0.0136719
1201.07	0
1201.07	-0.0136719
1201.07	0.00585938
1201.07	-0.0117188
1201.07	-0.0273438
1201.07	0.0136719
1201.07	-0.0195312
1201.07	-0.00585938
1201.07	-0.00195312
1201.07	-0.0234375
1201.07	0.00976562
1201.07	0.0136719
1201.07	0
1201.07	0.00585938
1201.07	0.0136719
1201.07	0.0175781
1201.07	-0.0214844
1201.07	0
1201.07	-0.00390625
1201.07	-0.00585938
1201.07	-0.0117188
1201.07	-0.00195312
1201.07	-0.00390625
1201.07	-0.0195312
1201.07	0.00195312
1201.07	-0.0214844
1201.07	-0.00585938
1201.07	-0.0078125
1201.07	-0.015625
1201.07	0.0195312
1201.07	-0.0078125
1201.07	0.0136719
1201.07	0
1201.07	0.00976562
1201.07	-0.00390625
1201.07	-0.0078125
1201.07	-0.0117188
1201.07	0.00390625
1201.07	-0.0078125
1201.07	-0.0136719
1201.07	-0.0117188
1201.07	-0.00195312
1201.07	0.00390625
1201.07	0.00585938
1201.07	0.00976562
1201.07	0
1201.07	0
1201.07	-0.0117188
1201.07	0.00976562
1201.07	0.00195312
1201.07	0.00195312
1201.07	0.00390625
1201.07	-0.0078125
1201.07	0
1201.07	0
1201.07	0.00390625
1201.07	0
1201.07	-0.0117188
1201.07	0.0117188
1201.07	0.00976562
1201.07	-0.0078125
1201.07	-0.00390625
1201.07	0.00976562
1201.07	0.00195312
1201.07	-0.00390625
1201.07	-0.015625
1201.07	-0.0175781
1201.07	-0.00976562
1201.07	-0.0253906
1201.07	-0.015625
1201.07	0.0273438
1201.07	0.0234375
1201.07	0.00976562
1201.07	0.00195312
1201.07	-0.0195312
1201.07	0.00585938
1201.07	0.0136719
1201.07	0.00585938
1201.07	0.0136719
1201.07	0.00585938
1201.07	-0.0117188
1201.07	0.00195312
1201.07	0.0117188
1201.07	0.0195312
1201.07	-0.00195312
1201.07	0
1201.07	0.0214844
1201.07	0.00390625
1201.07	-0.00195312
1201.07	0.0214844
1201.07	0.00195312
1201.07	0.00195312
