1496.98	0.0078125
1496.98	-0.0136719
1496.98	-0.0078125
1496.98	-0.00195312
1496.98	-0.0214844
1496.98	0.015625
1496.98	0.0195312
1496.98	-0.0253906
1496.98	0.0175781
1496.98	0.00585938
1496.98	-0.00585938
1496.98	-0.00976562
1496.98	-0.00585938
1496.98	0.00195312
1496.98	0.00390625
1496.98	-0.0117188
1496.98	-0.0175781
1496.98	0.0078125
1496.98	-0.0078125
1496.98	-0.0175781
1496.98	-0.0117188
1496.98	-0.0117188
1496.98	0.0195312
1496.98	-0.0332031
1496.98	0.00195312
1496.98	-0.00585938
1496.98	-0.015625
1496.98	0.0136719
1496.98	0.03125
1496.98	0
1496.98	-0.0078125
1496.98	-0.0078125
1496.98	0.00195312
1496.98	-0.0117188
1496.98	-0.0371094
1496.98	-0.00195312
1496.98	0.015625
1496.98	0.00585938
1496.98	-0.00585938
1496.98	0.0117188
1496.98	0.0273438
1496.98	-0.0117188
1496.98	0.00195312
1496.98	-0.00585938
1496.98	0
1496.98	0.0332031
1496.98	0.0253906
1496.98	-0.0410156
1496.98	-0.0136719
1496.98	-0.0195312
1496.98	0.015625
1496.98	0.00195312
1496.98	-0.0195312
1496.98	0.0234375
1496.98	0.00976562
1496.98	-0.0175781
1496.98	0
1496.98	-0.00976562
1496.98	-0.0195312
1496.98	-0.00585938
1496.98	0
1496.98	-0.0273438
1496.98	-0.0332031
1496.98	-0.00195312
1496.98	0.0214844
1496.98	-0.0078125
1496.98	-0.0078125
1496.98	0.00585938
1496.98	0.00585938
1496.98	0.00585938
1496.98	-0.0117188
1496.98	0.00390625
1496.98	0.015625
1496.98	-0.0175781
1496.98	0.0175781
1496.98	0.00585938
1496.98	0.00976562
1496.98	0.0136719
1496.98	0.0078125
1496.98	0.00390625
1496.98	-0.0078125
1496.98	0
1496.98	0
1496.98	-0.0214844
1496.98	0.0195312
1496.98	0.00195312
1496.98	0.00585938
1496.98	0.0195312
1496.98	-0.00390625
1496.98	0.0195312
1496.98	-0.0449219
1496.98	0.00976562
1496.98	0.0136719
1496.98	0.00195312
1496.98	-0.0390625
1496.98	-0.0078125
1496.98	-0.0195312
1496.98	-0.00976562
1496.98	-0.00585938
1496.98	0.015625
