0	0.287109
1	0.308594
2	0.380859
3	0.439453
4	0.455078
5	0.513672
6	0.511719
7	0.515625
8	0.541016
9	0.566406
10	0.582031
11	0.589844
12	0.601562
13	0.603516
14	0.621094
15	0.652344
16	0.664062
17	0.673828
18	0.660156
19	0.675781
20	0.716797
21	0.716797
22	0.714844
23	0.716797
24	0.71875
25	0.720703
26	0.753906
27	0.763672
28	0.767578
29	0.767578
30	0.779297
31	0.816406
32	0.828125
33	0.849609
34	0.84375
35	0.84375
36	0.869141
37	0.890625
38	0.904297
39	0.927734
40	0.9375
41	0.941406
42	0.953125
43	0.966797
44	0.976562
45	0.976562
46	0.978516
47	0.990234
48	0.990234
49	0.994141
50	0.998047
51	0.992188
52	0.996094
53	1
54	1
55	1
56	1
57	1
58	0.998047
59	1
60	1
61	1
62	1
63	0.998047
64	1
65	1
66	1
67	1
68	1
69	1
70	0.998047
71	1
72	1
73	0.998047
74	0.998047
75	0.998047
76	0.998047
77	0.996094
78	0.998047
79	0.998047
80	0.996094
81	0.996094
82	0.996094
83	1
84	1
85	0.996094
86	0.998047
87	0.998047
88	0.996094
89	0.998047
90	1
91	1
92	1
93	1
94	1
95	1
96	1
97	1
98	1
99	1
100	1
101	1
102	1
103	1
104	1
105	0.998047
106	0.998047
107	0.998047
108	1
109	1
110	0.998047
111	1
112	1
113	0.998047
114	0.998047
115	0.998047
116	1
117	1
118	0.998047
119	1
120	1
121	0.998047
122	1
123	0.998047
124	1
125	1
126	1
127	0.998047
128	0.998047
129	1
130	1
131	1
132	1
133	0.998047
134	1
135	1
136	0.998047
137	1
138	1
139	1
140	0.998047
141	0.998047
142	1
143	1
144	1
145	1
146	1
147	0.998047
148	1
149	0.998047
150	0.998047
151	1
152	0.998047
153	0.998047
154	1
155	1
156	0.998047
157	0.998047
158	1
159	1
160	1
161	1
162	1
163	1
164	1
165	1
166	0.998047
167	1
168	1
169	1
170	1
171	1
172	0.998047
173	1
174	0.998047
175	1
176	0.998047
177	1
178	1
179	0.998047
180	1
181	0.998047
182	1
183	1
184	1
185	1
186	1
187	1
188	1
189	1
190	1
191	1
192	0.998047
193	0.998047
194	1
195	1
196	1
197	0.998047
198	1
199	1
200	1
201	1
202	1
203	1
204	0.998047
205	1
206	0.998047
207	1
208	1
209	0.998047
210	1
211	1
212	1
213	1
214	1
215	1
216	1
217	1
218	0.998047
219	1
220	1
221	1
222	1
223	1
224	1
225	1
226	0.998047
227	1
228	1
229	1
230	1
231	1
232	1
233	1
234	1
235	1
236	1
237	1
238	1
239	1
240	0.998047
241	0.998047
242	1
243	1
244	0.998047
245	1
246	1
247	0.998047
248	0.998047
249	1
250	1
251	1
252	0.998047
253	1
254	1
255	1
256	1
257	1
258	1
259	1
260	0.998047
261	1
262	0.998047
263	0.996094
264	0.998047
265	1
266	1
267	1
268	1
269	1
270	1
271	0.998047
272	1
273	1
274	1
275	1
276	1
277	0.998047
278	0.998047
279	1
280	1
281	1
282	1
283	1
284	1
285	1
286	0.998047
287	0.998047
288	0.998047
289	1
290	1
291	1
292	1
293	1
294	1
295	1
296	1
297	1
298	1
299	1
300	1
301	1
302	1
303	0.998047
304	0.998047
305	0.998047
306	0.998047
307	1
308	1
309	1
310	1
311	1
312	1
313	1
314	1
315	1
316	1
317	1
318	1
319	1
320	1
321	1
322	1
323	1
324	0.998047
325	1
326	1
327	1
328	1
329	1
330	1
331	1
332	1
333	1
334	1
335	0.998047
336	0.998047
337	0.998047
338	1
339	1
340	1
341	1
342	1
343	1
344	1
345	0.998047
346	1
347	1
348	1
349	1
350	1
351	1
352	1
353	1
354	0.998047
355	0.998047
356	0.998047
357	1
358	1
359	1
360	1
361	0.998047
362	0.998047
363	0.998047
364	1
365	0.998047
366	0.998047
367	0.996094
368	0.998047
369	1
370	1
371	1
372	1
373	0.998047
374	0.998047
375	1
376	1
377	1
378	0.998047
379	1
380	1
381	1
382	1
383	1
384	1
385	0.998047
386	1
387	1
388	1
389	1
390	1
391	1
392	0.998047
393	0.998047
394	1
395	1
396	1
397	1
398	1
399	1
400	0.998047
401	0.998047
402	1
403	1
404	1
405	1
406	0.998047
407	1
408	1
409	1
410	1
411	0.998047
412	0.998047
413	0.998047
414	1
415	1
416	1
417	1
418	1
419	1
420	1
421	1
422	1
423	1
424	1
425	1
426	0.998047
427	0.998047
428	0.998047
429	0.998047
430	1
431	1
432	1
433	1
434	1
435	1
436	1
437	1
438	0.998047
439	0.998047
440	1
441	1
442	1
443	0.998047
444	0.998047
445	0.998047
446	0.998047
447	0.998047
448	1
449	0.998047
450	0.998047
451	1
452	1
453	1
454	0.998047
455	1
456	1
457	1
458	0.998047
459	1
460	0.996094
461	0.998047
462	0.998047
463	1
464	1
465	1
466	1
467	1
468	1
469	1
470	1
471	1
472	1
473	1
474	0.998047
475	0.998047
476	0.998047
477	1
478	1
479	1
480	1
481	1
482	1
483	1
484	1
485	1
486	1
487	1
488	1
489	0.998047
490	0.996094
491	0.998047
492	0.996094
493	0.998047
494	1
495	1
496	1
497	1
498	0.998047
499	0.998047
500	1
501	1
502	0.998047
503	0.998047
504	1
505	1
506	0.998047
507	0.998047
508	0.998047
509	1
510	1
511	1
512	1
513	1
514	1
515	0.998047
516	0.998047
517	0.998047
518	0.998047
519	0.998047
520	0.998047
521	0.998047
522	0.998047
523	1
524	0.996094
525	1
526	1
527	1
528	1
529	1
530	1
531	1
532	1
533	1
534	0.998047
535	1
536	1
537	1
538	1
539	1
540	0.998047
541	0.998047
542	1
543	1
544	1
545	1
546	1
547	1
548	1
549	1
550	1
551	0.998047
552	0.998047
553	0.996094
554	0.996094
555	0.998047
556	0.998047
557	0.998047
558	1
559	0.998047
560	1
561	1
562	1
563	0.998047
564	0.998047
565	1
566	1
567	1
568	0.998047
569	1
570	1
571	1
572	1
573	1
574	1
575	1
576	0.998047
577	1
578	1
579	1
580	1
581	1
582	1
583	1
584	1
585	1
586	0.998047
587	1
588	1
589	1
590	1
591	1
592	1
593	1
594	1
595	1
596	1
597	1
598	1
599	1
600	1
601	1
602	1
603	1
604	1
605	1
606	1
607	1
608	0.998047
609	1
610	1
611	1
612	1
613	1
614	1
615	1
616	1
617	1
618	1
619	1
620	1
621	1
622	1
623	1
624	1
625	1
626	1
627	1
628	0.998047
629	0.998047
630	0.998047
631	0.998047
632	1
633	0.996094
634	0.998047
635	1
636	1
637	1
638	1
639	0.998047
640	0.996094
641	1
642	1
643	1
644	0.998047
645	0.996094
646	0.996094
647	0.998047
648	0.998047
649	1
650	1
651	1
652	0.998047
653	1
654	0.998047
655	1
656	1
657	0.998047
658	1
659	1
660	1
661	1
662	1
663	1
664	0.998047
665	0.998047
666	0.998047
667	1
668	1
669	1
670	0.998047
671	1
672	1
673	1
674	1
675	1
676	1
677	1
678	1
679	1
680	1
681	1
682	1
683	0.998047
684	1
685	1
686	1
687	1
688	1
689	1
690	1
691	1
692	1
693	1
694	1
695	1
696	0.998047
697	1
698	1
699	1
700	1
701	1
702	1
703	1
704	1
705	0.998047
706	1
707	1
708	0.996094
709	1
710	1
711	1
712	1
713	1
714	1
715	1
716	1
717	1
718	0.998047
719	0.998047
720	0.998047
721	0.998047
722	1
723	1
724	0.998047
725	1
726	1
727	1
728	1
729	1
730	1
731	1
732	1
733	1
734	1
735	1
736	0.998047
737	1
738	1
739	1
740	1
741	0.996094
742	1
743	1
744	0.998047
745	0.998047
746	1
747	1
748	1
749	0.998047
750	1
751	1
752	1
753	1
754	1
755	1
756	1
757	1
758	1
759	0.998047
760	0.998047
761	0.996094
762	0.996094
763	1
764	0.998047
765	0.998047
766	1
767	0.998047
768	0.996094
769	1
770	1
771	1
772	1
773	1
774	1
775	0.998047
776	1
777	1
778	0.998047
779	0.998047
780	1
781	1
782	1
783	1
784	0.998047
785	1
786	0.998047
787	0.998047
788	1
789	0.998047
790	0.998047
791	0.996094
792	1
793	1
794	1
795	1
796	1
797	1
798	1
799	1
800	1
801	1
802	0.996094
803	0.998047
804	1
805	1
806	1
807	1
808	1
809	0.998047
810	0.998047
811	0.998047
812	0.998047
813	1
814	1
815	1
816	1
817	1
818	1
819	1
820	1
821	1
822	1
823	1
824	1
825	1
826	0.998047
827	0.998047
828	1
829	1
830	1
831	1
832	1
833	0.998047
834	0.998047
835	1
836	0.998047
837	0.998047
838	1
839	0.996094
840	0.996094
841	1
842	1
843	1
844	1
845	0.998047
846	1
847	1
848	1
849	1
850	1
851	1
852	1
853	1
854	0.998047
855	1
856	0.998047
857	1
858	1
859	1
860	1
861	1
862	0.998047
863	1
864	1
865	1
866	0.998047
867	0.998047
868	1
869	1
870	1
871	1
872	1
873	1
874	0.998047
875	0.998047
876	0.998047
877	0.998047
878	0.996094
879	1
880	1
881	1
882	1
883	1
884	1
885	0.998047
886	0.998047
887	0.998047
888	1
889	0.998047
890	0.996094
891	1
892	1
893	0.998047
894	0.998047
895	0.998047
896	0.998047
897	0.998047
898	1
899	1
900	1
901	1
902	1
903	1
904	1
905	1
906	1
907	1
908	0.998047
909	1
910	1
911	0.998047
912	0.998047
913	1
914	1
915	1
916	1
917	1
918	1
919	1
920	1
921	1
922	0.998047
923	0.998047
924	0.996094
925	0.998047
926	0.990234
927	0.998047
928	0.996094
929	1
930	1
931	1
932	1
933	0.998047
934	1
935	1
936	1
937	1
938	1
939	0.998047
940	0.998047
941	0.998047
942	0.998047
943	1
944	1
945	1
946	1
947	1
948	1
949	1
950	1
951	1
952	1
953	1
954	0.998047
955	0.998047
956	1
957	0.998047
958	1
959	0.998047
960	1
961	1
962	1
963	1
964	0.998047
965	0.998047
966	0.998047
967	1
968	1
969	0.998047
970	0.998047
971	1
972	0.998047
973	0.998047
974	0.998047
975	0.998047
976	1
977	0.998047
978	0.996094
979	1
980	1
981	1
982	1
983	1
984	1
985	0.998047
986	0.998047
987	0.998047
988	0.992188
989	0.998047
990	0.998047
991	0.994141
992	1
993	1
994	1
995	1
996	1
997	0.998047
998	0.998047
999	1
1000	0.998047
1001	1
1002	1
1003	1
1004	0.998047
1005	0.998047
1006	1
1007	1
1008	1
1009	1
1010	1
1011	0.998047
1012	0.998047
1013	1
1014	1
1015	1
1016	1
1017	1
1018	1
1019	1
1020	0.998047
1021	1
1022	1
1023	1
1024	1
1025	1
1026	1
1027	0.998047
1028	0.998047
1029	0.998047
1030	0.998047
1031	0.998047
1032	1
1033	1
1034	1
1035	1
1036	1
1037	1
1038	0.998047
1039	1
1040	1
1041	1
1042	1
1043	1
1044	1
1045	1
1046	1
1047	1
1048	0.998047
1049	0.992188
1050	0.996094
1051	0.994141
1052	0.994141
1053	0.994141
1054	0.998047
1055	1
1056	0.998047
1057	1
1058	1
1059	1
1060	0.998047
1061	1
1062	1
1063	1
1064	1
1065	0.996094
1066	0.996094
1067	0.996094
1068	1
1069	1
1070	1
1071	1
1072	0.998047
1073	0.998047
1074	1
1075	1
1076	1
1077	1
1078	0.998047
1079	1
1080	1
1081	1
1082	1
1083	1
1084	0.998047
1085	1
1086	1
1087	1
1088	1
1089	1
1090	1
1091	1
1092	1
1093	1
1094	1
1095	1
1096	0.998047
1097	0.998047
1098	0.998047
1099	0.998047
1100	1
1101	0.998047
1102	1
1103	0.998047
1104	1
1105	1
1106	1
1107	1
1108	1
1109	1
1110	1
1111	1
1112	1
1113	0.998047
1114	1
1115	1
1116	1
1117	1
1118	1
1119	1
1120	0.998047
1121	1
1122	1
1123	0.996094
1124	0.996094
1125	0.996094
1126	0.998047
1127	0.998047
1128	0.998047
1129	1
1130	1
1131	0.998047
1132	1
1133	0.998047
1134	0.996094
1135	0.998047
1136	1
1137	0.998047
1138	0.998047
1139	1
1140	1
1141	1
1142	1
1143	1
1144	0.998047
1145	1
1146	1
1147	0.998047
1148	1
1149	1
1150	1
1151	0.998047
1152	0.994141
1153	1
1154	1
1155	1
1156	1
1157	1
1158	1
1159	1
1160	1
1161	1
1162	0.998047
1163	0.998047
1164	1
1165	1
1166	1
1167	0.998047
1168	0.998047
1169	0.998047
1170	1
1171	1
1172	0.998047
1173	1
1174	1
1175	0.998047
1176	0.996094
1177	0.998047
1178	1
1179	0.996094
1180	0.998047
1181	1
1182	1
1183	0.996094
1184	0.998047
1185	0.996094
1186	1
1187	1
1188	0.998047
1189	1
1190	1
1191	1
1192	1
1193	1
1194	1
1195	1
1196	1
1197	1
1198	0.998047
1199	0.998047
1200	0.996094
1201	1
1202	1
1203	0.998047
1204	0.996094
1205	0.998047
1206	1
1207	1
1208	1
1209	0.996094
1210	0.994141
1211	0.998047
1212	0.998047
1213	1
1214	1
1215	0.998047
1216	0.998047
1217	0.998047
1218	0.998047
1219	0.998047
1220	1
1221	0.998047
1222	0.998047
1223	1
1224	1
1225	1
1226	1
1227	1
1228	1
1229	0.998047
1230	0.998047
1231	1
1232	1
1233	1
1234	1
1235	1
1236	0.998047
1237	0.998047
1238	0.998047
1239	0.996094
1240	0.998047
1241	0.998047
1242	1
1243	1
1244	1
1245	1
1246	1
1247	0.996094
1248	0.996094
1249	0.996094
1250	0.996094
1251	1
1252	0.998047
1253	1
1254	1
1255	1
1256	1
1257	1
1258	1
1259	1
1260	1
1261	1
1262	1
1263	0.998047
1264	0.996094
1265	0.994141
1266	0.996094
1267	1
1268	1
1269	1
1270	1
1271	1
1272	0.998047
1273	0.998047
1274	0.998047
1275	0.998047
1276	1
1277	1
1278	1
1279	1
1280	0.998047
1281	0.998047
1282	1
1283	0.998047
1284	1
1285	1
1286	1
1287	1
1288	1
1289	1
1290	1
1291	1
1292	1
1293	1
1294	1
1295	1
1296	1
1297	1
1298	1
1299	1
1300	0.998047
1301	0.996094
1302	0.998047
1303	0.998047
1304	1
1305	1
1306	0.998047
1307	1
1308	1
1309	1
1310	1
1311	1
1312	0.996094
1313	1
1314	1
1315	1
1316	1
1317	1
1318	1
1319	1
1320	1
1321	0.998047
1322	1
1323	1
1324	1
1325	0.998047
1326	0.996094
1327	0.998047
1328	0.998047
1329	1
1330	1
1331	1
1332	1
1333	0.998047
1334	1
1335	1
1336	1
1337	1
1338	1
1339	0.998047
1340	0.998047
1341	1
1342	0.996094
1343	1
1344	1
1345	1
1346	1
1347	1
1348	1
1349	1
1350	1
1351	1
1352	1
1353	1
1354	1
1355	1
1356	1
1357	1
1358	1
1359	1
1360	1
1361	1
1362	1
1363	0.998047
1364	1
1365	1
1366	1
1367	1
1368	1
1369	1
1370	1
1371	0.998047
1372	0.998047
1373	0.996094
1374	0.998047
1375	0.996094
1376	0.996094
1377	0.998047
1378	0.996094
1379	0.998047
1380	0.996094
1381	1
1382	1
1383	1
1384	1
1385	1
1386	1
1387	1
1388	1
1389	0.998047
1390	0.994141
1391	0.998047
1392	0.998047
1393	1
1394	1
1395	1
1396	0.998047
1397	0.998047
1398	1
1399	1
1400	1
1401	1
1402	1
1403	1
1404	1
1405	1
1406	0.998047
1407	1
1408	1
1409	1
1410	1
1411	1
1412	1
1413	1
1414	1
1415	1
1416	0.998047
1417	0.998047
1418	0.998047
1419	0.998047
1420	1
1421	1
1422	0.996094
1423	0.998047
1424	0.998047
1425	0.998047
1426	0.996094
1427	1
1428	1
1429	1
1430	0.998047
1431	1
1432	1
1433	1
1434	0.998047
1435	1
1436	1
1437	1
1438	1
1439	1
1440	0.998047
1441	1
1442	0.998047
1443	0.998047
1444	0.994141
1445	0.996094
1446	0.998047
1447	1
1448	1
1449	0.998047
1450	1
1451	1
1452	1
1453	1
1454	1
1455	1
1456	0.998047
1457	1
1458	1
1459	1
1460	1
1461	0.998047
1462	1
1463	1
1464	1
1465	1
1466	1
1467	0.998047
1468	1
1469	1
1470	1
1471	1
1472	1
1473	1
1474	1
1475	1
1476	1
1477	1
1478	0.996094
1479	1
1480	1
1481	1
1482	1
1483	1
1484	1
1485	1
1486	0.998047
1487	1
1488	1
1489	1
1490	1
1491	0.998047
1492	1
1493	1
1494	1
1495	1
1496	1
1497	0.992188
1498	0.996094
1499	0.996094
1500	1
1501	0.996094
1502	1
1503	0.998047
1504	0.998047
1505	1
1506	1
1507	1
1508	0.998047
1509	0.998047
1510	1
1511	1
1512	0.998047
1513	1
1514	1
1515	1
1516	1
1517	0.998047
1518	1
1519	1
1520	1
1521	0.998047
1522	1
1523	1
1524	1
1525	1
1526	1
1527	1
1528	1
1529	1
1530	1
1531	1
1532	1
1533	1
1534	0.998047
1535	0.998047
1536	0.998047
1537	0.998047
1538	0.996094
1539	0.994141
1540	0.998047
1541	0.996094
1542	1
1543	1
1544	1
1545	0.998047
1546	1
1547	1
1548	0.998047
1549	1
1550	1
1551	1
1552	1
1553	1
1554	1
1555	1
1556	1
1557	1
1558	1
1559	1
1560	1
1561	1
1562	1
1563	1
1564	1
1565	1
1566	0.998047
1567	0.998047
1568	0.998047
1569	1
1570	1
1571	0.996094
1572	0.996094
1573	1
1574	1
1575	1
1576	1
1577	1
1578	1
1579	1
1580	1
1581	0.998047
1582	0.998047
1583	0.998047
1584	0.996094
1585	0.998047
1586	1
1587	0.998047
1588	1
1589	1
1590	1
1591	1
1592	1
1593	1
1594	1
1595	1
1596	1
1597	0.998047
1598	0.998047
1599	1
1600	1
1601	1
1602	1
1603	0.998047
1604	0.998047
1605	0.996094
1606	0.998047
1607	0.998047
1608	0.998047
1609	1
1610	1
1611	0.998047
1612	0.998047
1613	1
1614	1
1615	1
1616	1
1617	0.998047
1618	0.998047
1619	0.998047
1620	0.998047
1621	0.998047
1622	1
1623	1
1624	0.998047
1625	0.996094
1626	0.998047
1627	1
1628	1
1629	1
1630	1
1631	0.994141
1632	1
1633	1
1634	1
1635	1
1636	0.998047
1637	0.998047
1638	1
1639	0.998047
1640	0.998047
1641	1
1642	1
1643	0.998047
1644	0.998047
1645	0.998047
1646	1
1647	1
1648	1
1649	1
1650	1
1651	1
1652	1
1653	1
1654	1
1655	1
1656	0.998047
1657	0.996094
1658	0.998047
1659	1
1660	1
1661	1
1662	1
1663	1
1664	0.998047
1665	0.996094
1666	0.998047
1667	1
1668	0.998047
1669	0.998047
1670	1
1671	1
1672	0.998047
1673	1
1674	1
1675	0.998047
1676	0.996094
1677	1
1678	1
1679	1
1680	1
1681	1
1682	0.998047
1683	1
1684	1
1685	0.998047
1686	1
1687	0.996094
1688	0.998047
1689	1
1690	1
1691	0.996094
1692	0.996094
1693	0.998047
1694	0.998047
1695	1
1696	0.998047
1697	0.998047
1698	0.998047
1699	1
1700	1
1701	1
1702	1
1703	1
1704	1
1705	1
1706	1
1707	0.998047
1708	0.998047
1709	0.996094
1710	1
1711	1
1712	1
1713	1
1714	1
1715	1
1716	0.998047
1717	1
1718	0.996094
1719	0.998047
1720	0.998047
1721	0.998047
1722	0.998047
1723	1
1724	1
1725	1
1726	1
1727	1
1728	1
1729	1
1730	1
1731	1
1732	0.998047
1733	0.998047
1734	0.998047
1735	1
1736	1
1737	1
1738	1
1739	1
1740	0.998047
1741	1
1742	1
1743	1
1744	0.998047
1745	1
1746	1
1747	1
1748	1
1749	1
1750	1
1751	1
1752	0.998047
1753	1
1754	1
1755	1
1756	1
1757	1
1758	1
1759	1
1760	0.998047
1761	0.998047
1762	1
1763	0.998047
1764	1
1765	1
1766	0.998047
1767	1
1768	1
1769	1
1770	1
1771	1
1772	1
1773	0.998047
1774	1
1775	1
1776	0.998047
1777	1
1778	1
1779	0.998047
1780	1
1781	0.998047
1782	0.998047
1783	1
1784	1
1785	1
1786	0.998047
1787	1
1788	1
1789	1
1790	1
1791	0.998047
1792	1
1793	1
1794	1
1795	1
1796	1
1797	1
1798	1
1799	1
1800	1
1801	1
1802	1
1803	1
1804	1
1805	1
1806	1
1807	0.998047
1808	0.998047
1809	0.998047
1810	0.998047
1811	1
1812	1
1813	1
1814	1
1815	1
1816	0.998047
1817	0.998047
1818	1
1819	1
1820	1
1821	1
1822	1
1823	0.998047
1824	1
1825	1
1826	1
1827	0.998047
1828	1
1829	1
1830	1
1831	0.998047
1832	1
1833	1
1834	1
1835	1
1836	0.998047
1837	0.998047
1838	1
1839	0.998047
1840	0.998047
1841	0.998047
1842	1
1843	1
1844	1
1845	1
1846	0.998047
1847	1
1848	1
1849	0.998047
1850	1
1851	1
1852	1
1853	0.998047
1854	0.998047
1855	0.998047
1856	1
1857	1
1858	0.998047
1859	1
1860	1
1861	1
1862	1
1863	1
1864	1
1865	1
1866	1
1867	1
1868	1
1869	1
1870	1
1871	1
1872	1
1873	1
1874	1
1875	1
1876	1
1877	1
1878	0.998047
1879	0.998047
1880	1
1881	1
1882	1
1883	1
1884	0.998047
1885	0.998047
1886	1
1887	1
1888	1
1889	1
1890	1
1891	1
1892	1
1893	0.998047
1894	1
1895	1
1896	1
1897	0.996094
1898	1
1899	1
1900	1
1901	0.998047
1902	0.998047
1903	0.998047
1904	1
1905	0.998047
1906	1
1907	1
1908	0.998047
1909	0.998047
1910	0.998047
1911	1
1912	0.998047
1913	0.998047
1914	0.998047
1915	0.998047
1916	1
1917	1
1918	1
1919	0.998047
1920	1
1921	0.998047
1922	0.998047
1923	1
1924	0.998047
1925	0.998047
1926	1
1927	0.998047
1928	0.998047
1929	1
1930	1
1931	0.998047
1932	0.998047
1933	0.998047
1934	0.996094
1935	1
1936	1
1937	1
1938	1
1939	1
1940	0.998047
1941	0.998047
1942	0.998047
1943	0.998047
1944	1
1945	0.998047
1946	1
1947	1
1948	1
1949	1
1950	1
1951	1
1952	1
1953	1
1954	1
1955	1
1956	1
1957	1
1958	1
1959	1
1960	1
1961	1
1962	0.998047
1963	0.998047
1964	0.998047
1965	1
1966	1
1967	1
1968	0.998047
1969	1
1970	1
1971	1
1972	1
1973	1
1974	0.998047
1975	1
1976	1
1977	1
1978	1
1979	1
1980	1
1981	1
1982	1
1983	1
1984	1
1985	1
1986	1
1987	1
1988	1
1989	1
1990	1
1991	1
1992	1
1993	1
1994	1
1995	1
1996	1
1997	1
1998	1
1999	0.998047
