0	0.03125
1	-0.0078125
2	-0.0117188
3	0.0136719
4	0
5	0.0136719
6	-0.00195312
7	-0.00195312
8	0.00390625
9	-0.00390625
10	-0.0078125
11	0.0117188
12	0.00585938
13	-0.00195312
14	-0.00390625
15	0.00390625
16	0.00195312
17	0.00976562
18	-0.00195312
19	0.00195312
20	0.00195312
21	-0.00976562
22	0.00195312
23	0
24	-0.00585938
25	0.00585938
26	0
27	-0.00390625
28	0
29	-0.0078125
30	0
31	0
32	-0.00390625
33	-0.00195312
34	0.0078125
35	-0.00976562
36	-0.00195312
37	0
38	-0.0078125
39	0
40	-0.00195312
41	0.0078125
42	0.00195312
43	0.00976562
44	0.00195312
45	0.00585938
46	0
47	-0.00195312
48	0.00195312
49	0.0078125
50	0.0117188
51	0.00195312
52	-0.00195312
53	-0.00585938
54	-0.00390625
55	-0.00195312
56	0.00585938
57	-0.00195312
58	-0.0078125
59	-0.00195312
60	-0.0078125
61	0.00585938
62	0.00585938
63	0.0117188
64	0
65	-0.00585938
66	0.00195312
67	-0.00976562
68	0.00390625
69	0.00390625
70	-0.00976562
71	0
72	-0.0136719
73	0.00195312
74	-0.00390625
75	0.00585938
76	-0.00195312
77	0
78	0.00390625
79	0.00585938
80	0
81	0.00195312
82	0
83	0.00195312
84	0.00195312
85	-0.00585938
86	-0.00195312
87	0.0117188
88	0
89	-0.0078125
90	0.00195312
91	-0.00195312
92	0.00390625
93	-0.00390625
94	0.00195312
95	-0.00195312
96	0
97	-0.00390625
98	0
99	0
100	0
101	0
102	0.0078125
103	0.00585938
104	0.00585938
105	-0.0078125
106	-0.00390625
107	-0.00976562
108	0
109	0.00195312
110	-0.00390625
111	0
112	-0.0117188
113	0
114	0.00195312
115	0
116	-0.00390625
117	0.0078125
118	-0.00390625
119	-0.00195312
120	0
121	0.0078125
122	-0.00195312
123	0.00585938
124	0
125	-0.00195312
126	0.00195312
127	0.00195312
128	0
129	-0.00585938
130	0.00195312
131	0.00585938
132	0.00195312
133	-0.00390625
134	-0.00195312
135	0.00195312
136	-0.00195312
137	-0.00390625
138	-0.00195312
139	-0.00585938
140	0.00390625
141	0
142	0.00390625
143	0.00195312
144	0.00195312
145	-0.00195312
146	0
147	-0.00390625
148	0.00195312
149	0.00195312
150	0.00195312
151	-0.0078125
152	0
153	-0.00195312
154	-0.00390625
155	0.00390625
156	-0.00195312
157	-0.00390625
158	0.0078125
159	0
160	0.00976562
161	0
162	-0.00390625
163	0
164	0
165	-0.00195312
166	0.00195312
167	0.00195312
168	0.00390625
169	0.00195312
170	0.00585938
171	0
172	0.0078125
173	0.00195312
174	0.00390625
175	0
176	0
177	0.00195312
178	0.0078125
179	-0.0078125
180	-0.00390625
181	0.00195312
182	0
183	-0.00390625
184	0.00195312
185	-0.0078125
186	0
187	-0.00195312
188	-0.00195312
189	0.00195312
190	-0.00390625
191	-0.00195312
192	0
193	-0.00585938
194	0
195	0.00390625
196	-0.00390625
197	0.00195312
198	0.00195312
199	-0.00390625
200	0.00195312
201	-0.0078125
202	0
203	-0.0078125
204	0
205	0.00195312
206	0.00195312
207	0.00195312
208	0.00390625
209	-0.00585938
210	-0.00390625
211	0.00195312
212	0.0117188
213	0.00390625
214	-0.00195312
215	-0.00585938
216	0
217	-0.00390625
218	0.00195312
219	0
220	0.00390625
221	0
222	-0.00195312
223	0
224	0.00195312
225	0.00195312
226	-0.00195312
227	-0.00195312
228	-0.00195312
229	0.00195312
230	0.00390625
231	0.00390625
232	-0.00390625
233	-0.00390625
234	-0.00390625
235	-0.00390625
236	0
237	0.00976562
238	-0.00585938
239	0.00585938
240	-0.00195312
241	-0.00390625
242	-0.00390625
243	-0.00976562
244	0.0078125
245	-0.00390625
246	0
247	0.00390625
248	0.00585938
249	0.00195312
250	0.00585938
251	0.00390625
252	-0.00390625
253	-0.00585938
254	-0.00390625
255	-0.00390625
256	-0.00390625
257	0
258	0
259	0.00195312
260	0.00390625
261	-0.0078125
262	-0.00195312
263	-0.00195312
264	0
265	0
266	-0.00390625
267	-0.00195312
268	0.00585938
269	-0.00195312
270	-0.00195312
271	0
272	-0.00195312
273	-0.0078125
274	0.00585938
275	-0.00390625
276	0.00195312
277	0
278	0.00195312
279	-0.00195312
280	-0.00195312
281	-0.00390625
282	0.00585938
283	-0.00585938
284	0.00585938
285	0.00195312
286	0
287	-0.00195312
288	0.00195312
289	0.00585938
290	-0.00390625
291	-0.00390625
292	0.00195312
293	0.0078125
294	0
295	-0.00195312
296	0
297	0.0078125
298	-0.00195312
299	0.00390625
300	0.00390625
301	0.00390625
302	0
303	0
304	0.00195312
305	0
306	-0.00195312
307	-0.00195312
308	-0.00390625
309	0.00195312
310	0.00390625
311	-0.00195312
312	0.00585938
313	0.00195312
314	0
315	-0.00195312
316	0
317	0.00390625
318	-0.00195312
319	-0.00976562
320	-0.00390625
321	0
322	0.00390625
323	0.00390625
324	-0.00390625
325	0.00390625
326	-0.00976562
327	-0.00195312
328	0.00390625
329	-0.00390625
330	-0.0078125
331	0.00390625
332	0
333	0.0078125
334	-0.00390625
335	0.00195312
336	0.00195312
337	0.00195312
338	0.00585938
339	-0.00390625
340	-0.00195312
341	-0.00390625
342	0
343	-0.00585938
344	-0.0078125
345	-0.00585938
346	-0.00195312
347	0.00390625
348	0.00195312
349	0.00390625
350	0.00390625
351	0
352	0.00195312
353	0.00195312
354	0
355	0
356	0.00390625
357	0.00195312
358	0.00585938
359	0.00195312
360	-0.00195312
361	0
362	0.00585938
363	0
364	0
365	-0.00390625
366	0.00195312
367	-0.00390625
368	0
369	-0.00195312
370	0.0078125
371	-0.00390625
372	-0.00390625
373	0.00585938
374	-0.00390625
375	0.00195312
376	0
377	-0.00390625
378	0
379	0.00390625
380	0
381	-0.00390625
382	0.00390625
383	0.00195312
384	0.0078125
385	-0.00390625
386	-0.00585938
387	0
388	-0.00195312
389	0.00195312
390	0.00195312
391	0
392	0
393	0.00585938
394	-0.00195312
395	0.00195312
396	0.00390625
397	0
398	0.00195312
399	-0.00585938
400	0
401	0.00195312
402	-0.00195312
403	-0.00390625
404	-0.00585938
405	0.00195312
406	0.00195312
407	0.00390625
408	-0.00390625
409	-0.00390625
410	0.00390625
411	0
412	-0.00390625
413	-0.00390625
414	0.00195312
415	-0.00195312
416	-0.00390625
417	-0.00390625
418	-0.00195312
419	0.00195312
420	0.00195312
421	0.00195312
422	0
423	0.00585938
424	-0.00195312
425	0.00390625
426	0.00390625
427	-0.00195312
428	-0.00585938
429	-0.0078125
430	0
431	-0.00976562
432	-0.00195312
433	0.00195312
434	0
435	-0.00585938
436	-0.00390625
437	0.00390625
438	0
439	-0.00585938
440	-0.00390625
441	0
442	-0.00390625
443	0.0078125
444	0
445	-0.00195312
446	-0.00585938
447	0
448	-0.0078125
449	0
450	0.00585938
451	-0.00390625
452	-0.00390625
453	-0.00390625
454	0.00390625
455	-0.00390625
456	-0.00195312
457	-0.00976562
458	0
459	0.00195312
460	0.00195312
461	0
462	0.00195312
463	0
464	-0.00195312
465	-0.00390625
466	0.00585938
467	0.0078125
468	0
469	0.00390625
470	0
471	0
472	-0.00390625
473	0.00195312
474	0.00195312
475	0
476	0.00390625
477	0.0078125
478	-0.00585938
479	-0.00585938
480	0.00195312
481	0
482	0
483	0
484	-0.00390625
485	-0.00585938
486	0.00195312
487	0.00195312
488	0.00585938
489	-0.00585938
490	-0.00195312
491	-0.00195312
492	0.015625
493	0
494	0.00195312
495	-0.00585938
496	-0.00195312
497	0
498	0.00390625
499	0.00390625
500	-0.00976562
501	0
502	0.00390625
503	0.00195312
504	-0.00195312
505	-0.00585938
506	0
507	0
508	0
509	0.00390625
510	-0.0078125
511	-0.00390625
512	-0.00390625
513	-0.00585938
514	-0.00390625
515	0
516	-0.00585938
517	0.00195312
518	0.00195312
519	-0.00390625
520	-0.00195312
521	-0.00195312
522	-0.00390625
523	0
524	-0.00195312
525	0.00195312
526	0.00195312
527	-0.0078125
528	0.00390625
529	0.00195312
530	0.00195312
531	0.00195312
532	-0.00585938
533	0.0078125
534	0.00585938
535	-0.00195312
536	-0.00585938
537	0.00195312
538	0.00390625
539	-0.00195312
540	0
541	0.00390625
542	-0.00195312
543	0.00195312
544	0.00390625
545	0.00195312
546	0.00585938
547	0.00976562
548	0.00390625
549	0.00195312
550	-0.00195312
551	0.00390625
552	0.00195312
553	-0.00390625
554	0.00390625
555	-0.0078125
556	-0.00976562
557	0
558	0.0117188
559	-0.00195312
560	-0.00390625
561	-0.00390625
562	-0.00976562
563	-0.00390625
564	-0.00195312
565	0.00195312
566	-0.00195312
567	-0.00585938
568	-0.00585938
569	0
570	0.00390625
571	0
572	-0.00195312
573	-0.00585938
574	0.00585938
575	-0.00585938
576	0
577	-0.00195312
578	0
579	-0.00585938
580	0.00195312
581	-0.00585938
582	0.00195312
583	-0.00195312
584	-0.00585938
585	0.00390625
586	0
587	-0.00195312
588	0
589	-0.0078125
590	0.00195312
591	0.00195312
592	0.00195312
593	-0.00195312
594	0
595	0
596	0.00976562
597	0.00585938
598	0.00585938
599	0
600	-0.00390625
601	-0.00390625
602	0
603	-0.00390625
604	0
605	0.00195312
606	0.00390625
607	-0.00390625
608	0
609	0.00195312
610	-0.00390625
611	0.00195312
612	-0.00390625
613	0
614	-0.00195312
615	0.00390625
616	-0.00585938
617	-0.00195312
618	-0.00390625
619	0
620	0.00195312
621	0
622	0.00390625
623	0.00195312
624	-0.00195312
625	-0.00195312
626	-0.00585938
627	0
628	0
629	0
630	-0.00195312
631	-0.0078125
632	-0.0117188
633	-0.00390625
634	0.00195312
635	0
636	0
637	-0.00195312
638	-0.00390625
639	-0.00195312
640	0
641	0.00195312
642	-0.00195312
643	0.00195312
644	-0.00390625
645	-0.0078125
646	-0.0078125
647	0.00195312
648	0.00390625
649	0.00195312
650	0.00585938
651	-0.00195312
652	0.00976562
653	0.00976562
654	-0.00195312
655	0.00195312
656	0.0117188
657	0.00390625
658	0
659	-0.00585938
660	0.00585938
661	0.0078125
662	-0.00390625
663	-0.00195312
664	-0.0117188
665	0.00195312
666	0.0078125
667	0.00195312
668	-0.00195312
669	-0.00195312
670	0
671	0
672	0
673	0.00390625
674	0.00390625
675	0
676	0.00195312
677	-0.00195312
678	0
679	0
680	0.00195312
681	-0.00195312
682	0.00390625
683	0.00976562
684	-0.00195312
685	-0.00195312
686	0.00195312
687	0.00195312
688	-0.00390625
689	-0.00195312
690	0.00585938
691	-0.0078125
692	0
693	-0.00195312
694	0.00585938
695	0.00195312
696	-0.00390625
697	0.00390625
698	0.00195312
699	-0.0078125
700	0
701	0.00585938
702	0.00585938
703	0.00195312
704	-0.00585938
705	0
706	0.00390625
707	0.00195312
708	-0.00390625
709	0.00195312
710	0
711	-0.00585938
712	0
713	-0.00195312
714	0.00976562
715	0
716	0.00390625
717	-0.00195312
718	0.00195312
719	-0.00390625
720	-0.00390625
721	0
722	0.00390625
723	-0.00195312
724	-0.00195312
725	0.00195312
726	-0.00585938
727	-0.0078125
728	0.00195312
729	-0.00390625
730	0.00390625
731	0.00585938
732	0.0078125
733	-0.00585938
734	0.00195312
735	0.00585938
736	0
737	0.00390625
738	0
739	-0.00195312
740	-0.00195312
741	0
742	0.00976562
743	-0.00390625
744	0.0078125
745	-0.00390625
746	-0.00585938
747	0.00976562
748	-0.00585938
749	0.00195312
750	0.00390625
751	-0.00390625
752	-0.00390625
753	-0.00195312
754	-0.00585938
755	0.00390625
756	-0.00195312
757	-0.00195312
758	-0.00390625
759	0
760	0.00195312
761	0.00390625
762	0
763	-0.0078125
764	-0.0078125
765	0
766	0.00390625
767	-0.00390625
768	0
769	-0.00390625
770	-0.00390625
771	0.0078125
772	0.00390625
773	0.00390625
774	0.00585938
775	0.00195312
776	-0.00390625
777	0
778	-0.00390625
779	0
780	-0.00390625
781	-0.00390625
782	0
783	0
784	0.0078125
785	0.00390625
786	0
787	-0.00390625
788	0
789	0
790	-0.00390625
791	0
792	0
793	-0.0078125
794	0
795	-0.00585938
796	-0.00390625
797	-0.00585938
798	-0.00585938
799	-0.00390625
800	-0.00195312
801	0
802	-0.00976562
803	0
804	0.00585938
805	-0.00195312
806	-0.00195312
807	-0.00390625
808	-0.00195312
809	-0.00585938
810	0
811	0.00195312
812	0.00585938
813	0
814	0
815	0.00390625
816	0.00195312
817	0.00195312
818	-0.00390625
819	0
820	0
821	-0.00585938
822	0.00585938
823	0
824	0.00390625
825	0.00195312
826	0.00390625
827	0.00195312
828	0
829	0.00585938
830	-0.00195312
831	0
832	0.00195312
833	0.00195312
834	-0.00585938
835	0
836	0.00390625
837	-0.00195312
838	-0.00390625
839	0
840	0
841	0.00390625
842	0
843	0
844	0
845	0
846	0.00195312
847	0.00585938
848	-0.00390625
849	0.00195312
850	0.00390625
851	0
852	0.00976562
853	-0.00390625
854	-0.0078125
855	0.00195312
856	0.00585938
857	0.00390625
858	0
859	-0.00585938
860	0
861	-0.00585938
862	-0.00585938
863	-0.00195312
864	0.00390625
865	-0.00195312
866	0
867	-0.00195312
868	-0.00585938
869	-0.00390625
870	0.0078125
871	-0.00390625
872	0.00195312
873	-0.00195312
874	0
875	0.00585938
876	-0.00195312
877	-0.00195312
878	0.00390625
879	-0.00585938
880	0.00195312
881	-0.00585938
882	0.00195312
883	-0.00195312
884	-0.00195312
885	0
886	0.00195312
887	0.00195312
888	0
889	-0.00585938
890	0.00390625
891	0.00195312
892	0.00195312
893	0
894	0
895	0.00195312
896	-0.0078125
897	0.00195312
898	0.00585938
899	-0.00195312
900	0.00195312
901	0.00390625
902	0
903	0.00195312
904	0.00195312
905	0
906	0.00195312
907	-0.00195312
908	0.0078125
909	0.00195312
910	0.00195312
911	0
912	0.00195312
913	0.00195312
914	-0.00195312
915	0
916	-0.00390625
917	0
918	0.00195312
919	-0.00195312
920	-0.00195312
921	0
922	0.00195312
923	-0.00195312
924	0.00585938
925	0.00390625
926	0.00390625
927	0.00390625
928	0
929	0
930	0
931	-0.00390625
932	0
933	0
934	0.00585938
935	-0.00390625
936	0.0078125
937	0.00195312
938	0.00195312
939	0
940	0.00390625
941	0
942	-0.00195312
943	0.00195312
944	0.00585938
945	-0.00585938
946	-0.00976562
947	-0.00390625
948	-0.00195312
949	-0.00195312
950	0
951	0.00976562
952	0.00195312
953	-0.00390625
954	-0.00195312
955	0.00390625
956	-0.00390625
957	-0.00390625
958	-0.00390625
959	0.0078125
960	0.00390625
961	0.00585938
962	-0.00195312
963	0
964	0.00585938
965	0.0117188
966	0.00390625
967	-0.00195312
968	-0.00195312
969	0.00390625
970	-0.00585938
971	-0.0078125
972	-0.00390625
973	0
974	0.00585938
975	0
976	0.00390625
977	0.00195312
978	-0.00390625
979	0.00195312
980	0.00585938
981	0.00195312
982	0
983	0.00585938
984	0.00195312
985	0
986	0.00585938
987	-0.0117188
988	-0.00390625
989	-0.00976562
990	-0.00195312
991	-0.00195312
992	0.00195312
993	0
994	0
995	-0.00390625
996	-0.00195312
997	-0.00195312
998	0.0078125
999	0
1000	0.00585938
1001	0.00390625
1002	0
1003	0
1004	0
1005	0
1006	-0.00976562
1007	0
1008	0
1009	0
1010	-0.0078125
1011	-0.00390625
1012	-0.00976562
1013	0
1014	-0.00585938
1015	-0.00390625
1016	-0.00390625
1017	-0.00195312
1018	-0.00390625
1019	0
1020	0.00585938
1021	0.00195312
1022	-0.00195312
1023	0.00195312
1024	0.00195312
1025	0.00195312
1026	0.00195312
1027	0.0078125
1028	-0.00585938
1029	0.00390625
1030	0
1031	0
1032	-0.00195312
1033	-0.00195312
1034	0.00195312
1035	0
1036	0
1037	0
1038	-0.00195312
1039	-0.00390625
1040	0
1041	0.00195312
1042	0
1043	-0.00195312
1044	0.00390625
1045	0.0117188
1046	-0.00390625
1047	-0.00585938
1048	0
1049	0.00585938
1050	-0.0078125
1051	0
1052	0.00390625
1053	-0.00976562
1054	-0.00195312
1055	0
1056	0
1057	0.00195312
1058	0.00390625
1059	0.00585938
1060	0
1061	0
1062	0.00195312
1063	-0.00585938
1064	0
1065	-0.00195312
1066	-0.00390625
1067	-0.00195312
1068	-0.00195312
1069	0
1070	0
1071	0.00585938
1072	-0.00195312
1073	-0.00390625
1074	0.0078125
1075	-0.00390625
1076	0
1077	0
1078	-0.00585938
1079	-0.00195312
1080	0.00585938
1081	0.00390625
1082	-0.00585938
1083	0
1084	0.00390625
1085	0.00195312
1086	0.00585938
1087	0.00195312
1088	0.00585938
1089	-0.00195312
1090	0
1091	0.0078125
1092	0.0078125
1093	-0.00390625
1094	0.00390625
1095	0
1096	0.00195312
1097	-0.00390625
1098	0.00390625
1099	-0.00195312
1100	0.00585938
1101	0.00585938
1102	-0.00195312
1103	0.00390625
1104	0.00390625
1105	0.00585938
1106	0.00390625
1107	-0.00195312
1108	0.00390625
1109	0.00390625
1110	-0.00390625
1111	-0.00390625
1112	-0.00390625
1113	-0.00195312
1114	-0.00195312
1115	0.00390625
1116	-0.00195312
1117	-0.00195312
1118	-0.00585938
1119	0
1120	0.00195312
1121	-0.00585938
1122	-0.00195312
1123	0.00390625
1124	-0.00195312
1125	-0.00390625
1126	0
1127	-0.00195312
1128	0.00390625
1129	0
1130	-0.00195312
1131	-0.00195312
1132	0.00976562
1133	-0.00195312
1134	0.00390625
1135	0
1136	-0.00976562
1137	0
1138	0
1139	0
1140	-0.00195312
1141	0
1142	0
1143	0.00195312
1144	0.00390625
1145	0.00195312
1146	-0.00390625
1147	0.00390625
1148	-0.00195312
1149	-0.0078125
1150	-0.0117188
1151	0
1152	0.00390625
1153	-0.00390625
1154	-0.00195312
1155	0
1156	-0.00195312
1157	0.00195312
1158	-0.00195312
1159	-0.00585938
1160	0.00195312
1161	-0.0078125
1162	-0.00195312
1163	-0.00195312
1164	-0.00390625
1165	0
1166	0.00390625
1167	0.0078125
1168	0.00390625
1169	0
1170	-0.00390625
1171	0.00195312
1172	-0.00195312
1173	-0.00195312
1174	0.00390625
1175	0.00390625
1176	0.00585938
1177	0.00976562
1178	0
1179	0
1180	0.00390625
1181	-0.00585938
1182	0.00585938
1183	0.00585938
1184	0.00390625
1185	0.00390625
1186	0
1187	-0.00390625
1188	-0.0078125
1189	-0.00195312
1190	0.00195312
1191	0.00390625
1192	-0.00390625
1193	-0.00390625
1194	0.00390625
1195	-0.00195312
1196	0
1197	0.00195312
1198	-0.00195312
1199	-0.00195312
1200	0
1201	-0.00585938
1202	0.00390625
1203	0
1204	-0.00195312
1205	-0.00390625
1206	-0.00390625
1207	0
1208	0
1209	0.00390625
1210	0
1211	-0.00390625
1212	-0.00585938
1213	0.00195312
1214	-0.00585938
1215	0.00585938
1216	0.0078125
1217	0
1218	0.0078125
1219	-0.00585938
1220	0.00390625
1221	0
1222	0.00585938
1223	0.00585938
1224	0.00195312
1225	0
1226	0.00390625
1227	-0.00195312
1228	0.00195312
1229	0
1230	-0.00976562
1231	0
1232	0.00585938
1233	0
1234	0
1235	0
1236	0.0078125
1237	0
1238	-0.00195312
1239	-0.00390625
1240	0.00195312
1241	0
1242	-0.00195312
1243	0
1244	0.00195312
1245	0.00195312
1246	0.00195312
1247	0.00390625
1248	-0.00195312
1249	0
1250	0.00195312
1251	0.00585938
1252	-0.0136719
1253	-0.0078125
1254	0.00585938
1255	0.00390625
1256	0.00390625
1257	0.00195312
1258	0.00390625
1259	-0.00390625
1260	0.00585938
1261	0.00390625
1262	-0.00195312
1263	0
1264	0.00195312
1265	0.00585938
1266	-0.00390625
1267	0.00195312
1268	0
1269	-0.00585938
1270	-0.00390625
1271	0
1272	-0.00390625
1273	0
1274	0
1275	-0.00195312
1276	-0.00195312
1277	-0.00390625
1278	0
1279	0
1280	-0.00390625
1281	-0.00195312
1282	-0.00390625
1283	0.00390625
1284	-0.00195312
1285	-0.00390625
1286	-0.00195312
1287	0
1288	0
1289	0
1290	-0.00195312
1291	0
1292	-0.00390625
1293	0.00390625
1294	0.00195312
1295	-0.00195312
1296	-0.00976562
1297	-0.0078125
1298	0
1299	0.00195312
1300	-0.00195312
1301	-0.00390625
1302	0.00585938
1303	0.00390625
1304	-0.0078125
1305	-0.00390625
1306	-0.0117188
1307	0.00585938
1308	0.0078125
1309	-0.00195312
1310	0.00195312
1311	0.00195312
1312	-0.0117188
1313	-0.00390625
1314	-0.00195312
1315	-0.00195312
1316	0.00390625
1317	-0.00585938
1318	-0.00390625
1319	-0.00195312
1320	0
1321	-0.00390625
1322	-0.00390625
1323	-0.00390625
1324	-0.00976562
1325	-0.00195312
1326	0.00195312
1327	-0.00585938
1328	-0.00585938
1329	0.00195312
1330	0.00390625
1331	0.00195312
1332	0
1333	0.00390625
1334	0
1335	0
1336	0
1337	-0.00195312
1338	0
1339	0
1340	0.00390625
1341	0.00195312
1342	0.00195312
1343	0
1344	0.0078125
1345	0.00195312
1346	0
1347	-0.00195312
1348	-0.00585938
1349	0.00195312
1350	0
1351	0.00195312
1352	-0.00195312
1353	0.00390625
1354	0.00390625
1355	-0.00195312
1356	-0.00585938
1357	0.00195312
1358	-0.00195312
1359	0.00390625
1360	0.00585938
1361	-0.00195312
1362	0
1363	0
1364	-0.00195312
1365	0
1366	-0.00195312
1367	-0.00585938
1368	0.00195312
1369	0.00195312
1370	0
1371	-0.00585938
1372	0.00195312
1373	0
1374	0
1375	-0.00390625
1376	-0.00195312
1377	-0.00195312
1378	0.00195312
1379	-0.00585938
1380	-0.00390625
1381	0.00195312
1382	-0.00195312
1383	-0.00390625
1384	-0.00195312
1385	-0.00195312
1386	-0.00195312
1387	0
1388	-0.00195312
1389	0
1390	0.00390625
1391	0.00195312
1392	-0.00195312
1393	-0.0078125
1394	0.00390625
1395	0.0078125
1396	0.00390625
1397	-0.00195312
1398	-0.00195312
1399	0.00585938
1400	-0.00390625
1401	-0.00585938
1402	-0.00195312
1403	0
1404	-0.00195312
1405	0.00195312
1406	-0.00390625
1407	0.00390625
1408	0
1409	-0.00585938
1410	0.00585938
1411	0.00390625
1412	-0.00195312
1413	-0.00195312
1414	0.00195312
1415	0.00195312
1416	-0.00195312
1417	0
1418	0
1419	0
1420	0
1421	0
1422	-0.00195312
1423	0.00390625
1424	-0.00195312
1425	0.00585938
1426	-0.00195312
1427	0.00195312
1428	0.00390625
1429	0.00195312
1430	-0.00195312
1431	0.00390625
1432	-0.00390625
1433	0.00390625
1434	0.00390625
1435	-0.00195312
1436	-0.00195312
1437	-0.00585938
1438	-0.00390625
1439	0.00390625
1440	-0.00195312
1441	0.00195312
1442	0
1443	-0.0078125
1444	0.00585938
1445	-0.00390625
1446	-0.00390625
1447	0
1448	0.00390625
1449	-0.00390625
1450	-0.00390625
1451	0
1452	0.00195312
1453	-0.00390625
1454	-0.00585938
1455	0
1456	0
1457	0
1458	0.00195312
1459	0
1460	0.00195312
1461	0.00195312
1462	0.00195312
1463	0.00195312
1464	0.00195312
1465	-0.00390625
1466	0
1467	0
1468	-0.00195312
1469	-0.00390625
1470	0.00390625
1471	0.00195312
1472	-0.0078125
1473	-0.00976562
1474	0.00195312
1475	-0.00195312
1476	0.00585938
1477	0.00390625
1478	0
1479	0.00195312
1480	-0.00195312
1481	-0.00585938
1482	0.00390625
1483	0.0078125
1484	-0.00585938
1485	-0.00195312
1486	-0.00585938
1487	-0.00390625
1488	-0.00195312
1489	-0.00390625
1490	0
1491	0.00195312
1492	0
1493	0.00195312
1494	0.00195312
1495	0.00195312
1496	0
1497	-0.00585938
1498	0.00195312
1499	0.00390625
1500	-0.00195312
1501	-0.00195312
1502	0
1503	0.00585938
1504	0.00195312
1505	-0.00195312
1506	0
1507	-0.00195312
1508	0.00390625
1509	0.0078125
1510	0.0117188
1511	0
1512	0.00585938
1513	0.00390625
1514	-0.00585938
1515	-0.00195312
1516	-0.00195312
1517	0.0117188
1518	0.00195312
1519	0.00195312
1520	-0.00390625
1521	0
1522	0
1523	0
1524	0.0078125
1525	-0.00390625
1526	-0.00195312
1527	0.00195312
1528	-0.00585938
1529	-0.00195312
1530	0.00390625
1531	0.00390625
1532	-0.00195312
1533	-0.0078125
1534	-0.00195312
1535	0.00585938
1536	0
1537	0.00390625
1538	-0.00585938
1539	-0.00195312
1540	-0.00195312
1541	0.0078125
1542	0.0078125
1543	0.00585938
1544	0.00195312
1545	0
1546	0.00195312
1547	-0.00195312
1548	0.00585938
1549	0
1550	0.00390625
1551	0.00195312
1552	-0.00195312
1553	-0.00390625
1554	0.00195312
1555	0.00585938
1556	0
1557	-0.00195312
1558	-0.00390625
1559	-0.00390625
1560	-0.00390625
1561	-0.00195312
1562	-0.00195312
1563	0
1564	0.00390625
1565	0.00195312
1566	0
1567	0.00585938
1568	0.00585938
1569	0
1570	0.00585938
1571	0.00585938
1572	0.00195312
1573	-0.00195312
1574	0.0078125
1575	-0.00585938
1576	-0.00390625
1577	0.00585938
1578	-0.00390625
1579	-0.00195312
1580	0.00390625
1581	-0.00195312
1582	0.00390625
1583	-0.00390625
1584	-0.00195312
1585	-0.0117188
1586	0.00195312
1587	-0.00390625
1588	-0.00195312
1589	-0.00195312
1590	0.00195312
1591	0.0078125
1592	0.00195312
1593	0.00195312
1594	0
1595	0.00195312
1596	-0.00390625
1597	-0.00195312
1598	0.00585938
1599	0.00390625
1600	0
1601	0.00585938
1602	0
1603	0.00390625
1604	-0.00585938
1605	0.00390625
1606	-0.00585938
1607	0
1608	-0.00390625
1609	0.00195312
1610	0.00195312
1611	0.00390625
1612	-0.00195312
1613	0.00195312
1614	-0.00390625
1615	0.00585938
1616	-0.00585938
1617	-0.00195312
1618	0
1619	-0.00195312
1620	0.00585938
1621	0.00390625
1622	0.00585938
1623	-0.00195312
1624	-0.00195312
1625	0.00195312
1626	-0.00195312
1627	-0.0078125
1628	0
1629	0.00390625
1630	0
1631	-0.00195312
1632	-0.00195312
1633	-0.015625
1634	0.00195312
1635	0.00390625
1636	-0.00195312
1637	-0.00195312
1638	-0.00390625
1639	-0.00585938
1640	-0.00195312
1641	0.00390625
1642	-0.00195312
1643	-0.00195312
1644	0.00390625
1645	0.0078125
1646	0.00195312
1647	0
1648	0.00585938
1649	0.00195312
1650	0
1651	0.0078125
1652	-0.00390625
1653	0.00195312
1654	0
1655	0.00390625
1656	-0.00390625
1657	0.00585938
1658	0.00195312
1659	0
1660	-0.00585938
1661	0.0078125
1662	0
1663	-0.00195312
1664	0.00390625
1665	-0.00390625
1666	-0.00585938
1667	0.00390625
1668	0
1669	0
1670	0
1671	-0.00390625
1672	-0.00390625
1673	-0.00195312
1674	0
1675	-0.00195312
1676	0
1677	0
1678	0.00195312
1679	0
1680	0.0078125
1681	-0.00195312
1682	-0.00585938
1683	-0.00195312
1684	-0.00585938
1685	-0.00195312
1686	-0.00390625
1687	-0.00390625
1688	-0.00195312
1689	-0.00195312
1690	-0.00195312
1691	0.00585938
1692	0.00195312
1693	-0.00195312
1694	0.00195312
1695	0.00195312
1696	-0.00585938
1697	0.00195312
1698	0.00195312
1699	0
1700	0
1701	0.00195312
1702	0.00195312
1703	0.00585938
1704	0.00390625
1705	0.00390625
1706	0
1707	-0.00195312
1708	0.00390625
1709	0.00390625
1710	-0.00390625
1711	-0.0078125
1712	0.00390625
1713	0.00585938
1714	-0.00195312
1715	-0.00195312
1716	0.00195312
1717	0
1718	0
1719	-0.00390625
1720	0
1721	0
1722	0
1723	0.00195312
1724	0
1725	0
1726	-0.0078125
1727	-0.00195312
1728	-0.00390625
1729	-0.00585938
1730	0.00195312
1731	-0.00976562
1732	-0.00390625
1733	-0.00390625
1734	-0.00976562
1735	-0.00195312
1736	0.00195312
1737	-0.00390625
1738	0.00390625
1739	-0.00585938
1740	0
1741	0.00390625
1742	0.00585938
1743	-0.00585938
1744	-0.00195312
1745	-0.00585938
1746	0.0117188
1747	-0.00195312
1748	-0.00195312
1749	0.00195312
1750	-0.00585938
1751	-0.00390625
1752	0.00195312
1753	-0.00976562
1754	-0.00976562
1755	0
1756	0
1757	-0.00585938
1758	0.00195312
1759	0.00195312
1760	-0.00195312
1761	0.00195312
1762	-0.00585938
1763	-0.0078125
1764	0.00195312
1765	0.00585938
1766	-0.00195312
1767	-0.00390625
1768	0.00390625
1769	-0.00195312
1770	-0.00195312
1771	-0.00195312
1772	-0.0078125
1773	0.00195312
1774	-0.00195312
1775	0
1776	-0.00195312
1777	-0.00585938
1778	0.00585938
1779	0
1780	0.00390625
1781	-0.00195312
1782	-0.00585938
1783	0.00390625
1784	-0.00195312
1785	-0.00195312
1786	0
1787	-0.00390625
1788	-0.00195312
1789	0
1790	0.00976562
1791	-0.00195312
1792	0.00390625
1793	0.00195312
1794	0.00390625
1795	0.0078125
1796	0.00390625
1797	0.00585938
1798	0.00390625
1799	-0.00390625
1800	0.0117188
1801	0.00390625
1802	0.00195312
1803	0.00195312
1804	-0.00585938
1805	0.00390625
1806	0.00390625
1807	0
1808	0.00195312
1809	0.00195312
1810	0.00390625
1811	-0.00585938
1812	0.00390625
1813	-0.0117188
1814	-0.00585938
1815	-0.00390625
1816	-0.00195312
1817	-0.00195312
1818	0
1819	0.00585938
1820	0.00195312
1821	-0.00195312
1822	-0.00195312
1823	-0.00390625
1824	0
1825	0.00195312
1826	-0.00195312
1827	0.0078125
1828	-0.00390625
1829	0
1830	0.00390625
1831	0.00195312
1832	0
1833	-0.00195312
1834	-0.00390625
1835	-0.00390625
1836	-0.00195312
1837	-0.00390625
1838	-0.00390625
1839	0
1840	0.00195312
1841	0
1842	0.00195312
1843	-0.00390625
1844	-0.00390625
1845	-0.00390625
1846	0.00585938
1847	0.00195312
1848	-0.015625
1849	-0.00976562
1850	-0.00390625
1851	-0.00390625
1852	-0.00585938
1853	0
1854	0.00390625
1855	0
1856	0
1857	0.0078125
1858	0.00390625
1859	0.00195312
1860	0
1861	0.00390625
1862	0.00390625
1863	0
1864	0.00195312
1865	0
1866	-0.00195312
1867	-0.00195312
1868	0.00585938
1869	-0.00195312
1870	0
1871	0.00195312
1872	0
1873	-0.00390625
1874	0.00390625
1875	-0.00390625
1876	0
1877	0.00195312
1878	-0.00195312
1879	0
1880	-0.00195312
1881	0.00195312
1882	-0.00195312
1883	0.00195312
1884	0
1885	0.00195312
1886	0
1887	0
1888	-0.00195312
1889	-0.00390625
1890	0.00195312
1891	0.00390625
1892	-0.00585938
1893	0.00195312
1894	-0.00585938
1895	0.00390625
1896	-0.00195312
1897	-0.00390625
1898	-0.00195312
1899	0.00390625
1900	0
1901	0
1902	-0.00390625
1903	0.00390625
1904	0.00585938
1905	-0.00195312
1906	-0.00390625
1907	0.00390625
1908	0.00195312
1909	0
1910	0.0078125
1911	-0.00390625
1912	0.00585938
1913	-0.00390625
1914	-0.00195312
1915	-0.00195312
1916	-0.00195312
1917	-0.0117188
1918	0
1919	0.00195312
1920	-0.00195312
1921	-0.00390625
1922	-0.00585938
1923	0
1924	0.00195312
1925	-0.00976562
1926	0
1927	0
1928	0.0078125
1929	-0.00195312
1930	-0.00195312
1931	0.0078125
1932	-0.00390625
1933	0.00585938
1934	0.00976562
1935	0.00195312
1936	0.00585938
1937	-0.00195312
1938	0
1939	-0.00390625
1940	0.00390625
1941	0.00195312
1942	-0.00390625
1943	0.00390625
1944	-0.00390625
1945	0.00390625
1946	-0.00390625
1947	-0.0078125
1948	-0.00195312
1949	0.00195312
1950	0
1951	-0.00585938
1952	-0.00195312
1953	0
1954	-0.00195312
1955	0.00195312
1956	0
1957	0.00195312
1958	-0.00195312
1959	-0.00585938
1960	0.00195312
1961	0.00390625
1962	0
1963	-0.00195312
1964	0.00390625
1965	-0.00390625
1966	-0.00390625
1967	0.00390625
1968	-0.00390625
1969	0
1970	-0.00585938
1971	-0.00585938
1972	0.00390625
1973	0
1974	0.00195312
1975	-0.00195312
1976	-0.00390625
1977	-0.00390625
1978	-0.00195312
1979	-0.00195312
1980	0.00585938
1981	0.00390625
1982	0.00195312
1983	0
1984	0.0078125
1985	0.0078125
1986	-0.00390625
1987	-0.00390625
1988	0.00390625
1989	0
1990	0.00195312
1991	0.00195312
1992	-0.00195312
1993	-0.00585938
1994	-0.00390625
1995	0.00195312
1996	-0.00585938
1997	-0.00195312
1998	-0.00195312
1999	-0.00390625
