0	0.0166321
1	0.00225067
2	0.000518799
3	0.000549316
4	0.000144958
5	-0.000205994
6	-0.000267029
7	4.57764e-05
8	-0.000785828
9	-0.000190735
10	-0.000358582
11	3.05176e-05
12	-0.00105286
13	0.000198364
14	-0.00037384
15	0.000350952
16	0.000411987
17	-0.000534058
18	4.57764e-05
19	0.000350952
20	0.000144958
21	0.000534058
22	-8.39233e-05
23	-0.000198364
24	0.000320435
25	0.00063324
26	-0.000305176
27	-0.000160217
28	-0.00037384
29	8.39233e-05
30	0.000442505
31	-0.000823975
32	0.000495911
33	-9.91821e-05
34	-0.000152588
35	-4.57764e-05
36	3.05176e-05
37	0.000602722
38	0.000137329
39	0.000244141
40	-0.000259399
41	-0.000450134
42	-0.000175476
43	0.000610352
44	-0.00025177
45	0.000190735
46	-6.86646e-05
47	0.000167847
48	-3.05176e-05
49	0.000160217
50	-3.05176e-05
51	-0.000511169
52	0.000427246
53	-0.000549316
54	-9.15527e-05
55	-6.10352e-05
56	-0.000648499
57	0.000190735
58	0
59	0.000236511
60	-0.000114441
61	-0.000305176
62	0.000389099
63	-0.000175476
64	-0.0001297
65	0.000305176
66	0
67	0.000587463
68	8.39233e-05
69	-0.000473022
70	-0.000190735
71	-0.000114441
72	-0.000114441
73	-7.62939e-05
74	-9.15527e-05
75	9.15527e-05
76	-1.52588e-05
77	0.000785828
78	-7.62939e-06
79	-0.000198364
80	-9.91821e-05
81	-7.62939e-06
82	0.000160217
83	5.34058e-05
84	-0.00025177
85	7.62939e-05
86	-5.34058e-05
87	-0.000152588
88	-3.8147e-05
89	0.000175476
90	-0.000328064
91	-1.52588e-05
92	-0.000213623
93	-0.000259399
94	0.000312805
95	-0.000244141
96	-0.000106812
97	-0.000328064
98	-0.000541687
99	0.000457764
100	0.000183105
101	0
102	6.86646e-05
103	0.00012207
104	-0.000160217
105	-3.05176e-05
106	-0.000167847
107	0.000358582
108	0.000190735
109	9.91821e-05
110	0.000137329
111	-7.62939e-06
112	0.000167847
113	6.10352e-05
114	4.57764e-05
115	-0.000228882
116	-0.000175476
117	0.000160217
118	-0.000160217
119	9.15527e-05
120	-0.000137329
121	-0.000419617
122	-9.91821e-05
123	0.000297546
124	5.34058e-05
125	0.000114441
126	-3.05176e-05
127	-0.000198364
128	-0.000160217
129	0.00025177
130	-0.000236511
131	7.62939e-05
132	-0.000488281
133	4.57764e-05
134	-0.000267029
135	-0.000411987
136	0.000205994
137	0.000190735
138	0.000297546
139	-0.000289917
140	8.39233e-05
141	-0.000350952
142	-0.000175476
143	-0.000183105
144	-0.0001297
145	5.34058e-05
146	0.000350952
147	0.000106812
148	0.000587463
149	0.000305176
150	-2.28882e-05
151	-0.00025177
152	-4.57764e-05
153	-0.000106812
154	8.39233e-05
155	0.0001297
156	-8.39233e-05
157	0.00012207
158	-6.10352e-05
159	-0.000114441
160	-1.52588e-05
161	-0.000282288
162	-0.000335693
163	-6.10352e-05
164	-0.000114441
165	0.000656128
166	0.000213623
167	0.000144958
168	-0.000396729
169	-9.15527e-05
170	0.000160217
171	-0.00012207
172	0.000427246
173	0.0001297
174	7.62939e-06
175	0.000366211
176	0.000198364
177	0.000320435
178	0.000289917
179	0.000297546
180	0.000267029
181	0.000442505
182	7.62939e-05
183	-0.000228882
184	0.000190735
185	7.62939e-06
186	-0.000320435
187	0
188	-0.000183105
189	-5.34058e-05
190	-0.000228882
191	-9.15527e-05
192	0.000328064
193	-0.000198364
194	-6.10352e-05
195	0.000434875
196	0.000259399
197	0.000198364
198	-0.00012207
199	-7.62939e-05
200	0.000213623
201	-0.000259399
202	-5.34058e-05
203	0.000152588
204	-0.000236511
205	-9.15527e-05
206	0.000167847
207	-7.62939e-05
208	-7.62939e-05
209	-0.000106812
210	-7.62939e-06
211	0.000343323
212	0.000511169
213	-2.28882e-05
214	0.000343323
215	-0.000106812
216	-7.62939e-05
217	-6.86646e-05
218	-0.000167847
219	6.86646e-05
220	-0.000160217
221	0.000274658
222	-7.62939e-05
223	2.28882e-05
224	-3.05176e-05
225	3.05176e-05
226	-8.39233e-05
227	0.000419617
228	7.62939e-05
229	-0.000350952
230	-0.000366211
231	-0.000198364
232	-0.000114441
233	-6.86646e-05
234	0.000267029
235	-6.10352e-05
236	1.52588e-05
237	0.000480652
238	-5.34058e-05
239	3.8147e-05
240	0.00012207
241	-0.0001297
242	-0.000228882
243	0.000167847
244	0.000389099
245	0.000579834
246	9.91821e-05
247	-8.39233e-05
248	-0.000183105
249	0.000343323
250	0.000450134
251	-0.00025177
252	-0.000259399
253	0.00012207
254	-0.000183105
255	0.000267029
256	0.000282288
257	0.000144958
258	-0.000312805
259	-2.28882e-05
260	0.000259399
261	9.91821e-05
262	6.86646e-05
263	3.8147e-05
264	0.000137329
265	7.62939e-05
266	-0.000289917
267	-6.86646e-05
268	-4.57764e-05
269	0.0001297
270	0.000144958
271	0.000144958
272	0.000183105
273	0.000205994
274	0.000114441
275	-0.000205994
276	-0.000198364
277	4.57764e-05
278	4.57764e-05
279	-0.000289917
280	-0.000282288
281	-0.000167847
282	-0.000190735
283	0.000175476
284	-0.000335693
285	-0.000152588
286	-5.34058e-05
287	3.05176e-05
288	-7.62939e-05
289	-0.000221252
290	0.0001297
291	1.52588e-05
292	-7.62939e-06
293	-0.000221252
294	0.000389099
295	-6.10352e-05
296	0.000305176
297	0.000312805
298	-0.000366211
299	-8.39233e-05
300	-0.0001297
301	0.000160217
302	-0.000106812
303	0.000244141
304	2.28882e-05
305	0.000411987
306	0.000175476
307	0.000205994
308	-0.000305176
309	9.15527e-05
310	0.000236511
311	-0.000328064
312	0.000282288
313	-7.62939e-06
314	-0.000480652
315	0.000282288
316	-0.000144958
317	-7.62939e-06
318	0.00025177
319	0.000183105
320	-5.34058e-05
321	-1.52588e-05
322	0.000244141
323	-8.39233e-05
324	6.10352e-05
325	3.8147e-05
326	-0.000205994
327	-0.000160217
328	-0.000305176
329	0.000221252
330	0.000312805
331	-3.05176e-05
332	9.15527e-05
333	0.000114441
334	-0.000190735
335	0.000289917
336	0.000198364
337	-2.28882e-05
338	0.00012207
339	-0.000106812
340	-0.000114441
341	-3.8147e-05
342	-0.00025177
343	-4.57764e-05
344	2.28882e-05
345	9.15527e-05
346	-7.62939e-06
347	-0.000274658
348	0.000152588
349	4.57764e-05
350	0.00012207
351	9.91821e-05
352	-9.91821e-05
353	-0.000167847
354	-0.000244141
355	7.62939e-06
356	0.000267029
357	-0.000183105
358	-0.00025177
359	-0.000144958
360	4.57764e-05
361	-0.000350952
362	8.39233e-05
363	-9.91821e-05
364	6.10352e-05
365	0.0001297
366	0.000106812
367	-8.39233e-05
368	0.000205994
369	0.00025177
370	7.62939e-05
371	0.00012207
372	6.86646e-05
373	-0.00025177
374	0.000175476
375	0.000305176
376	6.10352e-05
377	0.000320435
378	0.000411987
379	0.000167847
380	0.000221252
381	0.00025177
382	0.000114441
383	0.000106812
384	0.000244141
385	0.000175476
386	-0.000167847
387	2.28882e-05
388	0.000213623
389	-0.000205994
390	-0.000175476
391	4.57764e-05
392	-9.91821e-05
393	-0.000137329
394	0.000198364
395	0.000114441
396	-0.000289917
397	-0.000473022
398	-0.000335693
399	-2.28882e-05
400	0.000183105
401	9.91821e-05
402	-0.000167847
403	7.62939e-06
404	0.00025177
405	0.000396729
406	3.8147e-05
407	-0.0001297
408	-5.34058e-05
409	-0.000228882
410	-0.000152588
411	0.000221252
412	0.000213623
413	-0.000152588
414	7.62939e-05
415	3.05176e-05
416	0.000205994
417	-4.57764e-05
418	0.00037384
419	-0.000213623
420	-0.000320435
421	0.000404358
422	0.000205994
423	-6.86646e-05
424	9.91821e-05
425	0.0001297
426	-3.8147e-05
427	-0.000160217
428	-3.05176e-05
429	4.57764e-05
430	0.0001297
431	-0.000190735
432	7.62939e-05
433	0.000167847
434	-2.28882e-05
435	0.000244141
436	4.57764e-05
437	7.62939e-05
438	-1.52588e-05
439	-0.000106812
440	-0.000244141
441	0
442	-4.57764e-05
443	0.000213623
444	-5.34058e-05
445	-0.000274658
446	0.0001297
447	-0.000106812
448	-0.000305176
449	5.34058e-05
450	-0.000267029
451	-0.000183105
452	0.000328064
453	-0.000221252
454	-0.000114441
455	0.000144958
456	0.000152588
457	-9.91821e-05
458	-6.10352e-05
459	3.05176e-05
460	0.000152588
461	-0.000152588
462	9.15527e-05
463	-1.52588e-05
464	-0.000137329
465	8.39233e-05
466	7.62939e-06
467	0.000221252
468	0.000213623
469	-0.000137329
470	-0.000228882
471	-0.000396729
472	-9.91821e-05
473	-0.000183105
474	-3.05176e-05
475	-7.62939e-05
476	-0.000213623
477	0.000350952
478	0.000144958
479	-0.000236511
480	-9.91821e-05
481	0.000205994
482	0.00012207
483	-2.28882e-05
484	-0.000297546
485	0.000244141
486	0.0001297
487	5.34058e-05
488	0.000305176
489	9.91821e-05
490	-0.000144958
491	-0.0001297
492	5.34058e-05
493	-0.000183105
494	9.91821e-05
495	0.000396729
496	-0.000328064
497	-9.15527e-05
498	0.000320435
499	0.000343323
500	0.000160217
501	-0.000106812
502	-6.10352e-05
503	-0.000236511
504	-0.000190735
505	-0.000236511
506	0.000267029
507	-0.000137329
508	-3.8147e-05
509	-0.000175476
510	-0.000213623
511	-7.62939e-05
512	0.00012207
513	0.00025177
514	7.62939e-05
515	9.15527e-05
516	-0.000106812
517	0.000114441
518	-8.39233e-05
519	1.52588e-05
520	-0.000358582
521	7.62939e-05
522	0.000175476
523	-1.52588e-05
524	-0.000167847
525	-0.000213623
526	5.34058e-05
527	7.62939e-05
528	2.28882e-05
529	7.62939e-05
530	0.000282288
531	-0.000244141
532	-0.00012207
533	-0.000106812
534	-9.91821e-05
535	0.0001297
536	-0.000144958
537	-0.000236511
538	-6.86646e-05
539	0.000198364
540	-5.34058e-05
541	0.000114441
542	7.62939e-06
543	1.52588e-05
544	1.52588e-05
545	-6.10352e-05
546	3.05176e-05
547	-0.000144958
548	0.000152588
549	-6.86646e-05
550	0.000190735
551	-0.00012207
552	0.000205994
553	-0.00012207
554	-1.52588e-05
555	-0.000144958
556	-0.000167847
557	3.05176e-05
558	0.000137329
559	0.000137329
560	8.39233e-05
561	-0.000190735
562	-7.62939e-05
563	-8.39233e-05
564	4.57764e-05
565	0
566	5.34058e-05
567	-6.86646e-05
568	-0.000274658
569	-0.000167847
570	-0.000167847
571	-0.00025177
572	-0.000274658
573	-3.8147e-05
574	0.000137329
575	-0.0001297
576	0
577	0.000244141
578	9.91821e-05
579	-1.52588e-05
580	-8.39233e-05
581	7.62939e-06
582	-9.15527e-05
583	-0.000221252
584	5.34058e-05
585	5.34058e-05
586	0.000144958
587	0.000175476
588	-0.000305176
589	7.62939e-05
590	0.000152588
591	-0.000152588
592	-0.000106812
593	-3.8147e-05
594	-0.000244141
595	-0.000213623
596	-3.8147e-05
597	2.28882e-05
598	-2.28882e-05
599	3.8147e-05
600	5.34058e-05
601	-9.91821e-05
602	-4.57764e-05
603	-0.000198364
604	0.000358582
605	0.000190735
606	0.000213623
607	-0.000175476
608	-0.000144958
609	0
610	0.00012207
611	0.000137329
612	-0.000137329
613	4.57764e-05
614	0.000106812
615	-0.000236511
616	0.000114441
617	-1.52588e-05
618	0.000106812
619	0.000335693
620	-2.28882e-05
621	0.000152588
622	0.000205994
623	0.000175476
624	0.000137329
625	3.05176e-05
626	0.000190735
627	-0.000205994
628	-0.000205994
629	3.05176e-05
630	-0.000114441
631	-0.000297546
632	0.000259399
633	-7.62939e-06
634	-9.91821e-05
635	-0.000114441
636	8.39233e-05
637	0.00012207
638	-7.62939e-06
639	-6.10352e-05
640	0.000335693
641	3.8147e-05
642	3.8147e-05
643	0.000114441
644	1.52588e-05
645	0.000244141
646	-0.00012207
647	6.10352e-05
648	5.34058e-05
649	0.000114441
650	-0.000183105
651	0.000236511
652	-0.000190735
653	-0.00038147
654	-0.000297546
655	-1.52588e-05
656	-0.0001297
657	-6.10352e-05
658	0.000160217
659	-8.39233e-05
660	5.34058e-05
661	-0.000152588
662	-3.05176e-05
663	3.05176e-05
664	-7.62939e-06
665	-4.57764e-05
666	-9.15527e-05
667	-6.86646e-05
668	9.15527e-05
669	0.000106812
670	0.000213623
671	-2.28882e-05
672	5.34058e-05
673	-0.000183105
674	-0.000160217
675	-6.10352e-05
676	6.10352e-05
677	0.00012207
678	0.000335693
679	-2.28882e-05
680	-0.00012207
681	-0.000221252
682	-0.000190735
683	0.000114441
684	0.000106812
685	8.39233e-05
686	-3.8147e-05
687	0.000114441
688	0.000228882
689	-0.000236511
690	-0.000106812
691	-0.000175476
692	-0.000305176
693	-4.57764e-05
694	0.000213623
695	6.10352e-05
696	0.000144958
697	-7.62939e-06
698	2.28882e-05
699	-0.000114441
700	0.000267029
701	-8.39233e-05
702	1.52588e-05
703	3.05176e-05
704	0.00012207
705	0.000190735
706	9.15527e-05
707	-2.28882e-05
708	0.000183105
709	1.52588e-05
710	-0.000358582
711	-0.000312805
712	-0.000183105
713	3.8147e-05
714	-0.000236511
715	-9.91821e-05
716	0.000144958
717	8.39233e-05
718	-0.000167847
719	-0.000236511
720	3.8147e-05
721	0.000152588
722	7.62939e-06
723	0.000160217
724	7.62939e-05
725	0.000228882
726	-6.86646e-05
727	0.000198364
728	0
729	-0.000213623
730	-0.000167847
731	9.91821e-05
732	-2.28882e-05
733	-6.86646e-05
734	-6.86646e-05
735	-2.28882e-05
736	0.000137329
737	9.91821e-05
738	-6.10352e-05
739	8.39233e-05
740	0.000106812
741	-0.000137329
742	-6.10352e-05
743	-0.000152588
744	-0.000152588
745	-7.62939e-05
746	3.8147e-05
747	7.62939e-06
748	0.000366211
749	0.000183105
750	6.10352e-05
751	7.62939e-05
752	0
753	0
754	0
755	7.62939e-05
756	-6.10352e-05
757	-4.57764e-05
758	-6.86646e-05
759	3.8147e-05
760	0
761	-0.000259399
762	3.05176e-05
763	0.000289917
764	-0.000244141
765	-6.10352e-05
766	-0.00012207
767	9.91821e-05
768	-8.39233e-05
769	-0.000183105
770	4.57764e-05
771	-0.000114441
772	-7.62939e-05
773	-0.000198364
774	-0.000144958
775	7.62939e-06
776	0.00012207
777	7.62939e-05
778	-6.86646e-05
779	-6.10352e-05
780	0.000228882
781	-0.000282288
782	1.52588e-05
783	0.000282288
784	-4.57764e-05
785	-0.00012207
786	5.34058e-05
787	-7.62939e-06
788	-3.8147e-05
789	3.05176e-05
790	0.000213623
791	-7.62939e-05
792	0.000221252
793	-0.000160217
794	0
795	-6.86646e-05
796	-0.000221252
797	7.62939e-06
798	0.000396729
799	-4.57764e-05
800	-0.000190735
801	0.000152588
802	3.05176e-05
803	-8.39233e-05
804	0.000312805
805	7.62939e-05
806	9.91821e-05
807	1.52588e-05
808	1.52588e-05
809	-6.10352e-05
810	-7.62939e-05
811	-0.000335693
812	0.000144958
813	0.000137329
814	0.0001297
815	-0.000228882
816	-3.8147e-05
817	-9.91821e-05
818	6.86646e-05
819	0.00012207
820	-1.52588e-05
821	3.8147e-05
822	4.57764e-05
823	-0.000144958
824	7.62939e-05
825	0.000114441
826	-0.000152588
827	-6.86646e-05
828	-9.15527e-05
829	0.000137329
830	-4.57764e-05
831	0
832	0.000213623
833	-0.000175476
834	-0.000106812
835	6.86646e-05
836	0.000167847
837	-0.000183105
838	-0.000221252
839	-0.0001297
840	0.000213623
841	-9.91821e-05
842	-9.91821e-05
843	2.28882e-05
844	0.000137329
845	7.62939e-05
846	-0.000312805
847	1.52588e-05
848	8.39233e-05
849	2.28882e-05
850	-0.000106812
851	0.000183105
852	-6.86646e-05
853	-0.000244141
854	0
855	0.000114441
856	-0.00012207
857	-0.000274658
858	-0.000289917
859	7.62939e-05
860	7.62939e-05
861	4.57764e-05
862	0.000190735
863	0.000213623
864	7.62939e-06
865	-0.000236511
866	-0.000114441
867	-0.000137329
868	-6.10352e-05
869	8.39233e-05
870	-0.00025177
871	7.62939e-05
872	3.8147e-05
873	-6.10352e-05
874	0.000236511
875	1.52588e-05
876	-0.000114441
877	4.57764e-05
878	-5.34058e-05
879	-9.15527e-05
880	9.15527e-05
881	-9.15527e-05
882	-7.62939e-06
883	-1.52588e-05
884	0.000137329
885	7.62939e-06
886	9.15527e-05
887	-4.57764e-05
888	0.000267029
889	0.000114441
890	-5.34058e-05
891	-0.000167847
892	0.000152588
893	4.57764e-05
894	0.00025177
895	7.62939e-05
896	3.05176e-05
897	0.000114441
898	-2.28882e-05
899	-8.39233e-05
900	0.000106812
901	-0.0001297
902	-7.62939e-06
903	0.000106812
904	2.28882e-05
905	8.39233e-05
906	-2.28882e-05
907	-1.52588e-05
908	-0.000190735
909	-0.000152588
910	-0.0001297
911	-6.10352e-05
912	-3.8147e-05
913	-7.62939e-06
914	3.8147e-05
915	0.000167847
916	0.000213623
917	-0.000175476
918	-1.52588e-05
919	-0.000183105
920	7.62939e-05
921	-0.000236511
922	0.000282288
923	-8.39233e-05
924	7.62939e-06
925	-0.000228882
926	0.000335693
927	-9.15527e-05
928	8.39233e-05
929	0.00012207
930	-5.34058e-05
931	0.000152588
932	-9.15527e-05
933	-0.000137329
934	-4.57764e-05
935	7.62939e-06
936	0
937	-8.39233e-05
938	-0.000320435
939	0.000198364
940	-0.000106812
941	0.000289917
942	7.62939e-06
943	-6.10352e-05
944	-7.62939e-06
945	-0.000114441
946	-8.39233e-05
947	-0.000228882
948	5.34058e-05
949	-0.000228882
950	-0.000106812
951	0.000297546
952	0
953	-0.000350952
954	6.86646e-05
955	-0.00025177
956	-7.62939e-05
957	5.34058e-05
958	0.000228882
959	-5.34058e-05
960	7.62939e-06
961	-4.57764e-05
962	-5.34058e-05
963	0.000183105
964	-0.000137329
965	0.000228882
966	-8.39233e-05
967	1.52588e-05
968	-0.000198364
969	-0.000289917
970	-0.0001297
971	3.05176e-05
972	0.000144958
973	7.62939e-05
974	-0.000282288
975	-0.0001297
976	-8.39233e-05
977	2.28882e-05
978	-0.000152588
979	0.000114441
980	8.39233e-05
981	-6.86646e-05
982	1.52588e-05
983	8.39233e-05
984	6.10352e-05
985	-0.000137329
986	-8.39233e-05
987	0.0001297
988	0.000114441
989	-7.62939e-06
990	0
991	7.62939e-05
992	-9.15527e-05
993	-9.15527e-05
994	0.000160217
995	-4.57764e-05
996	-5.34058e-05
997	-1.52588e-05
998	-0.000404358
999	-0.000289917
1000	-0.000213623
1001	0.000198364
1002	-3.8147e-05
1003	6.86646e-05
1004	7.62939e-05
1005	0.000297546
1006	5.34058e-05
1007	9.15527e-05
1008	7.62939e-05
1009	-0.000152588
1010	-0.000152588
1011	-3.8147e-05
1012	-0.000236511
1013	-0.000205994
1014	-0.000274658
1015	-0.000175476
1016	0.000183105
1017	-6.10352e-05
1018	-6.10352e-05
1019	-3.8147e-05
1020	8.39233e-05
1021	2.28882e-05
1022	3.05176e-05
1023	3.8147e-05
1024	0.000213623
1025	-0.000183105
1026	-8.39233e-05
1027	-6.10352e-05
1028	0.000137329
1029	5.34058e-05
1030	-0.000160217
1031	-0.0001297
1032	-0.000244141
1033	0.000106812
1034	-0.000213623
1035	0
1036	-0.000221252
1037	7.62939e-06
1038	-7.62939e-05
1039	8.39233e-05
1040	-0.000160217
1041	0.00012207
1042	0.000106812
1043	0.000205994
1044	-0.000144958
1045	-0.000267029
1046	-0.000244141
1047	-0.000198364
1048	7.62939e-05
1049	0.000160217
1050	-0.000175476
1051	-2.28882e-05
1052	3.05176e-05
1053	3.05176e-05
1054	-0.000228882
1055	-0.000183105
1056	-0.000305176
1057	-0.000160217
1058	0.000259399
1059	-0.00012207
1060	-8.39233e-05
1061	-0.000244141
1062	0.000282288
1063	0.000320435
1064	7.62939e-06
1065	-0.000213623
1066	-0.000305176
1067	-7.62939e-05
1068	-0.000167847
1069	-0.000175476
1070	-9.15527e-05
1071	-0.000259399
1072	0.00025177
1073	0.000144958
1074	0.000236511
1075	0.00050354
1076	0.000137329
1077	-2.28882e-05
1078	-4.57764e-05
1079	-0.000259399
1080	-5.34058e-05
1081	-9.91821e-05
1082	-7.62939e-06
1083	-0.000198364
1084	1.52588e-05
1085	4.57764e-05
1086	0.000236511
1087	0
1088	-0.000183105
1089	0.000289917
1090	-0.0001297
1091	-4.57764e-05
1092	-8.39233e-05
1093	8.39233e-05
1094	3.05176e-05
1095	4.57764e-05
1096	0.000175476
1097	0.000366211
1098	-2.28882e-05
1099	5.34058e-05
1100	8.39233e-05
1101	-0.000335693
1102	-8.39233e-05
1103	-9.91821e-05
1104	9.15527e-05
1105	-7.62939e-06
1106	0.000343323
1107	9.91821e-05
1108	0.000198364
1109	-0.000205994
1110	-0.000312805
1111	-1.52588e-05
1112	9.91821e-05
1113	-1.52588e-05
1114	-1.52588e-05
1115	0.000106812
1116	0.000152588
1117	3.8147e-05
1118	-0.000114441
1119	-0.000160217
1120	-0.000114441
1121	0.000396729
1122	-0.000144958
1123	-3.8147e-05
1124	-1.52588e-05
1125	-0.0001297
1126	-0.000183105
1127	-0.0001297
1128	3.8147e-05
1129	-0.000259399
1130	-0.000137329
1131	3.05176e-05
1132	5.34058e-05
1133	-2.28882e-05
1134	-7.62939e-05
1135	-4.57764e-05
1136	-0.000152588
1137	-5.34058e-05
1138	-0.000205994
1139	-0.000114441
1140	-0.00012207
1141	-0.00025177
1142	-0.000434875
1143	2.28882e-05
1144	0.000297546
1145	-2.28882e-05
1146	-3.05176e-05
1147	8.39233e-05
1148	-7.62939e-06
1149	0.000167847
1150	1.52588e-05
1151	-0.000190735
1152	-0.00012207
1153	-0.000137329
1154	-3.8147e-05
1155	0.000175476
1156	-6.86646e-05
1157	0.000198364
1158	0.000183105
1159	0.000404358
1160	2.28882e-05
1161	-0.0001297
1162	-0.000183105
1163	0.000114441
1164	-1.52588e-05
1165	-0.000114441
1166	-2.28882e-05
1167	-0.000114441
1168	-9.91821e-05
1169	0.000152588
1170	6.86646e-05
1171	-0.000137329
1172	0.000144958
1173	0.000320435
1174	0.000114441
1175	0.000167847
1176	0.000144958
1177	3.8147e-05
1178	0
1179	0.000144958
1180	-0.0001297
1181	2.28882e-05
1182	-0.000160217
1183	0.000152588
1184	-0.000183105
1185	-0.000221252
1186	0.00012207
1187	0.000274658
1188	6.10352e-05
1189	0.000175476
1190	8.39233e-05
1191	9.15527e-05
1192	-3.8147e-05
1193	0
1194	-9.91821e-05
1195	8.39233e-05
1196	-0.000244141
1197	9.91821e-05
1198	0.000297546
1199	9.91821e-05
1200	8.39233e-05
1201	0.00025177
1202	0.000221252
1203	9.15527e-05
1204	-6.10352e-05
1205	2.28882e-05
1206	0.000175476
1207	0.0001297
1208	-9.15527e-05
1209	-0.000282288
1210	0.000137329
1211	2.28882e-05
1212	-0.000144958
1213	-7.62939e-06
1214	-1.52588e-05
1215	0.00012207
1216	1.52588e-05
1217	-0.000297546
1218	-9.15527e-05
1219	-4.57764e-05
1220	9.91821e-05
1221	7.62939e-05
1222	-3.05176e-05
1223	-0.00012207
1224	-0.00012207
1225	-0.000175476
1226	-9.15527e-05
1227	-8.39233e-05
1228	-3.8147e-05
1229	-3.8147e-05
1230	-4.57764e-05
1231	-4.57764e-05
1232	-4.57764e-05
1233	-2.28882e-05
1234	2.28882e-05
1235	-0.000305176
1236	1.52588e-05
1237	6.86646e-05
1238	-0.000267029
1239	0.000167847
1240	0.000221252
1241	6.10352e-05
1242	3.05176e-05
1243	0.000137329
1244	7.62939e-06
1245	0.0001297
1246	0
1247	3.05176e-05
1248	-9.91821e-05
1249	1.52588e-05
1250	5.34058e-05
1251	4.57764e-05
1252	0.000198364
1253	6.10352e-05
1254	-9.15527e-05
1255	-5.34058e-05
1256	0.000244141
1257	-0.000114441
1258	8.39233e-05
1259	0.000167847
1260	-0.000106812
1261	0.00012207
1262	-0.000114441
1263	-4.57764e-05
1264	-6.86646e-05
1265	0.000190735
1266	0.000152588
1267	0.000106812
1268	8.39233e-05
1269	1.52588e-05
1270	-0.000144958
1271	-6.86646e-05
1272	0.000152588
1273	6.86646e-05
1274	0.000289917
1275	-7.62939e-05
1276	-4.57764e-05
1277	0
1278	-9.91821e-05
1279	0.000114441
1280	7.62939e-05
1281	-5.34058e-05
1282	-0.000343323
1283	-0.000305176
1284	7.62939e-06
1285	-7.62939e-06
1286	-9.91821e-05
1287	0.000190735
1288	8.39233e-05
1289	0.000175476
1290	9.91821e-05
1291	0.000144958
1292	-0.000289917
1293	-0.000183105
1294	-5.34058e-05
1295	0.00012207
1296	4.57764e-05
1297	0.000198364
1298	0.000213623
1299	-4.57764e-05
1300	5.34058e-05
1301	4.57764e-05
1302	-9.15527e-05
1303	0
1304	-0.000152588
1305	-0.000144958
1306	-6.10352e-05
1307	-0.000312805
1308	-0.000228882
1309	5.34058e-05
1310	-8.39233e-05
1311	-6.10352e-05
1312	-7.62939e-05
1313	-8.39233e-05
1314	-1.52588e-05
1315	0.000106812
1316	-0.00012207
1317	0.000144958
1318	-2.28882e-05
1319	-8.39233e-05
1320	-3.05176e-05
1321	-1.52588e-05
1322	-9.91821e-05
1323	7.62939e-05
1324	3.05176e-05
1325	-8.39233e-05
1326	-9.15527e-05
1327	9.15527e-05
1328	6.10352e-05
1329	-0.000190735
1330	0.000137329
1331	0.000137329
1332	9.15527e-05
1333	-7.62939e-06
1334	-0.000167847
1335	-0.000274658
1336	6.86646e-05
1337	3.8147e-05
1338	-7.62939e-06
1339	6.86646e-05
1340	-0.000282288
1341	0.000160217
1342	5.34058e-05
1343	7.62939e-06
1344	0.000221252
1345	5.34058e-05
1346	7.62939e-05
1347	-0.000274658
1348	-0.000289917
1349	0.000152588
1350	-9.15527e-05
1351	0.000190735
1352	3.05176e-05
1353	-0.000167847
1354	0.000274658
1355	-8.39233e-05
1356	0.000137329
1357	-0.000144958
1358	-8.39233e-05
1359	-0.0001297
1360	-0.000144958
1361	-0.000274658
1362	0.000160217
1363	7.62939e-05
1364	-7.62939e-05
1365	0.000175476
1366	0.000137329
1367	-0.000236511
1368	9.91821e-05
1369	1.52588e-05
1370	-7.62939e-05
1371	0
1372	-0.0001297
1373	9.15527e-05
1374	0.000267029
1375	4.57764e-05
1376	7.62939e-05
1377	-0.000190735
1378	0
1379	-0.000205994
1380	-0.000213623
1381	-9.91821e-05
1382	6.86646e-05
1383	8.39233e-05
1384	-5.34058e-05
1385	-7.62939e-06
1386	-0.000167847
1387	7.62939e-06
1388	6.10352e-05
1389	-0.000221252
1390	1.52588e-05
1391	-0.000152588
1392	-8.39233e-05
1393	3.05176e-05
1394	5.34058e-05
1395	6.86646e-05
1396	0.000106812
1397	6.10352e-05
1398	6.86646e-05
1399	-0.000213623
1400	-0.000236511
1401	-0.000175476
1402	0.000289917
1403	-6.86646e-05
1404	0.000488281
1405	-0.000175476
1406	-0.000213623
1407	-0.000221252
1408	-9.15527e-05
1409	-0.000152588
1410	-0.00025177
1411	0.000198364
1412	0.000221252
1413	0.000289917
1414	-9.15527e-05
1415	0.0001297
1416	5.34058e-05
1417	-0.000190735
1418	-0.0001297
1419	-3.05176e-05
1420	-0.000175476
1421	-0.000106812
1422	0.000297546
1423	-0.000183105
1424	6.86646e-05
1425	1.52588e-05
1426	9.15527e-05
1427	0.000114441
1428	0.000137329
1429	3.8147e-05
1430	4.57764e-05
1431	0.000297546
1432	1.52588e-05
1433	-1.52588e-05
1434	2.28882e-05
1435	2.28882e-05
1436	0.000144958
1437	0.000221252
1438	0.000114441
1439	0.000282288
1440	0.000152588
1441	6.86646e-05
1442	-0.0001297
1443	0.000190735
1444	-6.86646e-05
1445	-2.28882e-05
1446	-1.52588e-05
1447	-2.28882e-05
1448	4.57764e-05
1449	-0.000106812
1450	2.28882e-05
1451	0.000144958
1452	0
1453	4.57764e-05
1454	-0.000160217
1455	-0.000106812
1456	-0.000183105
1457	-0.000137329
1458	0
1459	0.000335693
1460	7.62939e-06
1461	-0.000213623
1462	0.000289917
1463	0.000289917
1464	0.000160217
1465	2.28882e-05
1466	-0.0001297
1467	-0.000106812
1468	-2.28882e-05
1469	-0.000137329
1470	-0.0001297
1471	3.8147e-05
1472	-3.8147e-05
1473	-2.28882e-05
1474	-5.34058e-05
1475	-0.000244141
1476	-0.000160217
1477	-0.000144958
1478	9.15527e-05
1479	5.34058e-05
1480	-9.91821e-05
1481	4.57764e-05
1482	-7.62939e-06
1483	0.000144958
1484	-0.000228882
1485	-5.34058e-05
1486	0.000282288
1487	7.62939e-06
1488	9.15527e-05
1489	-0.0001297
1490	-0.000106812
1491	3.05176e-05
1492	0.000190735
1493	-0.000236511
1494	0.0001297
1495	-6.10352e-05
1496	-9.91821e-05
1497	6.10352e-05
1498	-3.05176e-05
1499	0.000259399
1500	-0.000106812
1501	7.62939e-06
1502	1.52588e-05
1503	-7.62939e-06
1504	8.39233e-05
1505	-0.000144958
1506	-7.62939e-05
1507	-6.86646e-05
1508	-0.000305176
1509	4.57764e-05
1510	0.000183105
1511	3.8147e-05
1512	-0.000137329
1513	-4.57764e-05
1514	3.05176e-05
1515	0.000366211
1516	3.8147e-05
1517	-7.62939e-06
1518	-3.8147e-05
1519	0.000305176
1520	-6.10352e-05
1521	5.34058e-05
1522	-7.62939e-05
1523	-5.34058e-05
1524	7.62939e-06
1525	-0.000389099
1526	1.52588e-05
1527	-0.000106812
1528	-9.15527e-05
1529	-1.52588e-05
1530	0.000114441
1531	6.86646e-05
1532	0.000175476
1533	-0.000152588
1534	-5.34058e-05
1535	-0.000259399
1536	0
1537	7.62939e-05
1538	0.000236511
1539	-4.57764e-05
1540	0.000213623
1541	9.15527e-05
1542	0.000343323
1543	2.28882e-05
1544	0.000144958
1545	-6.10352e-05
1546	-0.000267029
1547	6.86646e-05
1548	7.62939e-05
1549	0.000114441
1550	0
1551	-0.0001297
1552	-0.000190735
1553	-8.39233e-05
1554	0.000213623
1555	8.39233e-05
1556	-9.91821e-05
1557	2.28882e-05
1558	0.000198364
1559	0
1560	2.28882e-05
1561	0
1562	-0.000350952
1563	9.15527e-05
1564	-0.000244141
1565	-0.000106812
1566	1.52588e-05
1567	0.00012207
1568	1.52588e-05
1569	0.00012207
1570	0.000144958
1571	1.52588e-05
1572	0.000137329
1573	-4.57764e-05
1574	-1.52588e-05
1575	-0.000289917
1576	-0.000228882
1577	2.28882e-05
1578	0.000114441
1579	-0.00012207
1580	-0.000198364
1581	-0.000190735
1582	-4.57764e-05
1583	-0.000205994
1584	0
1585	-0.000114441
1586	0
1587	-0.00012207
1588	-0.000244141
1589	0.000144958
1590	0.000114441
1591	3.05176e-05
1592	7.62939e-05
1593	-6.10352e-05
1594	-0.000137329
1595	-2.28882e-05
1596	3.8147e-05
1597	-2.28882e-05
1598	3.8147e-05
1599	-0.000190735
1600	2.28882e-05
1601	-0.000221252
1602	-0.000137329
1603	3.05176e-05
1604	0.0001297
1605	0.000267029
1606	9.15527e-05
1607	-3.05176e-05
1608	0.000244141
1609	0.000198364
1610	0.000297546
1611	0.000137329
1612	6.10352e-05
1613	-0.000114441
1614	-3.05176e-05
1615	-3.05176e-05
1616	0.000175476
1617	0.000289917
1618	0.000114441
1619	-0.000144958
1620	-8.39233e-05
1621	2.28882e-05
1622	-0.000144958
1623	0.000114441
1624	-7.62939e-05
1625	0.000190735
1626	6.10352e-05
1627	-0.000221252
1628	-0.00012207
1629	-0.000160217
1630	0.000144958
1631	0.000144958
1632	-8.39233e-05
1633	-7.62939e-06
1634	-0.000160217
1635	4.57764e-05
1636	0.00012207
1637	0.000144958
1638	-0.000244141
1639	2.28882e-05
1640	-0.000175476
1641	-0.00012207
1642	-0.000144958
1643	-5.34058e-05
1644	2.28882e-05
1645	0.000144958
1646	6.86646e-05
1647	0
1648	-9.91821e-05
1649	-0.000160217
1650	-0.000106812
1651	3.8147e-05
1652	9.15527e-05
1653	4.57764e-05
1654	-7.62939e-06
1655	4.57764e-05
1656	-0.000160217
1657	-0.000160217
1658	5.34058e-05
1659	-0.000236511
1660	0.0001297
1661	3.8147e-05
1662	6.10352e-05
1663	-0.000137329
1664	8.39233e-05
1665	0.000144958
1666	0.000144958
1667	0
1668	6.10352e-05
1669	1.52588e-05
1670	-0.000137329
1671	3.8147e-05
1672	-0.000183105
1673	0.000114441
1674	0.000160217
1675	-3.05176e-05
1676	-3.8147e-05
1677	-9.91821e-05
1678	0.000259399
1679	0
1680	-1.52588e-05
1681	0.000144958
1682	-7.62939e-06
1683	-7.62939e-06
1684	0.000190735
1685	-5.34058e-05
1686	-0.000259399
1687	-6.86646e-05
1688	0
1689	-3.8147e-05
1690	-3.8147e-05
1691	-0.00025177
1692	0.000183105
1693	0
1694	-0.00037384
1695	6.10352e-05
1696	0.0001297
1697	-3.05176e-05
1698	-0.000144958
1699	6.10352e-05
1700	8.39233e-05
1701	0.000305176
1702	0.000152588
1703	3.8147e-05
1704	7.62939e-06
1705	6.86646e-05
1706	1.52588e-05
1707	-7.62939e-06
1708	8.39233e-05
1709	0.000205994
1710	0.000198364
1711	9.15527e-05
1712	7.62939e-05
1713	-3.8147e-05
1714	-0.000183105
1715	-6.10352e-05
1716	-9.15527e-05
1717	-0.000228882
1718	-9.91821e-05
1719	0.000221252
1720	-0.000160217
1721	-7.62939e-06
1722	3.05176e-05
1723	6.10352e-05
1724	-5.34058e-05
1725	-0.000167847
1726	-2.28882e-05
1727	-0.000160217
1728	0.000480652
1729	0.000144958
1730	9.15527e-05
1731	0.00012207
1732	-0.0001297
1733	0.0001297
1734	0.000175476
1735	-2.28882e-05
1736	0.000350952
1737	0.000335693
1738	-9.15527e-05
1739	-8.39233e-05
1740	-0.000137329
1741	0.000167847
1742	0.000198364
1743	-5.34058e-05
1744	-6.86646e-05
1745	-0.000198364
1746	0.000183105
1747	-0.000152588
1748	-0.00025177
1749	-4.57764e-05
1750	0.000152588
1751	-0.000228882
1752	3.8147e-05
1753	6.10352e-05
1754	-4.57764e-05
1755	-9.91821e-05
1756	0
1757	-4.57764e-05
1758	3.05176e-05
1759	-8.39233e-05
1760	-0.000160217
1761	0.000144958
1762	5.34058e-05
1763	4.57764e-05
1764	6.10352e-05
1765	0.000183105
1766	-7.62939e-06
1767	-0.000160217
1768	-0.000175476
1769	-0.0001297
1770	0.000106812
1771	0
1772	0.00012207
1773	-2.28882e-05
1774	5.34058e-05
1775	-0.000213623
1776	-6.10352e-05
1777	0
1778	-0.000335693
1779	0.000167847
1780	0.0001297
1781	-0.000114441
1782	-9.91821e-05
1783	3.05176e-05
1784	-6.86646e-05
1785	0.000205994
1786	-0.000167847
1787	6.86646e-05
1788	-0.000106812
1789	0.000244141
1790	6.10352e-05
1791	0.000221252
1792	6.10352e-05
1793	8.39233e-05
1794	-0.000221252
1795	-0.00012207
1796	-0.000267029
1797	-0.0001297
1798	-0.000228882
1799	5.34058e-05
1800	1.52588e-05
1801	0.00012207
1802	3.8147e-05
1803	-2.28882e-05
1804	-0.000114441
1805	5.34058e-05
1806	-9.91821e-05
1807	6.10352e-05
1808	-8.39233e-05
1809	-0.000244141
1810	-6.10352e-05
1811	0.00025177
1812	-4.57764e-05
1813	3.8147e-05
1814	-4.57764e-05
1815	6.10352e-05
1816	-9.91821e-05
1817	0.000289917
1818	0
1819	6.86646e-05
1820	0.000160217
1821	0.000328064
1822	-0.000114441
1823	-0.000289917
1824	2.28882e-05
1825	7.62939e-06
1826	-0.0001297
1827	-0.000244141
1828	-0.00012207
1829	-0.000244141
1830	-1.52588e-05
1831	-0.000152588
1832	1.52588e-05
1833	0.000137329
1834	-9.15527e-05
1835	-9.91821e-05
1836	1.52588e-05
1837	0.000144958
1838	-0.000221252
1839	0.000183105
1840	-6.86646e-05
1841	3.05176e-05
1842	0.000244141
1843	0.000396729
1844	0.000144958
1845	-7.62939e-05
1846	-9.15527e-05
1847	0.000152588
1848	-3.8147e-05
1849	-7.62939e-05
1850	-0.000106812
1851	-0.000259399
1852	3.8147e-05
1853	-7.62939e-06
1854	-3.05176e-05
1855	1.52588e-05
1856	0.000221252
1857	0.000167847
1858	0.000205994
1859	0.00012207
1860	0.000144958
1861	-0.000144958
1862	8.39233e-05
1863	-0.000343323
1864	-0.000137329
1865	-0.00012207
1866	2.28882e-05
1867	9.91821e-05
1868	-0.000137329
1869	-9.91821e-05
1870	-0.000106812
1871	-9.91821e-05
1872	0.000190735
1873	0
1874	-5.34058e-05
1875	-3.05176e-05
1876	-7.62939e-05
1877	-0.000343323
1878	-0.000152588
1879	-9.15527e-05
1880	-7.62939e-06
1881	1.52588e-05
1882	0.000228882
1883	0.000221252
1884	-2.28882e-05
1885	-0.000205994
1886	7.62939e-06
1887	-0.0001297
1888	-0.000236511
1889	-0.000160217
1890	-5.34058e-05
1891	9.91821e-05
1892	3.8147e-05
1893	3.8147e-05
1894	0.000183105
1895	0.000114441
1896	-0.000137329
1897	5.34058e-05
1898	-0.000190735
1899	-5.34058e-05
1900	-0.000144958
1901	-0.000190735
1902	4.57764e-05
1903	-0.000205994
1904	0.000221252
1905	-3.8147e-05
1906	9.15527e-05
1907	-4.57764e-05
1908	5.34058e-05
1909	-3.8147e-05
1910	-9.91821e-05
1911	0.000152588
1912	8.39233e-05
1913	0.000190735
1914	0.000106812
1915	0
1916	0.000144958
1917	9.15527e-05
1918	-2.28882e-05
1919	0.000328064
1920	6.10352e-05
1921	0.000167847
1922	0.000305176
1923	0.000335693
1924	0.000144958
1925	6.86646e-05
1926	-7.62939e-05
1927	3.05176e-05
1928	-0.000137329
1929	5.34058e-05
1930	0.000106812
1931	7.62939e-06
1932	3.05176e-05
1933	9.91821e-05
1934	-6.86646e-05
1935	5.34058e-05
1936	0.00012207
1937	0.000152588
1938	9.15527e-05
1939	9.15527e-05
1940	-2.28882e-05
1941	-1.52588e-05
1942	-0.00012207
1943	4.57764e-05
1944	0.000167847
1945	0
1946	0.000213623
1947	1.52588e-05
1948	-0.000106812
1949	7.62939e-05
1950	9.91821e-05
1951	0.000190735
1952	-0.000228882
1953	0.000183105
1954	-7.62939e-05
1955	4.57764e-05
1956	7.62939e-06
1957	8.39233e-05
1958	6.86646e-05
1959	3.05176e-05
1960	-2.28882e-05
1961	3.05176e-05
1962	-0.000328064
1963	-0.000160217
1964	9.91821e-05
1965	0.000282288
1966	-7.62939e-06
1967	-4.57764e-05
1968	-6.10352e-05
1969	6.10352e-05
1970	1.52588e-05
1971	0
1972	6.86646e-05
1973	1.52588e-05
1974	-2.28882e-05
1975	-0.000457764
1976	5.34058e-05
1977	8.39233e-05
1978	7.62939e-05
1979	-1.52588e-05
1980	2.28882e-05
1981	7.62939e-06
1982	-0.000175476
1983	6.10352e-05
1984	7.62939e-05
1985	-0.000160217
1986	0.000160217
1987	6.86646e-05
1988	3.8147e-05
1989	1.52588e-05
1990	-1.52588e-05
1991	-0.000175476
1992	0
1993	-0.000152588
1994	9.15527e-05
1995	-4.57764e-05
1996	0.000160217
1997	-6.86646e-05
1998	-0.00012207
1999	0.000190735
