0	0.395235
1	0.4952
2	0.575617
3	0.637986
4	0.687282
5	0.726988
6	0.759238
7	0.786494
8	0.809782
9	0.829509
10	0.846673
11	0.861256
12	0.874505
13	0.886151
14	0.89636
15	0.905427
16	0.913575
17	0.921134
18	0.927703
19	0.933776
20	0.939159
21	0.943819
22	0.948299
23	0.952368
24	0.956048
25	0.959386
26	0.962401
27	0.965104
28	0.967682
29	0.970072
30	0.972118
31	0.974035
32	0.975815
33	0.977576
34	0.979021
35	0.980431
36	0.981899
37	0.983003
38	0.984128
39	0.985236
40	0.986221
41	0.987124
42	0.987945
43	0.988759
44	0.989483
45	0.990178
46	0.990788
47	0.991357
48	0.991855
49	0.992326
50	0.992861
51	0.993329
52	0.993699
53	0.994082
54	0.994468
55	0.994802
56	0.995107
57	0.995331
58	0.995611
59	0.995857
60	0.996076
61	0.996261
62	0.996461
63	0.996607
64	0.996784
65	0.9969
66	0.99709
67	0.997225
68	0.997363
69	0.997422
70	0.997514
71	0.997633
72	0.997808
73	0.997921
74	0.998021
75	0.998056
76	0.998128
77	0.998233
78	0.998299
79	0.998368
80	0.998404
81	0.998491
82	0.998523
83	0.998591
84	0.998668
85	0.99874
86	0.998711
87	0.998765
88	0.998803
89	0.998827
90	0.998843
91	0.99887
92	0.998901
93	0.998912
94	0.998944
95	0.999
96	0.998997
97	0.999023
98	0.999058
99	0.999097
100	0.999104
101	0.999145
102	0.999176
103	0.999135
104	0.999137
105	0.999153
106	0.999138
107	0.999185
108	0.99919
109	0.999185
110	0.999188
111	0.999197
112	0.999194
113	0.999226
114	0.999203
115	0.999202
116	0.999242
117	0.999219
118	0.999216
119	0.999228
120	0.999259
121	0.999225
122	0.999256
123	0.999299
124	0.999283
125	0.99929
126	0.999292
127	0.99927
128	0.99929
129	0.999277
130	0.999266
131	0.999296
132	0.999283
133	0.999269
134	0.999277
135	0.999255
136	0.999264
137	0.999274
138	0.999266
139	0.999241
140	0.99928
141	0.999259
142	0.999255
143	0.999255
144	0.999263
145	0.999283
146	0.999267
147	0.999294
148	0.999253
149	0.999264
150	0.999259
151	0.999251
152	0.999264
153	0.999295
154	0.999235
155	0.99926
156	0.999261
157	0.999251
158	0.999269
159	0.999266
160	0.999239
161	0.99928
162	0.999258
163	0.99926
164	0.999239
165	0.999256
166	0.999237
167	0.999275
168	0.999253
169	0.999239
170	0.999228
171	0.999273
172	0.999275
173	0.999271
174	0.99928
175	0.99923
176	0.999261
177	0.999293
178	0.999267
179	0.999273
180	0.999279
181	0.999266
182	0.999279
183	0.999286
184	0.999259
185	0.999253
186	0.999282
187	0.999281
188	0.999274
