0	0.431641
1	0.542969
2	0.615234
3	0.695312
4	0.765625
5	0.837891
6	0.871094
7	0.880859
8	0.900391
9	0.923828
10	0.953125
11	0.960938
12	0.964844
13	0.976562
14	0.974609
15	0.992188
16	0.994141
17	0.994141
18	0.998047
19	1
20	1
21	1
22	1
23	1
24	1
25	1
26	1
27	1
28	1
29	1
30	1
31	1
32	1
33	1
34	1
35	1
36	1
37	1
38	1
39	1
40	1
41	1
42	0.998047
43	0.998047
44	1
45	1
46	0.998047
47	0.998047
48	1
49	1
50	1
51	1
52	1
53	1
54	1
55	0.998047
56	1
57	1
58	1
59	1
60	1
61	1
62	1
63	1
64	1
65	1
66	1
67	1
68	1
69	1
70	1
71	0.998047
72	1
73	1
74	0.998047
75	0.998047
76	1
77	0.998047
78	0.996094
79	0.996094
80	0.998047
81	0.998047
82	0.998047
83	0.996094
84	0.998047
85	1
86	1
87	1
88	1
89	1
90	1
91	1
92	1
93	0.998047
94	1
95	1
96	1
97	0.998047
98	0.998047
99	1
100	1
101	1
102	1
103	1
104	0.998047
105	0.998047
106	1
107	1
108	1
109	1
110	0.996094
111	0.996094
112	1
113	1
114	1
115	1
116	1
117	1
118	1
119	1
120	1
121	0.998047
122	1
123	1
124	0.998047
125	1
126	1
127	1
128	1
129	1
130	0.998047
131	0.996094
132	0.994141
133	1
134	0.998047
135	0.998047
136	0.996094
137	0.998047
138	1
139	0.998047
140	0.998047
141	1
142	1
143	1
144	1
145	1
146	1
147	1
148	1
149	0.996094
150	0.992188
151	1
152	1
153	1
154	1
155	1
156	1
157	0.998047
158	1
159	1
160	1
161	1
162	1
163	1
164	1
165	1
166	0.998047
167	1
168	0.998047
169	0.998047
170	0.998047
171	0.998047
172	0.998047
173	0.998047
174	1
175	0.998047
176	1
177	1
178	0.998047
179	1
180	1
181	0.998047
182	1
183	1
184	0.998047
185	1
186	1
187	1
188	0.998047
189	0.998047
190	1
191	1
192	1
193	1
194	0.998047
195	0.998047
196	1
197	1
198	1
199	1
200	0.998047
201	0.996094
202	0.996094
203	0.998047
204	1
205	1
206	1
207	0.998047
208	0.998047
209	1
210	1
211	1
212	1
213	1
214	0.998047
215	0.996094
216	1
217	1
218	1
219	0.998047
220	1
221	1
222	1
223	1
224	1
225	1
226	0.998047
227	0.998047
228	0.998047
229	0.998047
230	1
231	1
232	1
233	1
234	1
235	1
236	1
237	1
238	1
239	1
240	1
241	1
242	1
243	1
244	1
245	1
246	0.998047
247	0.998047
248	1
249	1
250	0.996094
251	0.996094
252	1
253	0.998047
254	0.998047
255	1
256	1
257	1
258	1
259	1
260	1
261	1
262	1
263	0.998047
264	0.998047
265	1
266	1
267	1
268	1
269	1
270	1
271	1
272	1
273	1
274	1
275	1
276	1
277	1
278	0.998047
279	0.998047
280	1
281	1
282	0.998047
283	1
284	1
285	1
286	1
287	1
288	1
289	0.998047
290	0.998047
291	0.996094
292	0.998047
293	0.998047
294	0.996094
295	0.998047
296	1
297	1
298	1
299	1
300	1
301	1
302	0.998047
303	0.998047
304	1
305	0.998047
306	0.998047
307	0.998047
308	1
309	1
310	1
311	1
312	1
313	1
314	1
315	1
316	0.998047
317	0.992188
318	0.998047
319	0.996094
320	0.996094
321	0.996094
322	1
323	1
324	1
325	0.998047
326	0.998047
327	0.998047
328	0.998047
329	1
330	1
331	1
332	1
333	1
334	1
335	1
336	0.998047
337	1
338	1
339	1
340	1
341	0.998047
342	0.998047
343	0.998047
344	1
345	0.994141
346	1
347	0.998047
348	1
349	1
350	1
351	0.998047
352	0.998047
353	0.998047
354	1
355	1
356	0.998047
357	0.998047
358	1
359	0.998047
360	1
361	1
362	1
363	0.998047
364	0.998047
365	0.998047
366	1
367	1
368	1
369	1
370	1
371	1
372	1
373	1
374	1
375	1
376	1
377	1
378	0.998047
379	0.998047
380	1
381	1
382	1
383	0.998047
384	0.998047
385	1
386	1
387	0.998047
388	1
389	1
390	1
391	1
392	1
393	0.998047
394	1
395	1
396	1
397	0.996094
398	1
399	0.998047
400	0.998047
401	0.998047
402	1
403	1
404	1
405	1
406	1
407	1
408	1
409	1
410	1
411	1
412	0.998047
413	0.996094
414	0.996094
415	0.998047
416	1
417	1
418	1
419	1
420	1
421	1
422	1
423	1
424	1
425	1
426	1
427	1
428	1
429	1
430	0.998047
431	0.998047
432	1
433	0.998047
434	1
435	1
436	1
437	1
438	1
439	1
440	0.998047
441	0.998047
442	0.998047
443	1
444	1
445	1
446	1
447	1
448	0.998047
449	0.998047
450	1
451	1
452	1
453	1
454	1
455	1
456	1
457	1
458	1
459	1
460	1
461	1
462	1
463	1
464	1
465	1
466	1
467	1
468	1
469	1
470	1
471	0.998047
472	0.996094
473	0.994141
474	0.998047
475	1
476	1
477	0.998047
478	1
479	1
480	0.996094
481	0.998047
482	0.998047
483	1
484	1
485	1
486	1
487	1
488	1
489	1
490	1
491	1
492	1
493	1
494	1
495	1
496	1
497	1
498	1
499	1
500	1
501	0.998047
502	1
503	1
504	0.996094
505	0.998047
506	1
507	1
508	1
509	0.998047
510	1
511	1
512	0.998047
513	1
514	0.998047
515	1
516	1
517	1
518	0.998047
519	1
520	1
521	1
522	1
523	1
524	1
525	1
526	1
527	0.998047
528	1
529	1
530	1
531	0.998047
532	0.998047
533	1
534	1
535	1
536	1
537	1
538	1
539	1
540	1
541	1
542	1
543	1
544	1
545	1
546	1
547	1
548	1
549	0.998047
550	0.998047
551	0.998047
552	0.998047
553	1
554	0.998047
555	1
556	1
557	1
558	1
559	1
560	1
561	1
562	1
563	1
564	1
565	0.998047
566	0.998047
567	0.996094
568	1
569	1
570	1
571	0.998047
572	0.998047
573	1
574	1
575	1
576	0.998047
577	1
578	1
579	1
580	1
581	1
582	1
583	1
584	1
585	1
586	1
587	0.998047
588	1
589	1
590	1
591	1
592	1
593	1
594	1
595	1
596	0.998047
597	0.998047
598	0.998047
599	0.996094
600	0.996094
601	0.998047
602	0.998047
603	0.998047
604	0.998047
605	0.998047
606	0.998047
607	0.994141
608	0.994141
609	1
610	1
611	0.998047
612	0.998047
613	0.998047
614	1
615	0.998047
616	0.996094
617	0.996094
618	0.998047
619	0.998047
620	0.996094
621	0.996094
622	0.996094
623	0.998047
624	1
625	0.998047
626	1
627	1
628	1
629	1
630	1
631	0.998047
632	1
633	1
634	1
635	1
636	0.998047
637	1
638	0.996094
639	0.998047
640	1
641	0.996094
642	1
643	0.998047
644	1
645	1
646	1
647	1
648	1
649	1
650	1
651	1
652	1
653	1
654	1
655	1
656	1
657	1
658	1
659	1
660	1
661	1
662	0.998047
663	0.998047
664	0.998047
665	1
666	0.998047
667	1
668	1
669	1
670	1
671	1
672	1
673	1
674	1
675	1
676	0.998047
677	1
678	0.998047
679	0.998047
680	0.998047
681	1
682	1
683	0.998047
684	0.998047
685	0.996094
686	0.998047
687	0.998047
688	0.996094
689	0.994141
690	0.998047
691	1
692	1
693	1
694	1
695	1
696	1
697	1
698	0.998047
699	1
700	1
701	0.998047
702	1
703	1
704	1
705	1
706	0.998047
707	1
708	1
709	0.998047
710	0.998047
711	0.998047
712	1
713	0.998047
714	1
715	1
716	1
717	1
718	1
719	1
720	1
721	1
722	1
723	1
724	1
725	1
726	1
727	0.998047
728	0.998047
729	0.998047
730	0.998047
731	0.998047
732	0.998047
733	1
734	0.998047
735	1
736	1
737	0.998047
738	0.998047
739	1
740	0.994141
741	0.996094
742	1
743	0.996094
744	0.998047
745	0.998047
746	0.998047
747	1
748	1
749	1
750	1
751	0.996094
752	1
753	1
754	1
755	1
756	0.998047
757	1
758	0.998047
759	0.998047
760	0.998047
761	0.998047
762	1
763	0.998047
764	0.998047
765	0.996094
766	0.996094
767	0.998047
768	1
769	1
770	0.994141
771	1
772	0.998047
773	0.998047
774	1
775	1
776	1
777	1
778	1
779	1
780	1
781	1
782	1
783	1
784	1
785	1
786	1
787	0.998047
788	0.996094
789	1
790	1
791	0.998047
792	1
793	1
794	1
795	1
796	0.998047
797	0.992188
798	0.996094
799	0.996094
800	1
801	1
802	1
803	1
804	0.998047
805	1
806	1
807	1
808	1
809	1
810	0.998047
811	0.998047
812	0.996094
813	1
814	1
815	1
816	1
817	0.998047
818	0.994141
819	0.996094
820	0.998047
821	0.998047
822	0.996094
823	0.996094
824	0.996094
825	1
826	1
827	0.998047
828	1
829	1
830	0.998047
831	0.998047
832	1
833	1
834	1
835	1
836	0.998047
837	0.998047
838	1
839	1
840	1
841	1
842	1
843	1
844	0.998047
845	1
846	0.998047
847	1
848	1
849	1
850	1
851	1
852	1
853	0.998047
854	0.998047
855	0.998047
856	1
857	1
858	1
859	1
860	0.996094
861	1
862	0.998047
863	1
864	1
865	1
866	1
867	1
868	1
869	1
870	1
871	1
872	1
873	1
874	0.996094
875	1
876	1
877	1
878	1
879	1
880	1
881	1
882	1
883	1
884	0.998047
885	0.998047
886	1
887	1
888	1
889	1
890	1
891	1
892	1
893	0.998047
894	1
895	0.998047
896	0.998047
897	1
898	0.996094
899	1
900	1
901	0.998047
902	0.998047
903	0.998047
904	0.996094
905	1
906	1
907	1
908	1
909	1
910	0.998047
911	1
912	1
913	1
914	1
915	1
916	1
917	1
918	1
919	1
920	1
921	0.998047
922	0.998047
923	0.996094
924	0.996094
925	0.996094
926	1
927	1
928	0.998047
929	0.998047
930	1
931	1
932	1
933	1
934	1
935	1
936	1
937	1
938	0.998047
939	0.998047
940	0.998047
941	1
942	1
943	1
944	1
945	1
946	1
947	1
948	1
949	1
950	0.998047
951	0.998047
952	1
953	1
954	1
955	1
956	1
957	1
958	1
959	1
960	1
961	1
962	1
963	1
964	1
965	1
966	1
967	1
968	1
969	1
970	1
971	1
972	1
973	1
974	1
975	1
976	1
977	0.998047
978	0.998047
979	1
980	0.994141
981	0.998047
982	0.998047
983	1
984	1
985	1
986	1
987	1
988	0.998047
989	1
990	1
991	1
992	0.998047
993	1
994	1
995	1
996	1
997	1
998	1
999	0.998047
1000	1
1001	0.998047
1002	0.998047
1003	1
1004	1
1005	0.998047
1006	0.996094
1007	0.998047
1008	0.996094
1009	1
1010	1
1011	1
1012	0.998047
1013	1
1014	0.998047
1015	0.998047
1016	0.998047
1017	1
1018	1
1019	1
1020	1
1021	0.996094
1022	0.996094
1023	1
1024	1
1025	1
1026	1
1027	0.998047
1028	0.998047
1029	1
1030	1
1031	1
1032	1
1033	1
1034	1
1035	0.998047
1036	0.998047
1037	1
1038	0.998047
1039	0.998047
1040	0.998047
1041	1
1042	0.998047
1043	0.996094
1044	0.998047
1045	1
1046	1
1047	0.998047
1048	1
1049	1
1050	1
1051	1
1052	1
1053	0.998047
1054	1
1055	1
1056	1
1057	1
1058	1
1059	0.998047
1060	0.998047
1061	0.994141
1062	0.994141
1063	0.998047
1064	1
1065	1
1066	1
1067	0.998047
1068	0.998047
1069	0.996094
1070	0.998047
1071	1
1072	1
1073	0.998047
1074	0.996094
1075	0.998047
1076	0.998047
1077	0.998047
1078	1
1079	1
1080	1
1081	1
1082	1
1083	0.998047
1084	0.998047
1085	0.998047
1086	0.998047
1087	0.998047
1088	1
1089	1
1090	1
1091	1
1092	0.998047
1093	1
1094	0.998047
1095	0.998047
1096	1
1097	1
1098	1
1099	1
1100	1
1101	0.998047
1102	1
1103	1
1104	0.998047
1105	0.998047
1106	0.998047
1107	0.994141
1108	0.994141
1109	0.996094
1110	0.998047
1111	0.996094
1112	0.998047
1113	0.998047
1114	1
1115	1
1116	1
1117	1
1118	1
1119	1
1120	1
1121	1
1122	1
1123	1
1124	1
1125	1
1126	1
1127	1
1128	1
1129	1
1130	1
1131	0.998047
1132	0.998047
1133	0.998047
1134	0.996094
1135	0.996094
1136	0.994141
1137	0.998047
1138	1
1139	0.998047
1140	1
1141	1
1142	1
1143	1
1144	1
1145	1
1146	1
1147	1
1148	1
1149	0.998047
1150	0.998047
1151	1
1152	1
1153	1
1154	1
1155	0.998047
1156	1
1157	1
1158	1
1159	1
1160	1
1161	1
1162	1
1163	0.998047
1164	1
1165	1
1166	1
1167	1
1168	0.998047
1169	0.996094
1170	1
1171	1
1172	0.998047
1173	0.998047
1174	1
1175	1
1176	1
1177	1
1178	1
1179	1
1180	1
1181	1
1182	0.996094
1183	1
1184	1
1185	1
1186	1
1187	0.998047
1188	1
1189	1
1190	1
1191	1
1192	1
1193	1
1194	1
1195	1
1196	0.998047
1197	1
1198	1
1199	1
1200	1
1201	1
1202	1
1203	1
1204	0.998047
1205	1
1206	1
1207	0.998047
1208	1
1209	1
1210	1
1211	1
1212	1
1213	1
1214	1
1215	1
1216	1
1217	1
1218	1
1219	1
1220	1
1221	1
1222	0.998047
1223	0.998047
1224	1
1225	1
1226	0.998047
1227	0.998047
1228	1
1229	1
1230	0.998047
1231	1
1232	1
1233	1
1234	1
1235	1
1236	1
1237	1
1238	1
1239	1
1240	1
1241	1
1242	1
1243	1
1244	1
1245	0.996094
1246	0.998047
1247	1
1248	1
1249	1
1250	0.998047
1251	0.996094
1252	0.998047
1253	0.998047
1254	1
1255	1
1256	0.998047
1257	1
1258	1
1259	1
1260	1
1261	1
1262	1
1263	1
1264	1
1265	1
1266	1
1267	0.996094
1268	1
1269	1
1270	0.998047
1271	0.998047
1272	0.998047
1273	1
1274	1
1275	1
1276	1
1277	1
1278	1
1279	1
1280	0.998047
1281	1
1282	1
1283	1
1284	1
1285	1
1286	0.998047
1287	0.998047
1288	0.998047
1289	1
1290	0.998047
1291	1
1292	0.998047
1293	0.998047
1294	1
1295	1
1296	1
1297	1
1298	1
1299	1
1300	1
1301	1
1302	1
1303	0.998047
1304	1
1305	0.998047
1306	1
1307	1
1308	1
1309	1
1310	1
1311	1
1312	1
1313	1
1314	1
1315	1
1316	1
1317	1
1318	1
1319	1
1320	1
1321	1
1322	1
1323	1
1324	1
1325	1
1326	1
1327	1
1328	1
1329	1
1330	0.998047
1331	0.998047
1332	0.996094
1333	0.998047
1334	1
1335	1
1336	1
1337	1
1338	1
1339	1
1340	1
1341	1
1342	1
1343	1
1344	1
1345	0.996094
1346	0.998047
1347	1
1348	0.998047
1349	1
1350	1
1351	1
1352	1
1353	0.998047
1354	0.998047
1355	0.998047
1356	0.998047
1357	0.998047
1358	0.998047
1359	1
1360	1
1361	1
1362	1
1363	1
1364	1
1365	1
1366	1
1367	1
1368	0.994141
1369	0.998047
1370	1
1371	0.998047
1372	1
1373	1
1374	0.996094
1375	0.996094
1376	1
1377	1
1378	1
1379	0.998047
1380	1
1381	1
1382	1
1383	1
1384	1
1385	1
1386	1
1387	1
1388	0.998047
1389	0.998047
1390	1
1391	1
1392	1
1393	1
1394	0.998047
1395	0.998047
1396	0.998047
1397	0.998047
1398	0.998047
1399	0.998047
1400	0.996094
1401	0.996094
1402	0.998047
1403	1
1404	1
1405	1
1406	1
1407	1
1408	1
1409	1
1410	0.998047
1411	0.998047
1412	0.998047
1413	0.998047
1414	1
1415	1
1416	1
1417	1
1418	1
1419	1
1420	1
1421	1
1422	1
1423	1
1424	1
1425	1
1426	1
1427	1
1428	1
1429	1
1430	1
1431	1
1432	1
1433	1
1434	1
1435	1
1436	1
1437	1
1438	1
1439	0.998047
1440	1
1441	0.998047
1442	0.998047
1443	0.998047
1444	0.998047
1445	1
1446	1
1447	1
1448	1
1449	1
1450	1
1451	1
1452	0.998047
1453	1
1454	1
1455	1
1456	1
1457	1
1458	1
1459	1
1460	1
1461	1
1462	1
1463	1
1464	1
1465	1
1466	1
1467	1
1468	1
1469	1
1470	1
1471	1
1472	1
1473	1
1474	0.998047
1475	0.998047
1476	1
1477	1
1478	1
1479	1
1480	1
1481	1
1482	1
1483	1
1484	1
1485	1
1486	1
1487	1
1488	1
1489	0.998047
1490	1
1491	1
1492	1
1493	1
1494	1
1495	0.998047
1496	1
1497	1
1498	1
1499	1
1500	1
1501	1
1502	1
1503	1
1504	0.998047
1505	0.998047
1506	1
1507	1
1508	1
1509	1
1510	1
1511	1
1512	1
1513	1
1514	1
1515	1
1516	1
1517	1
1518	1
1519	1
1520	1
1521	1
1522	1
1523	1
1524	0.998047
1525	1
1526	1
1527	1
1528	1
1529	1
1530	1
1531	1
1532	1
1533	0.998047
1534	0.996094
1535	0.992188
1536	0.994141
1537	0.998047
1538	1
1539	1
1540	1
1541	1
1542	1
1543	1
1544	1
1545	1
1546	0.998047
1547	1
1548	1
1549	1
1550	0.998047
1551	0.998047
1552	0.998047
1553	1
1554	1
1555	1
1556	1
1557	1
1558	0.998047
1559	1
1560	1
1561	1
1562	1
1563	1
1564	1
1565	1
1566	0.998047
1567	1
1568	1
1569	1
1570	0.998047
1571	1
1572	1
1573	0.998047
1574	1
1575	1
1576	1
1577	1
1578	0.998047
1579	1
1580	1
1581	1
1582	1
1583	1
1584	1
1585	1
1586	1
1587	1
1588	0.998047
1589	0.998047
1590	1
1591	1
1592	1
1593	1
1594	1
1595	1
1596	1
1597	1
1598	1
1599	1
1600	0.998047
1601	1
1602	1
1603	0.998047
1604	0.998047
1605	1
1606	1
1607	0.998047
1608	0.998047
1609	1
1610	1
1611	1
1612	1
1613	1
1614	0.998047
1615	0.998047
1616	1
1617	0.998047
1618	0.998047
1619	0.996094
1620	1
1621	0.998047
1622	0.998047
1623	0.998047
1624	1
1625	0.996094
1626	0.996094
1627	1
1628	1
1629	1
1630	1
1631	0.998047
1632	0.998047
1633	0.996094
1634	0.996094
1635	1
1636	0.998047
1637	0.998047
1638	0.998047
1639	1
1640	1
1641	1
1642	0.998047
1643	0.998047
1644	1
1645	1
1646	1
1647	1
1648	1
1649	0.998047
1650	0.998047
1651	0.996094
1652	0.998047
1653	0.998047
1654	1
1655	1
1656	1
1657	1
1658	0.998047
1659	1
1660	1
1661	1
1662	1
1663	1
1664	1
1665	0.998047
1666	0.998047
1667	1
1668	1
1669	1
1670	1
1671	1
1672	1
1673	1
1674	0.996094
1675	0.998047
1676	1
1677	1
1678	1
1679	1
1680	1
1681	1
1682	0.998047
1683	0.998047
1684	0.998047
1685	0.998047
1686	1
1687	1
1688	1
1689	0.998047
1690	0.996094
1691	1
1692	0.998047
1693	1
1694	0.998047
1695	0.998047
1696	0.998047
1697	0.998047
1698	1
1699	1
1700	1
1701	1
1702	0.996094
1703	1
1704	1
1705	1
1706	1
1707	1
1708	0.996094
1709	0.998047
1710	0.998047
1711	1
1712	1
1713	1
1714	1
1715	1
1716	1
1717	1
1718	1
1719	1
1720	1
1721	1
1722	1
1723	1
1724	1
1725	0.998047
1726	1
1727	1
1728	1
1729	1
1730	1
1731	1
1732	1
1733	1
1734	1
1735	1
1736	1
1737	0.998047
1738	0.998047
1739	0.998047
1740	1
1741	1
1742	1
1743	1
1744	1
1745	0.998047
1746	1
1747	1
1748	1
1749	0.998047
1750	0.998047
1751	0.998047
1752	0.998047
1753	0.998047
1754	1
1755	0.998047
1756	1
1757	1
1758	0.998047
1759	1
1760	1
1761	1
1762	1
1763	1
1764	1
1765	1
1766	1
1767	1
1768	1
1769	0.998047
1770	1
1771	1
1772	1
1773	0.998047
1774	0.998047
1775	0.994141
1776	0.998047
1777	1
1778	1
1779	1
1780	1
1781	0.998047
1782	0.996094
1783	0.998047
1784	1
1785	1
1786	1
1787	1
1788	1
1789	0.998047
1790	1
1791	0.998047
1792	1
1793	1
1794	0.998047
1795	1
1796	0.996094
1797	0.998047
1798	0.998047
1799	1
1800	1
1801	1
1802	0.998047
1803	1
1804	1
1805	0.998047
1806	0.998047
1807	1
1808	1
1809	1
1810	1
1811	1
1812	1
1813	1
1814	1
1815	1
1816	1
1817	1
1818	0.996094
1819	0.996094
1820	1
1821	1
1822	1
1823	1
1824	1
1825	1
1826	1
1827	0.998047
1828	0.998047
1829	1
1830	1
1831	0.998047
1832	0.998047
1833	0.998047
1834	0.998047
1835	0.998047
1836	0.998047
1837	1
1838	1
1839	1
1840	0.998047
1841	0.998047
1842	0.998047
1843	0.996094
1844	0.998047
1845	0.998047
1846	1
1847	1
1848	1
1849	1
1850	0.998047
1851	1
1852	1
1853	0.996094
1854	0.998047
1855	0.998047
1856	0.998047
1857	0.998047
1858	1
1859	1
1860	1
1861	1
1862	1
1863	1
1864	1
1865	1
1866	0.998047
1867	1
1868	1
1869	1
1870	1
1871	1
1872	1
1873	0.998047
1874	0.998047
1875	1
1876	1
1877	1
1878	1
1879	1
1880	1
1881	1
1882	1
1883	1
1884	1
1885	0.996094
1886	0.998047
1887	1
1888	1
1889	1
1890	1
1891	1
1892	1
1893	1
1894	1
1895	1
1896	0.998047
1897	0.998047
1898	1
1899	1
1900	1
1901	0.998047
1902	1
1903	1
1904	0.998047
1905	1
1906	1
1907	1
1908	1
1909	1
1910	1
1911	1
1912	1
1913	1
1914	1
1915	0.998047
1916	0.998047
1917	0.998047
1918	0.998047
1919	0.998047
1920	1
1921	1
1922	0.996094
1923	0.996094
1924	0.998047
1925	1
1926	1
1927	1
1928	0.998047
1929	0.998047
1930	0.998047
1931	1
1932	1
1933	1
1934	0.998047
1935	1
1936	1
1937	1
1938	1
1939	1
1940	1
1941	1
1942	0.998047
1943	1
1944	1
1945	1
1946	1
1947	0.998047
1948	1
1949	1
1950	1
1951	1
1952	1
1953	1
1954	1
1955	1
1956	1
1957	1
1958	1
1959	0.998047
1960	1
1961	1
1962	1
1963	0.998047
1964	0.998047
1965	0.998047
1966	1
1967	1
1968	1
1969	1
1970	1
1971	1
1972	1
1973	1
1974	1
1975	1
1976	1
1977	1
1978	1
1979	1
1980	1
1981	1
1982	1
1983	1
1984	1
1985	1
1986	0.998047
1987	1
1988	1
1989	1
1990	1
1991	1
1992	1
1993	1
1994	1
1995	0.998047
1996	0.998047
1997	0.998047
1998	1
1999	1
