0	0.396202
1	0.494194
2	0.571983
3	0.632912
4	0.683296
5	0.720757
6	0.753281
7	0.781372
8	0.805717
9	0.823151
10	0.839096
11	0.853996
12	0.866806
13	0.879471
14	0.89045
15	0.900238
16	0.910019
17	0.917603
18	0.924911
19	0.930428
20	0.93634
21	0.941193
22	0.945885
23	0.950081
24	0.954117
25	0.957565
26	0.96106
27	0.96431
28	0.967445
29	0.97023
30	0.972885
31	0.975494
32	0.97757
33	0.979485
34	0.981018
35	0.982307
36	0.983231
37	0.984474
38	0.985504
39	0.986198
40	0.987091
41	0.987877
42	0.988686
43	0.989349
44	0.990089
45	0.99099
46	0.991524
47	0.992119
48	0.992256
49	0.992821
50	0.99369
51	0.994072
52	0.99469
53	0.995087
54	0.995544
55	0.99588
56	0.996445
57	0.996628
58	0.996765
59	0.996933
60	0.997185
61	0.997475
62	0.997604
63	0.99791
64	0.997978
65	0.998207
66	0.99839
67	0.998428
68	0.998451
69	0.998604
70	0.998619
71	0.998787
72	0.99881
73	0.999039
74	0.999084
75	0.999214
76	0.999329
77	0.999245
78	0.999222
79	0.999222
80	0.999229
81	0.999359
82	0.999344
83	0.999382
84	0.999382
85	0.999313
86	0.999367
87	0.999313
88	0.999298
89	0.999336
90	0.999374
91	0.999374
92	0.999352
93	0.999237
94	0.999283
95	0.999367
96	0.99926
97	0.999207
98	0.999336
99	0.999405
100	0.999367
101	0.999344
102	0.999275
103	0.999245
104	0.999207
105	0.999207
106	0.999275
107	0.999184
108	0.999298
109	0.999329
110	0.99926
111	0.99926
112	0.99926
113	0.999222
114	0.999275
115	0.999252
116	0.999191
117	0.999214
118	0.99929
119	0.999283
120	0.999329
121	0.999321
122	0.999275
123	0.999321
124	0.999359
125	0.999306
126	0.999298
127	0.999229
128	0.999199
129	0.999275
130	0.999252
131	0.999207
132	0.999252
133	0.99929
134	0.999252
135	0.999352
136	0.999313
137	0.999184
138	0.999397
139	0.999352
140	0.999374
141	0.999329
142	0.999237
143	0.999161
144	0.999161
145	0.999229
146	0.999229
147	0.99926
148	0.99929
149	0.999268
150	0.999298
151	0.999329
152	0.99929
153	0.999245
154	0.999191
155	0.999123
156	0.999176
157	0.999207
158	0.999222
159	0.999397
160	0.999184
161	0.999268
162	0.999084
163	0.999176
164	0.99929
165	0.999283
166	0.999222
167	0.999191
168	0.999207
169	0.999207
170	0.999222
171	0.999207
172	0.999245
173	0.999214
174	0.999138
175	0.9991
176	0.999153
177	0.999336
178	0.999336
179	0.999298
180	0.999413
181	0.999275
182	0.999222
183	0.999214
184	0.999245
185	0.99926
186	0.999229
187	0.999222
188	0.999161
189	0.999176
190	0.99929
191	0.999336
192	0.999359
193	0.99929
194	0.999306
195	0.999313
196	0.999382
197	0.999336
198	0.999306
199	0.999245
200	0.999313
201	0.999199
202	0.999237
203	0.999252
204	0.999245
205	0.999115
206	0.99926
207	0.999397
208	0.99926
209	0.999352
210	0.999336
211	0.99926
212	0.999336
213	0.999077
214	0.99929
215	0.999405
216	0.999184
217	0.999321
218	0.999252
219	0.999153
220	0.999199
221	0.999123
222	0.999168
223	0.999283
224	0.999344
225	0.999229
226	0.999268
227	0.999275
228	0.999329
229	0.999329
230	0.999237
231	0.999245
232	0.999306
233	0.999191
234	0.999229
235	0.99929
236	0.999252
237	0.999321
238	0.999374
239	0.999352
240	0.999352
241	0.999298
242	0.999336
243	0.999153
244	0.999352
245	0.999283
246	0.999336
247	0.999306
248	0.999252
249	0.999298
250	0.999321
251	0.999374
252	0.999336
253	0.999336
254	0.999367
255	0.999405
256	0.999352
257	0.999359
258	0.999306
259	0.999344
260	0.999229
261	0.999237
262	0.999245
263	0.999359
264	0.999283
265	0.999435
266	0.999352
267	0.999329
268	0.99929
269	0.999321
270	0.999336
271	0.999237
272	0.999146
273	0.999306
274	0.999405
275	0.999306
276	0.999306
277	0.999283
278	0.999245
279	0.999207
280	0.999245
281	0.999214
282	0.999283
283	0.999329
284	0.999283
285	0.999306
286	0.999245
287	0.999283
288	0.999214
289	0.999214
290	0.999214
291	0.999207
292	0.999268
293	0.999199
294	0.999268
295	0.999321
296	0.999268
297	0.99929
298	0.999359
299	0.999474
300	0.999374
301	0.999374
302	0.99929
303	0.99939
304	0.999237
305	0.99926
306	0.999176
307	0.9991
308	0.999199
309	0.999207
310	0.999138
311	0.999229
312	0.999306
313	0.999237
314	0.999214
315	0.999191
316	0.999275
317	0.999382
318	0.999367
319	0.999321
320	0.999245
321	0.99926
322	0.999237
323	0.999306
324	0.999374
325	0.999321
326	0.999207
327	0.999367
328	0.999313
329	0.999283
330	0.99926
331	0.999352
332	0.999336
333	0.999367
334	0.999207
335	0.999237
336	0.99929
337	0.99929
338	0.99929
339	0.999184
340	0.99913
341	0.999268
342	0.999306
343	0.99926
344	0.999321
345	0.999321
346	0.999352
347	0.999336
348	0.999222
349	0.999184
350	0.99926
351	0.999306
352	0.999245
353	0.999138
354	0.999359
355	0.999405
356	0.999405
357	0.999321
358	0.999283
359	0.999359
360	0.999481
361	0.999252
362	0.999237
363	0.999222
364	0.999229
365	0.999374
366	0.999229
367	0.999252
368	0.999336
369	0.999352
370	0.999374
371	0.999283
372	0.999374
373	0.999336
374	0.999275
375	0.999283
376	0.999283
377	0.999245
378	0.99926
379	0.999184
380	0.999336
381	0.999313
382	0.999306
383	0.999405
384	0.999321
385	0.999466
386	0.999466
387	0.999374
388	0.999367
389	0.999451
390	0.999367
391	0.999306
392	0.999298
393	0.999252
394	0.999275
395	0.999344
396	0.999329
397	0.99926
398	0.999298
399	0.999329
400	0.999306
401	0.999222
402	0.999329
403	0.999306
404	0.999298
405	0.99929
406	0.999252
407	0.999313
408	0.999306
409	0.999229
410	0.999245
411	0.999199
412	0.999184
413	0.999298
414	0.999321
415	0.999298
416	0.99926
417	0.999313
418	0.999283
419	0.999313
420	0.999382
421	0.999306
422	0.999229
423	0.999214
424	0.999306
425	0.999321
426	0.999222
427	0.999176
428	0.999237
429	0.999283
430	0.999344
431	0.999268
432	0.999268
433	0.999184
434	0.999237
435	0.999168
436	0.999268
437	0.999306
438	0.99926
439	0.99929
440	0.999298
441	0.999283
442	0.999222
443	0.999229
444	0.999252
445	0.99929
446	0.999451
447	0.999329
448	0.999252
449	0.999352
450	0.99942
451	0.999298
452	0.999275
453	0.999306
454	0.999306
455	0.999382
456	0.99942
457	0.999382
458	0.999283
459	0.999252
460	0.999298
461	0.99926
462	0.999275
463	0.999336
464	0.999191
465	0.999229
466	0.999275
467	0.999336
468	0.999283
469	0.999222
470	0.99929
471	0.99913
472	0.999107
473	0.999138
474	0.999084
475	0.999229
476	0.999207
477	0.999313
478	0.999199
479	0.999275
480	0.999283
481	0.999298
482	0.999344
483	0.999359
484	0.99926
485	0.999268
486	0.999336
487	0.999359
488	0.999313
489	0.999161
490	0.999336
491	0.99929
492	0.999352
493	0.999367
494	0.99929
495	0.99939
496	0.999382
497	0.999367
498	0.999313
499	0.999176
500	0.999298
501	0.999214
502	0.999168
503	0.999344
504	0.999283
505	0.99926
506	0.999229
507	0.999222
508	0.999275
509	0.999359
510	0.99926
511	0.999168
512	0.999268
513	0.999252
514	0.999275
515	0.999252
516	0.999268
517	0.999336
518	0.99929
519	0.999245
520	0.999344
521	0.999413
522	0.999352
523	0.999146
524	0.999252
525	0.999214
526	0.999222
527	0.999306
528	0.999184
529	0.999329
530	0.999275
531	0.999306
532	0.999245
533	0.999176
534	0.999176
535	0.999359
536	0.999229
537	0.999245
538	0.999321
539	0.999252
540	0.999329
541	0.999367
542	0.999367
543	0.999245
544	0.999367
545	0.999306
546	0.999336
547	0.999229
548	0.99926
549	0.999344
550	0.999222
551	0.999252
552	0.999229
553	0.999168
554	0.999275
555	0.999268
556	0.999252
557	0.999229
558	0.999275
559	0.999275
560	0.999191
561	0.999313
562	0.999306
563	0.999268
564	0.999306
565	0.999245
566	0.99926
567	0.999344
568	0.999275
569	0.999176
570	0.999229
571	0.999123
572	0.999191
573	0.999275
574	0.999275
575	0.999252
576	0.999321
577	0.999336
578	0.999268
579	0.999069
580	0.999207
581	0.999298
582	0.999153
583	0.999229
584	0.999298
585	0.999168
586	0.999199
587	0.999298
588	0.999222
589	0.999161
590	0.999199
591	0.99926
592	0.999184
593	0.999191
594	0.999214
595	0.999176
596	0.999199
597	0.999252
598	0.999252
599	0.999268
600	0.999298
601	0.999275
602	0.999298
603	0.999344
604	0.999397
605	0.999168
606	0.99929
607	0.999306
608	0.999176
609	0.999222
610	0.999344
611	0.999252
612	0.999245
613	0.999313
614	0.999252
615	0.999146
616	0.999222
617	0.999207
618	0.999352
619	0.999359
620	0.999283
621	0.999344
622	0.999428
623	0.999306
624	0.999306
625	0.999382
626	0.999367
627	0.999184
628	0.999138
629	0.999275
630	0.999191
631	0.999268
632	0.999313
633	0.999214
634	0.999352
635	0.999352
636	0.999306
637	0.999306
638	0.999344
639	0.999306
640	0.999275
641	0.999222
642	0.999374
643	0.999313
644	0.999207
645	0.999313
646	0.999352
647	0.999344
648	0.999229
649	0.999229
650	0.999283
651	0.999283
652	0.99929
653	0.999313
654	0.999229
655	0.999283
656	0.999405
657	0.999306
658	0.99926
659	0.999374
660	0.999306
661	0.999313
662	0.999359
663	0.999321
664	0.999283
665	0.999367
666	0.999496
667	0.999298
668	0.999359
669	0.999176
670	0.999115
671	0.999199
672	0.999275
673	0.999199
674	0.999199
675	0.999191
676	0.999237
677	0.999229
678	0.999184
679	0.999229
680	0.999184
681	0.999222
682	0.999298
683	0.999298
684	0.999275
685	0.999146
686	0.999321
687	0.999397
688	0.999275
689	0.999321
690	0.99913
691	0.999313
692	0.999268
693	0.999214
694	0.99929
695	0.99929
696	0.999199
697	0.999374
698	0.999359
699	0.99929
700	0.999252
701	0.999191
702	0.999123
703	0.999207
704	0.999161
705	0.999214
706	0.999329
707	0.999237
708	0.999222
709	0.999329
710	0.99926
711	0.999298
712	0.999313
713	0.999153
714	0.999153
715	0.999184
716	0.999016
717	0.999222
718	0.999191
719	0.999298
720	0.99942
721	0.999451
722	0.999344
723	0.999405
724	0.999405
725	0.999207
726	0.999252
727	0.999237
728	0.999405
729	0.99926
730	0.999275
731	0.999367
732	0.999298
733	0.999184
734	0.999191
735	0.999283
736	0.99926
737	0.999245
738	0.999306
739	0.999268
740	0.99929
741	0.999298
742	0.999313
743	0.99929
744	0.999123
745	0.999222
746	0.99926
747	0.999245
748	0.999397
749	0.99942
750	0.999321
751	0.999245
752	0.999245
753	0.999084
754	0.9991
755	0.999084
756	0.999344
757	0.99926
758	0.999222
759	0.9991
760	0.999252
761	0.999275
762	0.999237
763	0.999275
764	0.999184
765	0.999275
766	0.99926
767	0.999252
768	0.999275
769	0.999283
770	0.999275
771	0.999329
772	0.999382
773	0.999413
774	0.999275
775	0.999252
776	0.999283
777	0.999298
778	0.999336
779	0.999199
780	0.999275
781	0.999268
782	0.999275
783	0.999367
784	0.999321
785	0.999252
786	0.999229
787	0.999306
788	0.999237
789	0.999115
790	0.999146
791	0.99929
792	0.999252
793	0.999123
794	0.999153
795	0.99926
796	0.999275
797	0.999329
798	0.999222
799	0.999207
800	0.999168
801	0.999268
802	0.999275
803	0.999359
804	0.99926
805	0.999344
806	0.999405
807	0.999367
808	0.999268
809	0.999374
810	0.999275
811	0.999283
812	0.99929
813	0.99926
814	0.999435
815	0.999474
816	0.999329
817	0.999413
818	0.999313
819	0.999336
820	0.999207
821	0.999283
822	0.999329
823	0.999199
824	0.999199
825	0.999237
826	0.999306
827	0.999084
828	0.999023
829	0.999062
830	0.999184
831	0.999199
832	0.999336
833	0.999329
834	0.999336
835	0.999359
836	0.999252
837	0.999306
838	0.999283
839	0.999138
840	0.999321
841	0.999275
842	0.999161
843	0.999199
844	0.999268
845	0.999222
846	0.999252
847	0.999222
848	0.999222
849	0.999321
850	0.999344
851	0.999413
852	0.999359
853	0.999306
854	0.999252
855	0.999306
856	0.999252
857	0.999207
858	0.999367
859	0.999374
860	0.999275
861	0.999283
862	0.999344
863	0.99929
864	0.999443
865	0.999268
866	0.999413
867	0.999313
868	0.999306
869	0.999191
870	0.999298
871	0.999344
872	0.999222
873	0.999199
874	0.999214
875	0.999283
876	0.999352
877	0.999252
878	0.999168
879	0.999107
880	0.999229
881	0.999245
882	0.999252
883	0.999367
884	0.999374
885	0.999329
886	0.999222
887	0.99929
888	0.999222
889	0.999306
890	0.999161
891	0.999229
892	0.999306
893	0.999329
894	0.999229
895	0.999374
896	0.999367
897	0.999214
898	0.999367
899	0.999298
900	0.999321
901	0.99913
902	0.999199
903	0.999252
904	0.999214
905	0.999115
906	0.999168
907	0.999275
908	0.999359
909	0.999313
910	0.999306
911	0.999367
912	0.999413
913	0.999229
914	0.999275
915	0.99926
916	0.999275
917	0.999237
918	0.999252
919	0.999268
920	0.999069
921	0.999123
922	0.99913
923	0.999229
924	0.999374
925	0.999329
926	0.999321
927	0.999275
928	0.999329
929	0.999374
930	0.999458
931	0.999466
932	0.99929
933	0.999306
934	0.999313
935	0.999336
936	0.999382
937	0.999306
938	0.999313
939	0.999146
940	0.999153
941	0.999146
942	0.999207
943	0.999153
944	0.999176
945	0.999245
946	0.999146
947	0.99926
948	0.999146
949	0.999153
950	0.999306
951	0.99929
952	0.999336
953	0.999382
954	0.999199
955	0.999237
956	0.999268
957	0.999199
958	0.99929
959	0.999298
960	0.999336
961	0.99929
962	0.999222
963	0.999229
964	0.999237
965	0.999283
966	0.999298
967	0.99926
968	0.999252
969	0.99926
970	0.999298
971	0.999382
972	0.999382
973	0.999245
974	0.999214
975	0.999275
976	0.999199
977	0.999237
978	0.999237
979	0.999115
980	0.999252
981	0.999268
982	0.999252
983	0.99929
984	0.99939
985	0.999283
986	0.999283
987	0.999275
988	0.999374
989	0.999359
990	0.999382
991	0.999313
992	0.999252
993	0.999336
994	0.99942
995	0.999168
996	0.999161
997	0.999268
998	0.999344
999	0.999306
1000	0.999352
1001	0.999275
1002	0.999344
1003	0.999321
1004	0.999329
1005	0.999336
1006	0.999321
1007	0.999222
1008	0.99926
1009	0.999184
1010	0.999283
1011	0.999207
1012	0.999123
1013	0.999237
1014	0.999283
1015	0.999283
1016	0.999184
1017	0.99929
1018	0.999283
1019	0.999283
1020	0.999268
1021	0.999153
1022	0.999252
1023	0.99926
1024	0.999237
1025	0.99926
1026	0.999397
1027	0.999382
1028	0.999481
1029	0.999321
1030	0.99926
1031	0.999268
1032	0.999191
1033	0.999207
1034	0.999237
1035	0.999092
1036	0.999184
1037	0.999207
1038	0.999306
1039	0.999298
1040	0.999252
1041	0.999352
1042	0.999229
1043	0.999115
1044	0.999199
1045	0.99926
1046	0.999321
1047	0.999405
1048	0.999374
1049	0.999367
1050	0.999214
1051	0.999298
1052	0.999237
1053	0.999184
1054	0.999222
1055	0.999199
1056	0.999252
1057	0.999207
1058	0.999275
1059	0.999229
1060	0.999237
1061	0.999298
1062	0.999329
1063	0.999268
1064	0.999245
1065	0.999123
1066	0.999123
1067	0.999115
1068	0.999245
1069	0.99929
1070	0.999214
1071	0.999207
1072	0.999321
1073	0.999214
1074	0.999283
1075	0.999268
1076	0.999313
1077	0.999313
1078	0.99926
1079	0.999237
1080	0.999214
1081	0.999115
1082	0.999298
1083	0.999046
1084	0.999161
1085	0.999374
1086	0.999321
1087	0.999229
1088	0.999153
1089	0.999222
1090	0.999306
1091	0.999268
1092	0.99929
1093	0.999336
1094	0.999352
1095	0.999214
1096	0.999237
1097	0.999207
1098	0.999283
1099	0.999344
1100	0.999336
1101	0.999336
1102	0.999275
1103	0.999344
1104	0.99929
1105	0.999268
1106	0.999374
1107	0.999367
1108	0.999207
1109	0.999184
1110	0.999329
1111	0.99926
1112	0.999207
1113	0.999245
1114	0.999275
1115	0.999352
1116	0.999458
1117	0.999374
1118	0.999229
1119	0.999306
1120	0.999298
1121	0.999313
1122	0.999275
1123	0.999252
1124	0.999283
1125	0.999283
1126	0.999306
1127	0.999359
1128	0.999275
1129	0.999245
1130	0.999313
1131	0.999313
1132	0.99939
1133	0.999382
1134	0.999367
1135	0.999298
1136	0.999268
1137	0.999168
1138	0.999222
1139	0.999214
1140	0.999146
1141	0.999191
1142	0.999268
1143	0.999153
1144	0.99929
1145	0.999367
1146	0.999336
1147	0.999405
1148	0.999374
1149	0.999306
1150	0.999245
1151	0.999138
1152	0.999199
1153	0.999313
1154	0.999268
1155	0.999359
1156	0.999298
1157	0.999222
1158	0.999222
1159	0.999336
1160	0.999245
1161	0.999268
1162	0.999283
1163	0.999352
1164	0.999275
1165	0.999336
1166	0.999306
1167	0.999306
1168	0.999405
1169	0.999329
1170	0.999435
1171	0.999153
1172	0.999275
1173	0.999275
1174	0.999252
1175	0.999191
1176	0.999306
1177	0.999344
1178	0.9991
1179	0.99913
1180	0.999336
1181	0.999329
1182	0.999321
1183	0.99926
1184	0.999268
1185	0.999229
1186	0.999252
1187	0.999306
1188	0.999191
1189	0.999252
1190	0.999107
1191	0.999207
1192	0.999184
1193	0.99926
1194	0.999199
1195	0.99926
1196	0.999329
1197	0.999321
1198	0.999199
1199	0.999229
1200	0.999153
1201	0.999245
1202	0.999214
1203	0.999199
1204	0.999268
1205	0.999298
1206	0.99926
1207	0.999252
1208	0.999306
1209	0.999329
1210	0.999298
1211	0.999397
1212	0.99929
1213	0.999344
1214	0.999283
1215	0.999252
1216	0.999336
1217	0.999336
1218	0.999367
1219	0.999306
1220	0.999329
1221	0.999382
1222	0.999252
1223	0.999298
1224	0.999336
1225	0.999184
1226	0.999245
1227	0.999268
1228	0.999161
1229	0.999283
1230	0.999344
1231	0.999374
1232	0.999344
1233	0.999275
1234	0.999252
1235	0.999413
1236	0.99929
1237	0.999336
1238	0.999344
1239	0.999222
1240	0.999123
1241	0.99913
1242	0.99926
1243	0.999306
1244	0.999229
1245	0.999306
1246	0.999359
1247	0.999222
1248	0.999237
1249	0.999344
1250	0.999283
1251	0.99926
1252	0.999252
1253	0.999268
1254	0.999321
1255	0.999306
1256	0.999245
1257	0.999298
1258	0.999207
1259	0.999199
1260	0.999168
1261	0.999214
1262	0.999245
1263	0.999382
1264	0.999374
1265	0.999245
1266	0.999329
1267	0.99926
1268	0.999298
1269	0.999352
1270	0.999207
1271	0.999306
1272	0.999367
1273	0.999382
1274	0.999207
1275	0.999245
1276	0.999275
1277	0.999374
1278	0.999329
1279	0.99926
1280	0.999275
1281	0.999275
1282	0.999359
1283	0.999336
1284	0.99926
1285	0.999359
1286	0.999298
1287	0.999329
1288	0.999359
1289	0.999397
1290	0.999313
1291	0.999336
1292	0.999275
1293	0.999382
1294	0.999374
1295	0.999306
1296	0.999352
1297	0.999306
1298	0.999245
1299	0.999191
1300	0.999107
1301	0.999245
1302	0.999237
1303	0.999268
1304	0.999352
1305	0.999245
1306	0.999275
1307	0.999306
1308	0.999352
1309	0.999336
1310	0.999374
1311	0.999237
1312	0.99926
1313	0.999321
1314	0.999336
1315	0.999214
1316	0.999214
1317	0.999214
1318	0.99926
1319	0.999084
1320	0.999123
1321	0.999214
1322	0.999039
1323	0.999222
1324	0.999237
1325	0.999329
1326	0.999199
1327	0.999321
1328	0.999344
1329	0.999413
1330	0.999397
1331	0.999344
1332	0.999229
1333	0.999176
1334	0.999207
1335	0.999115
1336	0.999084
1337	0.999184
1338	0.999107
1339	0.999283
1340	0.99926
1341	0.999306
1342	0.999176
1343	0.999138
1344	0.999359
1345	0.999275
1346	0.999283
1347	0.999092
1348	0.999229
1349	0.999222
1350	0.999161
1351	0.999161
1352	0.999344
1353	0.999306
1354	0.999176
1355	0.999146
1356	0.999229
1357	0.999176
1358	0.999229
1359	0.999153
1360	0.99913
1361	0.999237
1362	0.999214
1363	0.999306
1364	0.999443
1365	0.999313
1366	0.999191
1367	0.999184
1368	0.999283
1369	0.999352
1370	0.999207
1371	0.999222
1372	0.999298
1373	0.99926
1374	0.999329
1375	0.999336
1376	0.999176
1377	0.999176
1378	0.999207
1379	0.999214
1380	0.999245
1381	0.999329
1382	0.999207
1383	0.999336
1384	0.999329
1385	0.999397
1386	0.99939
1387	0.999336
1388	0.999275
1389	0.999306
1390	0.999237
1391	0.99926
1392	0.999321
1393	0.999443
1394	0.999268
1395	0.999306
1396	0.999367
1397	0.999359
1398	0.99939
1399	0.99929
1400	0.999344
1401	0.999191
1402	0.99913
1403	0.999084
1404	0.99926
1405	0.999245
1406	0.99926
1407	0.999222
1408	0.999313
1409	0.999374
1410	0.99939
1411	0.999321
1412	0.999382
1413	0.999283
1414	0.99929
1415	0.999176
1416	0.999245
1417	0.99929
1418	0.999321
1419	0.999306
1420	0.999359
1421	0.999283
1422	0.999184
1423	0.999229
1424	0.999207
1425	0.999359
1426	0.999214
1427	0.99939
1428	0.99929
1429	0.999359
1430	0.99926
1431	0.999275
1432	0.999397
1433	0.999199
1434	0.999054
1435	0.999115
1436	0.999207
1437	0.999176
1438	0.999283
1439	0.999374
1440	0.999268
1441	0.999268
1442	0.999168
1443	0.999184
1444	0.999176
1445	0.999275
1446	0.99926
1447	0.999344
1448	0.999329
1449	0.999321
1450	0.999199
1451	0.999283
1452	0.99942
1453	0.999329
1454	0.999344
1455	0.999321
1456	0.999298
1457	0.999199
1458	0.999352
1459	0.999321
1460	0.999283
1461	0.999283
1462	0.999298
1463	0.999352
1464	0.999306
1465	0.999245
1466	0.999222
1467	0.999222
1468	0.999352
1469	0.999359
1470	0.999336
1471	0.999245
1472	0.999306
1473	0.999176
1474	0.999229
1475	0.99926
1476	0.999306
1477	0.999229
1478	0.999191
1479	0.999252
1480	0.999191
1481	0.999367
1482	0.999298
1483	0.999359
1484	0.999229
1485	0.999268
1486	0.999321
1487	0.999252
1488	0.999283
1489	0.999046
1490	0.999229
1491	0.999214
1492	0.999283
1493	0.99926
1494	0.999199
1495	0.999229
1496	0.99913
1497	0.999313
1498	0.99929
1499	0.999275
1500	0.99929
1501	0.999245
1502	0.999214
1503	0.999214
1504	0.999306
1505	0.999252
1506	0.999321
1507	0.999397
1508	0.999252
1509	0.999176
1510	0.999298
1511	0.999184
1512	0.999329
1513	0.999283
1514	0.99926
1515	0.999275
1516	0.999298
1517	0.999329
1518	0.999352
1519	0.999496
1520	0.999275
1521	0.999283
1522	0.999245
1523	0.999252
1524	0.999298
1525	0.999153
1526	0.999107
1527	0.9991
1528	0.999275
1529	0.999298
1530	0.999306
1531	0.999207
1532	0.999306
1533	0.999222
1534	0.999306
1535	0.999283
1536	0.999252
1537	0.999374
1538	0.999413
1539	0.999321
1540	0.999199
1541	0.999344
1542	0.999405
1543	0.999374
1544	0.999466
1545	0.999535
1546	0.999313
1547	0.999313
1548	0.999306
1549	0.999123
1550	0.999245
1551	0.999008
1552	0.999222
1553	0.999237
1554	0.999252
1555	0.999237
1556	0.999313
1557	0.999306
1558	0.999313
1559	0.99929
1560	0.999199
1561	0.999199
1562	0.999245
1563	0.999229
1564	0.999283
1565	0.99929
1566	0.999298
1567	0.999374
1568	0.99929
1569	0.999146
1570	0.999214
1571	0.999199
1572	0.999382
1573	0.999367
1574	0.999321
1575	0.999352
1576	0.999298
1577	0.999268
1578	0.99926
1579	0.999283
1580	0.999298
1581	0.999313
1582	0.999435
1583	0.999466
1584	0.999275
1585	0.999367
1586	0.999451
1587	0.999428
1588	0.999329
1589	0.999252
1590	0.999222
1591	0.99929
1592	0.999359
1593	0.999397
1594	0.999268
1595	0.999283
1596	0.999458
1597	0.999382
1598	0.999344
1599	0.999344
1600	0.999252
1601	0.999268
1602	0.999252
1603	0.999336
1604	0.999344
1605	0.999275
1606	0.999306
1607	0.999374
1608	0.999313
1609	0.999336
1610	0.999245
1611	0.999229
1612	0.99913
1613	0.999268
1614	0.999222
1615	0.999161
1616	0.999298
1617	0.99929
1618	0.999374
1619	0.999313
1620	0.99929
1621	0.999191
1622	0.999161
1623	0.999214
1624	0.999237
1625	0.999283
1626	0.99929
1627	0.999313
1628	0.999367
1629	0.999268
1630	0.999298
1631	0.999359
1632	0.999245
1633	0.999245
1634	0.999268
1635	0.99929
1636	0.999336
1637	0.999313
1638	0.999252
1639	0.999207
1640	0.999252
1641	0.999306
1642	0.999352
1643	0.999359
1644	0.999382
1645	0.999313
1646	0.999268
1647	0.999222
1648	0.999207
1649	0.999161
1650	0.999222
1651	0.999367
1652	0.999298
1653	0.999245
1654	0.999313
1655	0.999283
1656	0.999329
1657	0.999352
1658	0.999443
1659	0.999466
1660	0.999352
1661	0.999344
1662	0.999268
1663	0.99929
1664	0.99926
1665	0.999146
1666	0.999252
1667	0.999306
1668	0.999352
1669	0.999275
1670	0.999237
1671	0.999184
1672	0.999222
1673	0.999207
1674	0.999191
1675	0.999229
1676	0.999268
1677	0.999199
1678	0.999214
1679	0.999077
1680	0.999237
1681	0.999321
1682	0.999268
1683	0.99929
1684	0.999184
1685	0.999184
1686	0.9991
1687	0.999168
1688	0.999115
1689	0.999237
1690	0.999199
1691	0.999168
1692	0.999237
1693	0.999306
1694	0.999252
1695	0.999222
1696	0.999298
1697	0.999168
1698	0.999313
1699	0.999199
1700	0.999199
1701	0.999245
1702	0.99926
1703	0.99913
1704	0.999237
1705	0.99926
1706	0.999222
1707	0.999237
1708	0.99929
1709	0.999329
1710	0.999313
1711	0.999237
1712	0.999229
1713	0.999222
1714	0.99926
1715	0.999229
1716	0.999214
1717	0.999306
1718	0.999237
1719	0.99926
1720	0.999237
1721	0.999222
1722	0.999222
1723	0.999214
1724	0.999229
1725	0.999329
1726	0.999344
1727	0.999306
1728	0.999268
1729	0.999344
1730	0.999405
1731	0.999275
1732	0.99939
1733	0.999275
1734	0.999352
1735	0.999359
1736	0.999214
1737	0.999191
1738	0.999245
1739	0.999283
1740	0.999214
1741	0.999161
1742	0.999283
1743	0.999344
1744	0.999428
1745	0.999237
1746	0.999237
1747	0.99926
1748	0.999123
1749	0.999115
1750	0.999168
1751	0.99939
1752	0.999374
1753	0.999153
1754	0.999245
1755	0.999306
1756	0.99929
1757	0.999329
1758	0.999252
1759	0.99913
1760	0.999161
1761	0.999207
1762	0.999275
1763	0.999367
1764	0.999275
1765	0.999214
1766	0.999298
1767	0.999474
1768	0.99929
1769	0.999413
1770	0.999275
1771	0.999268
1772	0.999298
1773	0.999451
1774	0.999397
1775	0.999321
1776	0.99939
1777	0.999306
1778	0.999374
1779	0.999329
1780	0.999275
1781	0.999168
1782	0.999252
1783	0.999428
1784	0.99926
1785	0.99929
1786	0.999252
1787	0.999313
1788	0.999352
1789	0.999397
1790	0.999245
1791	0.999329
1792	0.99942
1793	0.999451
1794	0.999405
1795	0.999275
1796	0.99939
1797	0.999428
1798	0.999306
1799	0.999344
1800	0.999252
1801	0.999367
1802	0.999191
1803	0.999199
1804	0.999321
1805	0.99929
1806	0.999237
1807	0.999199
1808	0.999336
1809	0.99929
1810	0.999367
1811	0.999496
1812	0.999298
1813	0.999306
1814	0.999252
1815	0.999306
1816	0.999313
1817	0.999252
1818	0.999321
1819	0.999397
1820	0.999359
1821	0.999275
1822	0.999405
1823	0.999268
1824	0.999214
1825	0.999222
1826	0.999306
1827	0.999321
1828	0.999352
1829	0.999321
1830	0.999153
1831	0.999138
1832	0.999344
1833	0.999313
1834	0.999321
1835	0.999237
1836	0.999222
1837	0.99926
1838	0.999268
1839	0.999168
1840	0.999138
1841	0.999168
1842	0.999229
1843	0.999321
1844	0.999207
1845	0.999298
1846	0.999298
1847	0.999329
1848	0.999359
1849	0.999176
1850	0.999222
1851	0.999176
1852	0.999199
1853	0.999153
1854	0.999229
1855	0.999229
1856	0.999352
1857	0.99929
1858	0.999321
1859	0.99926
1860	0.999207
1861	0.999268
1862	0.999435
1863	0.999321
1864	0.999336
1865	0.999321
1866	0.999435
1867	0.999306
1868	0.999344
1869	0.999268
1870	0.999344
1871	0.999329
1872	0.999359
1873	0.999344
1874	0.999413
1875	0.999352
1876	0.999306
1877	0.999123
1878	0.99926
1879	0.999374
1880	0.999237
1881	0.999298
1882	0.999382
1883	0.999359
1884	0.999359
1885	0.99929
1886	0.999374
1887	0.999321
1888	0.999329
1889	0.99929
1890	0.999252
1891	0.999214
1892	0.999275
1893	0.99939
1894	0.999306
1895	0.999329
1896	0.999352
1897	0.999214
1898	0.999336
1899	0.999283
1900	0.999222
1901	0.999229
1902	0.999237
1903	0.999359
1904	0.999397
1905	0.99929
1906	0.999153
1907	0.999222
1908	0.999237
1909	0.999222
1910	0.999199
1911	0.999222
1912	0.999321
1913	0.99926
1914	0.999329
1915	0.999199
1916	0.999184
1917	0.999237
1918	0.999313
1919	0.999245
1920	0.999237
1921	0.999268
1922	0.999313
1923	0.999367
1924	0.999298
1925	0.999329
1926	0.999313
1927	0.999306
1928	0.999481
1929	0.999329
1930	0.999352
1931	0.999283
1932	0.999229
1933	0.999435
1934	0.999352
1935	0.999382
1936	0.999237
1937	0.99929
1938	0.999214
1939	0.999252
1940	0.999313
1941	0.999283
1942	0.999275
1943	0.999313
1944	0.999306
1945	0.999306
1946	0.999313
1947	0.999229
1948	0.999153
1949	0.999252
1950	0.99929
1951	0.99939
1952	0.999298
1953	0.999359
1954	0.999344
1955	0.999435
1956	0.99939
1957	0.999237
1958	0.999275
1959	0.99929
1960	0.999222
1961	0.999329
1962	0.999184
1963	0.999443
1964	0.999435
1965	0.999405
1966	0.99926
1967	0.999313
1968	0.999237
1969	0.999344
1970	0.999298
1971	0.999275
1972	0.999344
1973	0.999313
1974	0.999229
1975	0.999313
1976	0.999153
1977	0.999268
1978	0.999207
1979	0.999321
1980	0.999222
1981	0.999329
1982	0.999397
1983	0.999313
1984	0.999275
1985	0.999268
1986	0.999367
1987	0.999268
1988	0.999146
1989	0.999176
1990	0.999336
1991	0.999252
1992	0.999405
1993	0.999374
1994	0.999298
1995	0.999298
1996	0.999283
1997	0.99926
1998	0.999313
1999	0.999229
