0	0.415527
1	0.496582
2	0.588867
3	0.627441
4	0.661621
5	0.711914
6	0.751465
7	0.782715
8	0.821777
9	0.839355
10	0.865234
11	0.882324
12	0.90332
13	0.913574
14	0.92334
15	0.930176
16	0.937988
17	0.94873
18	0.960449
19	0.963867
20	0.969238
21	0.978516
22	0.981934
23	0.990234
24	0.991211
25	0.995117
26	0.996582
27	0.998047
28	0.999512
29	0.999512
30	0.999023
31	0.998535
32	1
33	0.999512
34	0.999512
35	0.999023
36	0.999512
37	0.999512
38	0.999512
39	0.999023
40	0.998535
41	0.999512
42	1
43	1
44	1
45	1
46	0.999512
47	1
48	0.999512
49	0.999512
50	0.999512
51	1
52	0.999512
53	1
54	0.999023
55	1
56	0.999023
57	0.999512
58	0.999023
59	0.999023
60	0.997559
61	0.998535
62	0.998535
63	0.999512
64	1
65	0.999023
66	0.998535
67	0.998535
68	0.999023
69	1
70	0.999023
71	0.999512
72	1
73	0.999512
74	1
75	0.999512
76	0.999512
77	1
78	1
79	1
80	0.999512
81	0.999512
82	0.999023
83	0.999512
84	0.999023
85	0.998047
86	0.998535
87	0.998047
88	1
89	0.999023
90	0.999512
91	0.999023
92	1
93	1
94	0.999512
95	1
96	0.998535
97	1
98	0.999023
99	0.999023
100	0.999023
101	1
102	1
103	0.999512
104	1
105	1
106	0.998535
107	0.999512
108	1
109	1
110	0.999512
111	1
112	0.99707
113	0.999512
114	0.998535
115	0.999512
116	0.999512
117	0.999023
118	0.999023
119	0.998535
120	0.998535
121	0.999023
122	1
123	1
124	1
125	1
126	1
127	1
128	1
129	1
130	1
131	0.999512
132	1
133	0.999512
134	0.998535
135	0.999023
136	1
137	0.999023
138	0.999512
139	0.998535
140	0.999023
141	1
142	0.999512
143	1
144	0.998535
145	0.999023
146	0.998047
147	0.999512
148	0.998535
149	0.998535
150	1
151	1
152	1
153	1
154	1
155	1
156	1
157	0.999023
158	1
159	1
160	1
161	1
162	1
163	1
164	0.999512
165	0.999023
166	1
167	0.999512
168	1
169	1
170	1
171	0.999512
172	0.999512
173	1
174	0.999512
175	0.999512
176	0.999023
177	0.999023
178	0.998535
179	0.999023
180	0.999023
181	0.999023
182	0.999512
183	0.999023
184	0.999512
185	0.999023
186	0.998535
187	0.999023
188	0.999023
189	0.999512
190	1
191	1
192	1
193	0.999512
194	0.999023
195	0.998047
196	0.998535
197	0.999023
198	0.999023
199	0.998047
200	0.998535
201	0.999023
202	0.998535
203	0.999512
204	0.999023
205	0.999023
206	0.999512
207	0.999023
208	0.999023
209	0.998535
210	0.998535
211	0.999512
212	1
213	0.999512
214	1
215	0.999512
216	0.999512
217	0.999512
218	0.999512
219	0.999512
220	0.999023
221	0.999512
222	0.999023
223	1
224	1
225	0.998535
226	0.999512
227	0.999512
228	0.999023
229	0.998535
230	0.999023
231	0.999023
232	0.999023
233	1
234	0.999512
235	0.997559
236	0.999512
237	0.999512
238	0.998047
239	0.999512
240	0.999512
241	0.999023
242	1
243	1
244	0.999023
245	0.999512
246	0.999512
247	0.999512
248	1
249	0.999512
250	0.999023
251	0.999512
252	0.999512
253	0.999512
254	0.999512
255	0.999512
256	1
257	0.998535
258	0.999023
259	0.999512
260	0.998535
261	0.999023
262	1
263	0.999512
264	1
265	0.999023
266	1
267	0.999512
268	0.998535
269	0.999023
270	0.999512
271	1
272	1
273	0.999512
274	0.999512
275	0.998535
276	0.999512
277	0.998047
278	0.999023
279	0.999512
280	0.998047
281	1
282	1
283	1
284	0.999512
285	0.998535
286	0.999023
287	0.998047
288	0.998535
289	0.997559
290	0.998047
291	0.999512
292	0.999023
293	0.999023
294	0.999023
295	0.999023
296	0.999512
297	1
298	0.999512
299	1
300	1
301	0.999023
302	0.998535
303	0.998535
304	0.999023
305	0.999512
306	0.999512
307	0.999512
308	0.999023
309	1
310	1
311	1
312	1
313	1
314	0.999512
315	0.999023
316	1
317	1
318	0.998535
319	0.998535
320	0.999512
321	0.999023
322	0.998535
323	0.998535
324	1
325	1
326	0.999023
327	0.999023
328	0.999023
329	0.999023
330	1
331	1
332	1
333	0.999512
334	0.999023
335	1
336	0.999512
337	0.999023
338	0.999512
339	0.999023
340	1
341	0.999023
342	0.999512
343	1
344	1
345	0.999023
346	0.998535
347	0.997559
348	0.998535
349	0.998535
350	0.998535
351	0.999512
352	0.999512
353	0.999512
354	0.999512
355	1
356	0.999023
357	0.999512
358	0.999023
359	0.998047
360	0.999023
361	0.999512
362	0.998535
363	0.999023
364	1
365	1
366	0.998535
367	1
368	0.999512
369	1
370	1
371	1
372	1
373	0.999023
374	0.999023
375	0.999512
376	0.999512
377	0.999023
378	0.999023
379	0.998535
380	0.998535
381	0.999512
382	0.999023
383	0.999023
384	1
385	1
386	0.999512
387	1
388	1
389	0.999023
390	0.997559
391	0.998535
392	0.997559
393	0.997559
394	0.998535
395	0.999023
396	0.998535
397	0.998535
398	0.999023
399	0.998535
400	0.999023
401	1
402	0.999023
403	0.999023
404	1
405	1
406	0.998535
407	1
408	0.999512
409	1
410	1
411	0.999512
412	0.999023
413	0.999512
414	0.999023
415	0.998535
416	0.999512
417	0.999023
418	0.999512
419	0.999512
420	0.999023
421	0.998535
422	0.998047
423	1
424	0.999512
425	0.999512
426	0.999023
427	0.998535
428	0.998535
429	0.998535
430	0.998535
431	0.998535
432	0.998535
433	0.998047
434	0.998535
435	0.998535
436	1
437	0.999023
438	0.999023
439	0.999512
440	1
441	1
442	0.999512
443	1
444	0.999512
445	0.998535
446	0.998535
447	0.997559
448	0.998047
449	1
450	0.998535
451	0.999512
452	0.999512
453	1
454	0.999512
455	1
456	1
457	0.999023
458	0.999512
459	0.999512
460	0.999512
461	0.998047
462	0.999512
463	1
464	0.999023
465	1
466	0.999512
467	0.999023
468	1
469	0.999512
470	0.999023
471	0.999512
472	0.999023
473	0.999512
474	0.999512
475	0.999023
476	0.999023
477	0.999023
478	0.999023
479	0.999023
480	0.998535
481	0.999023
482	0.998535
483	0.999512
484	0.999023
485	0.999023
486	0.999023
487	0.998047
488	0.999512
489	0.999023
490	0.999023
491	0.999023
492	0.997559
493	0.998047
494	0.998535
495	0.998047
496	0.999023
497	0.999512
498	0.998535
499	0.999512
500	0.998535
501	0.999023
502	0.999023
503	0.99707
504	0.998047
505	0.999023
506	0.999023
507	0.998535
508	0.998535
509	0.998047
510	0.998535
511	0.999023
512	0.999023
513	0.999023
514	0.998047
515	0.998047
516	0.999512
517	0.999023
518	0.999023
519	0.999512
520	0.999023
521	0.998047
522	0.999512
523	1
524	1
525	1
526	0.999023
527	1
528	0.998535
529	0.998535
530	1
531	1
532	1
533	0.999512
534	0.998535
535	0.999512
536	0.999512
537	0.998535
538	0.998535
539	0.999023
540	0.998535
541	0.999023
542	0.999512
543	1
544	0.999512
545	0.999512
546	0.999512
547	0.999512
548	0.999512
549	0.999512
550	0.998047
551	0.997559
552	0.998535
553	0.999023
554	0.999023
555	0.999023
556	0.999512
557	1
558	0.999512
559	0.999512
560	1
561	1
562	1
563	0.999512
564	0.999512
565	0.999512
566	0.999512
567	0.999023
568	0.99707
569	0.999023
570	0.99707
571	0.996582
572	0.998047
573	0.999023
574	0.998047
575	0.998535
576	0.998047
577	0.998535
578	0.998535
579	0.999023
580	0.999023
581	1
582	0.999512
583	1
584	1
585	0.999512
586	1
587	0.999023
588	0.999512
589	0.999512
590	0.999512
591	1
592	0.999023
593	0.999512
594	0.999023
595	1
596	1
597	1
598	1
599	0.999023
600	0.999512
601	1
602	1
603	1
604	0.999512
605	1
606	1
607	1
608	1
609	1
610	1
611	0.999512
612	0.999512
613	0.999023
614	0.999023
615	1
616	0.999023
617	1
618	0.999512
619	0.999512
620	0.999512
621	1
622	0.999512
623	0.999512
624	0.999512
625	1
626	0.999512
627	1
628	1
629	1
630	1
631	1
632	1
633	0.999023
634	0.999512
635	1
636	0.999023
637	0.999023
638	0.999023
639	0.999023
640	0.999023
641	0.998535
642	0.999023
643	0.999023
644	1
645	0.999512
646	0.999023
647	0.999512
648	0.999512
649	0.999512
650	1
651	1
652	1
653	1
654	0.999512
655	0.999512
656	0.999512
657	0.998047
658	0.999023
659	0.999512
660	1
661	1
662	0.999512
663	0.998535
664	0.999023
665	0.998535
666	0.998535
667	0.999023
668	0.999023
669	1
670	0.999023
671	0.999023
672	0.999023
673	0.999023
674	0.999512
675	0.999512
676	0.999023
677	0.998535
678	0.999023
679	0.998535
680	0.999512
681	0.998535
682	0.999023
683	0.998535
684	0.999023
685	0.999512
686	0.999512
687	0.998535
688	0.998535
689	0.999023
690	0.999023
691	0.999512
692	0.999023
693	1
694	1
695	0.999512
696	0.998535
697	0.99707
698	0.999512
699	0.999512
700	0.999512
701	1
702	0.999512
703	0.999512
704	1
705	1
706	0.999512
707	0.999512
708	0.999023
709	1
710	0.999512
711	0.999512
712	0.999512
713	0.999512
714	1
715	1
716	0.998535
717	0.999023
718	0.999023
719	0.998535
720	0.998047
721	0.999023
722	1
723	0.999512
724	1
725	0.998535
726	0.999512
727	1
728	1
729	1
730	0.999512
731	0.999023
732	0.999512
733	1
734	0.998047
735	0.998535
736	0.99707
737	0.997559
738	0.999023
739	0.999512
740	0.999023
741	0.999023
742	0.999512
743	1
744	0.998047
745	0.998047
746	0.999512
747	0.997559
748	0.998535
749	0.998535
750	0.999023
751	1
752	0.999023
753	0.999023
754	0.999023
755	0.999512
756	1
757	1
758	0.999512
759	0.999512
760	0.999512
761	0.999512
762	0.999512
763	0.999023
764	0.999023
765	0.999512
766	0.999023
767	1
768	0.999512
769	0.998535
770	0.997559
771	0.998535
772	0.999512
773	0.999512
774	0.999023
775	0.998535
776	0.998535
777	0.99707
778	0.997559
779	0.998535
780	0.999512
781	0.999512
782	1
783	1
784	1
785	1
786	0.999512
787	0.999512
788	1
789	1
790	0.999023
791	0.999512
792	1
793	1
794	1
795	1
796	0.999512
797	0.999023
798	0.999023
799	0.999023
800	0.998535
801	0.999023
802	0.998535
803	0.998535
804	0.998535
805	0.999512
806	0.999023
807	0.999512
808	0.999512
809	1
810	0.999512
811	1
812	0.999512
813	0.999512
814	0.999512
815	0.999023
816	0.999512
817	0.999512
818	0.998535
819	0.999512
820	0.999023
821	1
822	0.999023
823	0.999023
824	0.999023
825	0.999512
826	1
827	1
828	0.999023
829	0.999512
830	1
831	1
832	0.998535
833	0.998047
834	0.999023
835	0.999023
836	0.999512
837	0.999023
838	0.999023
839	0.999023
840	0.999023
841	0.999023
842	0.998535
843	0.998535
844	0.999512
845	0.999512
846	0.998047
847	0.998047
848	0.999512
849	0.999023
850	0.999023
851	0.999023
852	0.999512
853	0.999023
854	0.998535
855	1
856	0.999023
857	0.999512
858	0.999512
859	0.999023
860	0.999512
861	1
862	0.999512
863	0.999023
864	0.998535
865	0.999023
866	0.998535
867	0.997559
868	0.999023
869	0.999512
870	1
871	0.999023
872	0.999512
873	0.999023
874	0.998535
875	0.999023
876	1
877	0.999512
878	1
879	1
880	1
881	1
882	1
883	0.998535
884	0.998535
885	0.998535
886	0.999023
887	0.999023
888	0.999512
889	0.999512
890	0.999512
891	0.998535
892	0.999023
893	0.999023
894	0.999023
895	0.999512
896	0.999023
897	0.999023
898	0.999512
899	0.998535
900	0.998535
901	0.998535
902	0.999023
903	0.999023
904	0.999512
905	1
906	0.999512
907	0.999023
908	1
909	1
910	1
911	0.999023
912	0.999512
913	0.999512
914	0.999023
915	0.999023
916	0.998047
917	0.998535
918	0.999512
919	0.999512
920	1
921	0.999512
922	1
923	0.999023
924	0.999023
925	0.999023
926	0.999512
927	1
928	0.999023
929	0.999023
930	0.999512
931	0.998535
932	0.999512
933	0.999512
934	0.998047
935	0.999512
936	1
937	1
938	0.999512
939	0.999023
940	0.999023
941	0.998535
942	0.999023
943	0.999023
944	0.999512
945	0.998535
946	0.997559
947	0.998047
948	0.998535
949	0.999512
950	0.999512
951	0.999512
952	0.999512
953	1
954	0.999512
955	0.998535
956	0.998535
957	0.998047
958	0.998535
959	0.998535
960	0.999023
961	0.999512
962	1
963	1
964	0.999512
965	0.999512
966	0.999512
967	0.999512
968	0.999512
969	0.999512
970	1
971	0.999512
972	1
973	0.999023
974	0.998535
975	1
976	0.999512
977	1
978	1
979	0.999512
980	0.998535
981	0.998535
982	0.998535
983	0.998047
984	0.998535
985	0.999023
986	1
987	1
988	1
989	1
990	1
991	1
992	0.999023
993	0.999512
994	1
995	1
996	0.999512
997	0.999023
998	0.999023
999	1
1000	1
1001	1
1002	1
1003	0.999023
1004	0.999512
1005	0.999023
1006	0.999023
1007	0.998535
1008	0.999512
1009	0.999512
1010	0.999512
1011	0.999512
1012	0.999512
1013	0.999512
1014	0.999512
1015	0.999512
1016	1
1017	0.999512
1018	0.998535
1019	0.999023
1020	0.999023
1021	0.999512
1022	1
1023	0.999512
1024	1
1025	1
1026	0.999512
1027	0.998535
1028	0.999512
1029	0.999023
1030	0.99707
1031	0.998535
1032	0.998535
1033	0.998535
1034	0.999023
1035	0.999512
1036	0.999512
1037	1
1038	0.999023
1039	0.997559
1040	0.999512
1041	0.999512
1042	0.998535
1043	0.999023
1044	0.999512
1045	0.998047
1046	0.998535
1047	0.999512
1048	0.998535
1049	1
1050	0.999512
1051	1
1052	1
1053	1
1054	0.999512
1055	0.999512
1056	0.999512
1057	0.999512
1058	1
1059	1
1060	0.998535
1061	0.999512
1062	0.999023
1063	0.998047
1064	0.997559
1065	0.998047
1066	0.999512
1067	1
1068	1
1069	0.999512
1070	1
1071	0.998535
1072	0.998047
1073	1
1074	0.999512
1075	0.999512
1076	0.998535
1077	0.999023
1078	1
1079	1
1080	0.999023
1081	0.999023
1082	0.999023
1083	1
1084	1
1085	0.999512
1086	0.999512
1087	0.999512
1088	0.999512
1089	0.998535
1090	0.999512
1091	0.998047
1092	0.999023
1093	0.999512
1094	0.999512
1095	0.999512
1096	0.998535
1097	0.999023
1098	0.999512
1099	0.998535
1100	0.999512
1101	0.999512
1102	1
1103	0.999023
1104	0.999512
1105	0.999512
1106	1
1107	0.998535
1108	0.999023
1109	0.999023
1110	0.998535
1111	0.999023
1112	0.999023
1113	0.999023
1114	0.999023
1115	0.999512
1116	0.999512
1117	0.999512
1118	0.999512
1119	0.999512
1120	0.999512
1121	0.999512
1122	0.998535
1123	0.998535
1124	0.998535
1125	0.999512
1126	1
1127	0.999023
1128	0.999023
1129	0.999512
1130	0.998047
1131	0.997559
1132	0.998047
1133	0.998535
1134	0.998535
1135	0.999023
1136	0.999512
1137	0.999512
1138	1
1139	1
1140	1
1141	1
1142	0.999512
1143	0.999512
1144	0.999023
1145	0.998535
1146	0.999023
1147	0.998047
1148	0.99707
1149	0.999023
1150	0.999512
1151	0.999023
1152	0.998535
1153	0.999512
1154	0.999023
1155	0.999512
1156	0.998535
1157	0.998047
1158	0.999023
1159	1
1160	0.999512
1161	0.997559
1162	0.998535
1163	0.999512
1164	0.999023
1165	0.999512
1166	0.999023
1167	0.999023
1168	0.998047
1169	0.998535
1170	0.998047
1171	0.999512
1172	0.999512
1173	0.999512
1174	1
1175	0.999512
1176	0.999512
1177	0.999023
1178	0.999512
1179	0.999023
1180	0.997559
1181	0.999512
1182	0.998535
1183	0.999512
1184	1
1185	0.999512
1186	0.999023
1187	0.998535
1188	0.999023
1189	0.999512
1190	0.999512
1191	0.999023
1192	0.999023
1193	0.999512
1194	0.999023
1195	1
1196	0.999512
1197	0.998535
1198	0.999512
1199	1
1200	0.998535
1201	0.999512
1202	0.999512
1203	0.999512
1204	0.998535
1205	0.999512
1206	1
1207	1
1208	0.998535
1209	0.999512
1210	0.999512
1211	0.999023
1212	1
1213	0.999512
1214	0.999512
1215	1
1216	0.999512
1217	0.999512
1218	0.999512
1219	0.998535
1220	0.999023
1221	1
1222	1
1223	0.999023
1224	0.998047
1225	0.999512
1226	0.999512
1227	0.998535
1228	0.999023
1229	0.997559
1230	0.997559
1231	0.999023
1232	0.998535
1233	0.999512
1234	0.999512
1235	1
1236	1
1237	0.999512
1238	0.999023
1239	1
1240	1
1241	0.999512
1242	0.999023
1243	0.998535
1244	0.998535
1245	0.999512
1246	0.999512
1247	0.999512
1248	0.999512
1249	0.999512
1250	0.999023
1251	0.998535
1252	0.999512
1253	0.999512
1254	0.999512
1255	0.999512
1256	1
1257	1
1258	1
1259	0.999023
1260	0.999512
1261	0.999512
1262	0.998535
1263	0.998535
1264	0.998047
1265	0.999023
1266	0.999512
1267	0.999512
1268	0.997559
1269	0.997559
1270	1
1271	1
1272	0.999512
1273	1
1274	1
1275	0.999512
1276	0.999512
1277	1
1278	0.999512
1279	0.999512
1280	0.999512
1281	0.999512
1282	0.999512
1283	0.999023
1284	0.998535
1285	0.999023
1286	0.999023
1287	0.999512
1288	1
1289	1
1290	0.999512
1291	1
1292	0.999512
1293	0.999512
1294	0.999023
1295	0.998047
1296	0.998535
1297	0.999023
1298	0.999023
1299	0.999023
1300	0.998047
1301	0.999512
1302	0.999512
1303	0.999512
1304	0.999023
1305	1
1306	1
1307	1
1308	0.999023
1309	0.999023
1310	1
1311	0.999512
1312	0.999512
1313	0.999512
1314	0.999023
1315	0.999023
1316	0.999023
1317	0.999512
1318	0.999512
1319	0.999023
1320	0.999512
1321	0.999023
1322	0.999512
1323	0.998535
1324	0.999023
1325	1
1326	0.999512
1327	0.999023
1328	0.999512
1329	0.999512
1330	0.999512
1331	0.998047
1332	0.999512
1333	0.999023
1334	0.999512
1335	0.999023
1336	1
1337	1
1338	0.999023
1339	0.999023
1340	0.998535
1341	0.998047
1342	0.999512
1343	0.999023
1344	0.999023
1345	1
1346	0.999023
1347	0.999512
1348	1
1349	1
1350	0.999512
1351	0.999023
1352	0.999023
1353	1
1354	0.999512
1355	0.998047
1356	0.998535
1357	0.998047
1358	0.998535
1359	0.998535
1360	0.999023
1361	0.999512
1362	0.998535
1363	0.999512
1364	1
1365	0.999512
1366	0.998047
1367	0.998047
1368	0.998047
1369	0.999023
1370	0.999512
1371	0.999023
1372	0.999512
1373	1
1374	0.999512
1375	1
1376	1
1377	0.999512
1378	0.999023
1379	0.999512
1380	0.999512
1381	0.998047
1382	0.998535
1383	0.999512
1384	0.999023
1385	0.999023
1386	0.998535
1387	1
1388	1
1389	0.999512
1390	0.999512
1391	1
1392	0.998535
1393	0.999023
1394	1
1395	0.999023
1396	0.999023
1397	0.999512
1398	0.999512
1399	1
1400	0.999023
1401	0.999023
1402	0.999512
1403	1
1404	1
1405	1
1406	0.999512
1407	0.999023
1408	0.999512
1409	0.999512
1410	1
1411	0.999512
1412	0.999512
1413	0.999512
1414	0.999512
1415	0.999512
1416	0.999023
1417	0.999512
1418	1
1419	0.999512
1420	1
1421	1
1422	1
1423	1
1424	0.999023
1425	1
1426	0.999512
1427	0.999512
1428	0.999512
1429	0.999023
1430	1
1431	0.999512
1432	0.999023
1433	0.999023
1434	0.999023
1435	0.999512
1436	0.999023
1437	0.999023
1438	0.998047
1439	0.999023
1440	1
1441	0.999023
1442	0.999023
1443	0.999512
1444	0.999023
1445	1
1446	0.998047
1447	0.999512
1448	0.999023
1449	0.999023
1450	0.999512
1451	1
1452	0.999512
1453	0.999512
1454	0.999023
1455	0.998535
1456	0.999023
1457	0.999023
1458	0.999512
1459	0.999512
1460	1
1461	0.999512
1462	0.999512
1463	0.999512
1464	0.999023
1465	0.999023
1466	0.999023
1467	1
1468	1
1469	1
1470	1
1471	0.999512
1472	1
1473	1
1474	0.999512
1475	0.999023
1476	1
1477	1
1478	1
1479	1
1480	0.999512
1481	0.999023
1482	0.999023
1483	0.999023
1484	0.999512
1485	0.999512
1486	0.999023
1487	0.999023
1488	1
1489	0.998535
1490	0.999023
1491	0.999023
1492	0.999512
1493	0.998047
1494	0.999023
1495	0.999512
1496	0.999023
1497	0.998535
1498	0.997559
1499	0.999023
1500	0.999512
1501	0.999512
1502	1
1503	1
1504	1
1505	0.999512
1506	1
1507	0.999512
1508	0.999023
1509	0.999023
1510	0.999023
1511	0.999023
1512	0.999512
1513	0.999512
1514	0.999023
1515	0.999023
1516	0.999512
1517	0.998047
1518	0.999023
1519	0.999023
1520	0.998047
1521	1
1522	0.999512
1523	0.999512
1524	0.999512
1525	0.998535
1526	0.998047
1527	0.999023
1528	0.999023
1529	0.999512
1530	1
1531	0.999023
1532	1
1533	1
1534	1
1535	0.999023
1536	0.999512
1537	1
1538	0.999512
1539	1
1540	0.999512
1541	1
1542	0.999512
1543	1
1544	0.999512
1545	1
1546	0.999512
1547	0.998535
1548	0.998535
1549	0.999512
1550	1
1551	0.999512
1552	0.998047
1553	0.999512
1554	1
1555	0.999023
1556	0.998535
1557	0.996094
1558	0.996582
1559	0.996582
1560	0.998047
1561	0.998047
1562	0.999023
1563	0.999023
1564	0.999512
1565	1
1566	0.999512
1567	0.999512
1568	0.999023
1569	0.999023
1570	0.999512
1571	0.999023
1572	0.998535
1573	0.998047
1574	0.999512
1575	0.999512
1576	1
1577	0.999512
1578	0.999512
1579	1
1580	1
1581	1
1582	0.999512
1583	1
1584	0.999023
1585	0.999512
1586	0.999512
1587	0.999512
1588	0.999512
1589	1
1590	0.999512
1591	0.998047
1592	0.999512
1593	1
1594	0.999512
1595	1
1596	1
1597	1
1598	1
1599	0.999023
1600	0.998047
1601	0.998535
1602	0.998535
1603	0.999512
1604	0.999023
1605	0.999512
1606	1
1607	1
1608	0.999023
1609	1
1610	0.999512
1611	0.998535
1612	0.998535
1613	0.999023
1614	1
1615	0.999512
1616	0.999512
1617	0.999023
1618	0.999023
1619	0.998535
1620	0.998047
1621	0.998535
1622	1
1623	1
1624	0.999512
1625	0.998535
1626	0.999512
1627	1
1628	1
1629	0.999512
1630	0.999512
1631	0.998535
1632	0.998535
1633	0.99707
1634	0.999023
1635	0.998535
1636	0.999023
1637	1
1638	1
1639	1
1640	1
1641	0.999023
1642	0.999512
1643	1
1644	0.999512
1645	0.998047
1646	0.999023
1647	0.999023
1648	0.999512
1649	1
1650	0.998535
1651	0.999023
1652	0.999023
1653	0.999023
1654	0.998535
1655	0.999512
1656	1
1657	1
1658	0.999512
1659	1
1660	0.999512
1661	0.998535
1662	0.999512
1663	0.999512
1664	0.999512
1665	0.999023
1666	0.999512
1667	1
1668	0.999512
1669	0.999023
1670	0.999023
1671	0.999512
1672	0.999512
1673	0.998047
1674	0.998047
1675	0.999023
1676	0.999512
1677	0.998535
1678	0.999023
1679	0.999512
1680	0.999023
1681	0.999512
1682	0.999023
1683	1
1684	0.999512
1685	0.999023
1686	0.998535
1687	0.999023
1688	0.999512
1689	0.999023
1690	0.998535
1691	0.999023
1692	0.999023
1693	0.999512
1694	0.999512
1695	0.999023
1696	0.999023
1697	0.998535
1698	0.999512
1699	1
1700	1
1701	0.999023
1702	0.999512
1703	0.998535
1704	0.998535
1705	0.999512
1706	0.999512
1707	0.998535
1708	0.999512
1709	0.999512
1710	0.999512
1711	0.999023
1712	1
1713	0.999512
1714	1
1715	0.999512
1716	1
1717	0.998535
1718	0.999023
1719	0.999023
1720	0.998535
1721	0.998535
1722	0.997559
1723	0.999023
1724	0.998535
1725	0.999512
1726	0.999023
1727	0.999023
1728	0.998535
1729	0.998535
1730	1
1731	0.998535
1732	0.999023
1733	0.999023
1734	0.999512
1735	0.999512
1736	1
1737	0.999512
1738	0.999023
1739	0.998535
1740	0.999023
1741	0.999512
1742	0.999023
1743	0.999023
1744	0.999512
1745	0.999023
1746	0.999512
1747	1
1748	1
1749	1
1750	0.999512
1751	0.999512
1752	0.999023
1753	0.999023
1754	0.998535
1755	0.999512
1756	1
1757	0.999023
1758	0.999023
1759	0.999512
1760	0.999023
1761	0.999023
1762	1
1763	0.999023
1764	0.999023
1765	1
1766	0.999023
1767	1
1768	1
1769	1
1770	0.999512
1771	0.999512
1772	1
1773	1
1774	1
1775	0.999512
1776	0.999023
1777	0.999023
1778	0.998047
1779	0.999512
1780	0.998535
1781	0.997559
1782	0.999023
1783	0.999512
1784	0.999512
1785	0.999512
1786	0.999512
1787	0.999023
1788	0.998535
1789	0.999023
1790	1
1791	1
1792	1
1793	1
1794	0.999512
1795	0.999512
1796	1
1797	0.999023
1798	0.999023
1799	1
1800	1
1801	0.999512
1802	0.999023
1803	1
1804	0.999512
1805	0.999023
1806	0.998047
1807	0.998047
1808	0.999023
1809	0.998535
1810	0.999023
1811	0.999023
1812	0.998535
1813	0.999023
1814	0.999023
1815	1
1816	0.999512
1817	0.999023
1818	0.999023
1819	0.999023
1820	1
1821	1
1822	0.999023
1823	0.998535
1824	0.999023
1825	0.999023
1826	0.999023
1827	0.999512
1828	0.998535
1829	0.999023
1830	0.998047
1831	0.999512
1832	0.998535
1833	0.997559
1834	0.998047
1835	0.997559
1836	0.998047
1837	0.999023
1838	1
1839	0.999512
1840	0.999512
1841	0.999512
1842	1
1843	0.999512
1844	0.999512
1845	0.999512
1846	1
1847	1
1848	1
1849	0.999512
1850	0.999512
1851	1
1852	0.999512
1853	0.999512
1854	0.999023
1855	0.998535
1856	0.998535
1857	0.998535
1858	0.999512
1859	0.998535
1860	0.998535
1861	0.998047
1862	0.998535
1863	1
1864	0.999512
1865	0.998535
1866	0.999512
1867	0.999023
1868	0.999023
1869	0.999512
1870	1
1871	1
1872	0.999512
1873	0.999512
1874	0.999023
1875	0.999512
1876	0.999512
1877	0.999023
1878	0.999512
1879	0.999512
1880	1
1881	0.999512
1882	0.999023
1883	1
1884	0.998535
1885	1
1886	1
1887	1
1888	0.999512
1889	0.999023
1890	0.999023
1891	0.998535
1892	0.999023
1893	0.999023
1894	0.997559
1895	0.997559
1896	0.998047
1897	0.999023
1898	0.999512
1899	0.999512
1900	0.998047
1901	1
1902	1
1903	0.999023
1904	0.998047
1905	0.998535
1906	0.999023
1907	0.999512
1908	1
1909	0.999023
1910	0.999512
1911	0.999023
1912	0.999023
1913	0.999512
1914	0.998047
1915	0.999512
1916	1
1917	0.998535
1918	0.998047
1919	0.999023
1920	0.998047
1921	1
1922	1
1923	1
1924	0.999023
1925	0.999023
1926	0.999512
1927	0.999023
1928	0.999023
1929	0.999023
1930	0.999512
1931	0.999023
1932	1
1933	0.999512
1934	0.999512
1935	0.999512
1936	0.999512
1937	1
1938	0.999512
1939	0.999512
1940	0.999023
1941	0.998535
1942	0.998535
1943	0.999023
1944	0.999512
1945	0.998535
1946	0.998535
1947	0.999512
1948	0.999512
1949	1
1950	1
1951	0.999023
1952	0.998535
1953	0.997559
1954	0.998535
1955	0.999512
1956	0.999512
1957	0.999512
1958	1
1959	0.999512
1960	0.999512
1961	0.999023
1962	0.999023
1963	1
1964	1
1965	1
1966	1
1967	0.999512
1968	0.999512
1969	0.999023
1970	0.999023
1971	1
1972	0.999023
1973	0.999023
1974	0.998535
1975	0.999023
1976	0.999023
1977	0.999023
1978	0.999512
1979	0.999512
1980	1
1981	0.999512
1982	0.998535
1983	0.998535
1984	0.999512
1985	0.999023
1986	1
1987	1
1988	0.999512
1989	0.999512
1990	1
1991	1
1992	0.999512
1993	0.999023
1994	0.999023
1995	0.999023
1996	0.999512
1997	0.999023
1998	0.999023
1999	0.999512
