116.045	0.2	0
121.847	0.21	0
127.65	0.22	0
133.452	0.23	0
139.254	0.24	0
145.057	0.25	0
150.859	0.26	0
156.661	0.27	0
162.463	0.28	0
168.266	0.29	0
174.068	0.3	0
179.87	0.31	0
185.672	0.32	0
191.475	0.33	0
197.277	0.34	0
203.079	0.35	0
208.881	0.36	0
214.684	0.37	0
220.486	0.38	0
226.288	0.39	0
232.09	0.4	0
237.893	0.41	0
243.695	0.42	0
249.497	0.43	0
255.299	0.44	0
261.102	0.45	0
266.904	0.46	0
272.706	0.47	0
278.509	0.48	0
284.311	0.49	0
290.113	0.5	0
295.915	0.51	0
301.718	0.52	0
307.52	0.53	0
313.322	0.54	0
319.124	0.55	0
324.927	0.56	0
330.729	0.57	0
336.531	0.58	0
342.333	0.59	0
348.136	0.6	0
353.938	0.61	0
359.74	0.62	0
365.542	0.63	0
371.345	0.64	0
377.147	0.65	0
382.949	0.66	0
388.751	0.67	0
394.554	0.68	0
400.356	0.69	0
406.158	0.7	0
411.961	0.71	0
417.763	0.72	0
423.565	0.73	0
429.367	0.74	0
435.17	0.75	0
440.972	0.76	0
446.774	0.77	0
452.576	0.78	0
458.379	0.79	0
464.181	0.8	0
469.983	0.81	0
475.785	0.82	0
481.588	0.83	0
487.39	0.84	0
493.192	0.85	0.00195312
498.994	0.86	0
504.797	0.87	0.00195312
510.599	0.88	0
516.401	0.89	0
522.203	0.9	0
528.006	0.91	0
533.808	0.92	0
539.61	0.93	0
545.413	0.94	0
551.215	0.95	0
557.017	0.96	0
562.819	0.97	0
568.622	0.98	0
574.424	0.99	0
580.226	1	0
586.028	1.01	0
591.831	1.02	0
597.633	1.03	-0.00195312
603.435	1.04	0
609.237	1.05	0.00195312
615.04	1.06	0.00195312
620.842	1.07	0.00195312
626.644	1.08	0
632.446	1.09	0
638.249	1.1	0
644.051	1.11	0.00195312
649.853	1.12	-0.00195312
655.655	1.13	0
661.458	1.14	0
667.26	1.15	0
673.062	1.16	0
678.865	1.17	0
684.667	1.18	-0.00195312
690.469	1.19	0
696.271	1.2	-0.00195312
702.074	1.21	0
707.876	1.22	-0.00390625
713.678	1.23	0
719.48	1.24	-0.00195312
725.283	1.25	0
731.085	1.26	0
736.887	1.27	0.00390625
742.689	1.28	0.00195312
748.492	1.29	0.00390625
754.294	1.3	-0.00195312
760.096	1.31	0
765.898	1.32	-0.00585938
771.701	1.33	-0.00390625
777.503	1.34	-0.00195312
783.305	1.35	0
789.108	1.36	-0.00195312
794.91	1.37	0
800.712	1.38	0.00195312
806.514	1.39	0.00390625
812.317	1.4	0
818.119	1.41	0.00390625
823.921	1.42	-0.00390625
829.723	1.43	0
835.526	1.44	-0.00390625
841.328	1.45	0.00390625
847.13	1.46	0.00585938
852.932	1.47	0
858.735	1.48	0
864.537	1.49	0.00195312
870.339	1.5	0
876.141	1.51	-0.00390625
881.944	1.52	-0.00195312
887.746	1.53	-0.0078125
893.548	1.54	0.00390625
899.35	1.55	0
905.153	1.56	-0.00195312
910.955	1.57	0
916.757	1.58	-0.00195312
922.56	1.59	0.00390625
928.362	1.6	-0.00390625
934.164	1.61	-0.00390625
939.966	1.62	0.00195312
945.769	1.63	0.00195312
951.571	1.64	0.00390625
957.373	1.65	-0.0117188
963.175	1.66	0.00390625
968.978	1.67	-0.00390625
974.78	1.68	0.00195312
980.582	1.69	0.00390625
986.384	1.7	0
992.187	1.71	0.00585938
997.989	1.72	-0.00390625
1003.79	1.73	0.00195312
1009.59	1.74	0.0078125
1015.4	1.75	-0.0078125
1021.2	1.76	0.00390625
1027	1.77	-0.00195312
1032.8	1.78	-0.00390625
1038.6	1.79	0.00585938
1044.41	1.8	0.00976562
1050.21	1.81	0
1056.01	1.82	0.00390625
1061.81	1.83	0.00195312
1067.62	1.84	0
1073.42	1.85	-0.0117188
1079.22	1.86	-0.0136719
1085.02	1.87	0.00195312
1090.83	1.88	-0.00585938
1096.63	1.89	-0.00390625
1102.43	1.9	0.00585938
1108.23	1.91	-0.00976562
1114.03	1.92	-0.015625
1119.84	1.93	0
1125.64	1.94	-0.015625
1131.44	1.95	-0.0078125
1137.24	1.96	0.0078125
1143.05	1.97	-0.0078125
1148.85	1.98	-0.015625
1154.65	1.99	0
1160.45	2	0.00976562
1166.25	2.01	0.0078125
1172.06	2.02	-0.0078125
1177.86	2.03	0.00390625
1183.66	2.04	-0.0117188
1189.46	2.05	-0.00976562
1195.27	2.06	0.0234375
1201.07	2.07	0.00390625
1206.87	2.08	-0.0136719
1212.67	2.09	-0.00585938
1218.47	2.1	0.00195312
1224.28	2.11	0.00195312
1230.08	2.12	-0.00976562
1235.88	2.13	0.0078125
1241.68	2.14	-0.00585938
1247.49	2.15	-0.00585938
1253.29	2.16	-0.0195312
1259.09	2.17	-0.00390625
1264.89	2.18	0.00585938
1270.7	2.19	0.00585938
1276.5	2.2	0.00195312
1282.3	2.21	-0.00390625
1288.1	2.22	0.0332031
1293.9	2.23	-0.03125
1299.71	2.24	-0.015625
1305.51	2.25	0.0078125
1311.31	2.26	0.00585938
1317.11	2.27	0.015625
1322.92	2.28	0.00976562
1328.72	2.29	0.00390625
1334.52	2.3	-0.0078125
1340.32	2.31	0.00976562
1346.12	2.32	-0.0078125
1351.93	2.33	0.0078125
1357.73	2.34	0.0136719
1363.53	2.35	0.015625
1369.33	2.36	-0.0078125
1375.14	2.37	-0.00585938
1380.94	2.38	0.0117188
1386.74	2.39	0.00195312
1392.54	2.4	-0.0214844
1398.34	2.41	-0.0078125
1404.15	2.42	0.00585938
1409.95	2.43	0.00390625
1415.75	2.44	0.00390625
1421.55	2.45	0.0136719
1427.36	2.46	0.00195312
1433.16	2.47	0.0253906
1438.96	2.48	0.0136719
1444.76	2.49	-0.0117188
1450.57	2.5	0.015625
1456.37	2.51	-0.0234375
1462.17	2.52	-0.015625
1467.97	2.53	0.00585938
1473.77	2.54	0.0117188
1479.58	2.55	0.00585938
1485.38	2.56	0.0175781
1491.18	2.57	0.00195312
1496.98	2.58	-0.0214844
1502.79	2.59	-0.00195312
1508.59	2.6	-0.0273438
1514.39	2.61	-0.0078125
1520.19	2.62	-0.00195312
1525.99	2.63	-0.0117188
1531.8	2.64	-0.0078125
1537.6	2.65	-0.0195312
1543.4	2.66	0.0195312
1549.2	2.67	0.0136719
1555.01	2.68	-0.0273438
1560.81	2.69	-0.0273438
1566.61	2.7	-0.00195312
1572.41	2.71	0.0117188
1578.22	2.72	-0.00195312
1584.02	2.73	-0.0136719
1589.82	2.74	-0.00195312
1595.62	2.75	0.0078125
1601.42	2.76	-0.0234375
1607.23	2.77	0.0175781
1613.03	2.78	-0.00390625
1618.83	2.79	-0.00195312
1624.63	2.8	-0.0136719
1630.44	2.81	0.00195312
1636.24	2.82	0.0078125
1642.04	2.83	-0.0429688
1647.84	2.84	0.00390625
1653.64	2.85	-0.0136719
1659.45	2.86	-0.0214844
1665.25	2.87	0.0136719
1671.05	2.88	-0.00585938
1676.85	2.89	-0.00390625
1682.66	2.9	-0.00976562
1688.46	2.91	0
1694.26	2.92	-0.0371094
1700.06	2.93	-0.015625
1705.86	2.94	-0.00976562
1711.67	2.95	-0.00195312
1717.47	2.96	-0.0175781
1723.27	2.97	0.00585938
1729.07	2.98	-0.015625
1734.88	2.99	-0.00195312
1740.68	3	0.0253906
1746.48	3.01	-0.0214844
1752.28	3.02	0.015625
1758.09	3.03	0.00976562
1763.89	3.04	-0.00585938
1769.69	3.05	-0.00976562
1775.49	3.06	0.015625
1781.29	3.07	0.0292969
1787.1	3.08	-0.0292969
1792.9	3.09	0
1798.7	3.1	0.0273438
1804.5	3.11	-0.00976562
1810.31	3.12	-0.0390625
1816.11	3.13	0.0078125
1821.91	3.14	-0.03125
1827.71	3.15	-0.015625
1833.51	3.16	-0.0449219
1839.32	3.17	-0.00585938
1845.12	3.18	0.0214844
1850.92	3.19	0.00585938
1856.72	3.2	0.0136719
1862.53	3.21	-0.0195312
1868.33	3.22	0.0292969
1874.13	3.23	-0.00195312
1879.93	3.24	0.015625
1885.73	3.25	-0.00390625
1891.54	3.26	-0.00585938
1897.34	3.27	0.00585938
1903.14	3.28	0
1908.94	3.29	0.0390625
1914.75	3.3	0.00390625
1920.55	3.31	0.00195312
1926.35	3.32	0.0136719
1932.15	3.33	-0.0253906
1937.96	3.34	-0.0078125
1943.76	3.35	0
1949.56	3.36	-0.00976562
1955.36	3.37	-0.0195312
1961.16	3.38	-0.0234375
1966.97	3.39	0.00390625
1972.77	3.4	-0.015625
1978.57	3.41	0.00585938
1984.37	3.42	-0.00195312
1990.18	3.43	-0.0117188
1995.98	3.44	0.00976562
2001.78	3.45	0.0253906
2007.58	3.46	0.0332031
2013.38	3.47	0.00195312
2019.19	3.48	-0.0214844
2024.99	3.49	0.0195312
2030.79	3.5	0.00585938
2036.59	3.51	-0.0390625
2042.4	3.52	-0.0195312
2048.2	3.53	-0.0253906
2054	3.54	-0.00976562
2059.8	3.55	-0.0117188
2065.6	3.56	-0.00585938
2071.41	3.57	0.0078125
2077.21	3.58	-0.0136719
2083.01	3.59	0.0175781
2088.81	3.6	0.00195312
2094.62	3.61	-0.0234375
2100.42	3.62	-0.0117188
2106.22	3.63	-0.0078125
2112.02	3.64	0.0371094
2117.83	3.65	0.0117188
2123.63	3.66	0.0214844
2129.43	3.67	0.0078125
2135.23	3.68	0.0234375
2141.03	3.69	-0.0175781
2146.84	3.7	-0.0371094
2152.64	3.71	0.0253906
2158.44	3.72	0.00390625
2164.24	3.73	0.00976562
2170.05	3.74	-0.0117188
2175.85	3.75	-0.00390625
2181.65	3.76	0.00195312
2187.45	3.77	-0.015625
2193.25	3.78	-0.0195312
2199.06	3.79	0.015625
2204.86	3.8	-0.0117188
2210.66	3.81	-0.00195312
2216.46	3.82	0.0078125
2222.27	3.83	0.0195312
2228.07	3.84	0.00195312
2233.87	3.85	-0.00195312
2239.67	3.86	0.0078125
2245.48	3.87	-0.015625
2251.28	3.88	0.00585938
2257.08	3.89	0.015625
2262.88	3.9	-0.00390625
2268.68	3.91	-0.0214844
2274.49	3.92	0.0214844
2280.29	3.93	-0.00976562
2286.09	3.94	-0.00195312
2291.89	3.95	0.0273438
2297.7	3.96	0.0175781
2303.5	3.97	-0.00195312
2309.3	3.98	-0.0136719
2315.1	3.99	-0.00976562
2320.9	4	0.00976562
2326.71	4.01	0.03125
2332.51	4.02	0.00976562
2338.31	4.03	-0.0078125
2344.11	4.04	-0.0332031
2349.92	4.05	-0.015625
2355.72	4.06	0.00195312
2361.52	4.07	-0.0175781
2367.32	4.08	0.0078125
2373.12	4.09	-0.0117188
2378.93	4.1	-0.0273438
2384.73	4.11	0.0371094
2390.53	4.12	-0.0117188
2396.33	4.13	-0.00195312
2402.14	4.14	-0.0117188
2407.94	4.15	0
2413.74	4.16	0.00976562
2419.54	4.17	0.0214844
2425.35	4.18	0.0214844
2431.15	4.19	0.00390625
2436.95	4.2	0.0527344
2442.75	4.21	0.0292969
2448.55	4.22	-0.00390625
2454.36	4.23	0.00195312
2460.16	4.24	0.0292969
2465.96	4.25	0.00585938
2471.76	4.26	0.0078125
2477.57	4.27	-0.00976562
2483.37	4.28	-0.0273438
2489.17	4.29	-0.0117188
2494.97	4.3	0.00976562
2500.77	4.31	-0.00976562
2506.58	4.32	0.00390625
2512.38	4.33	-0.0214844
2518.18	4.34	0.0253906
2523.98	4.35	0.0253906
2529.79	4.36	0.00195312
2535.59	4.37	-0.00390625
2541.39	4.38	0.0566406
2547.19	4.39	0.0117188
2552.99	4.4	0.00976562
2558.8	4.41	0.0195312
2564.6	4.42	0.015625
2570.4	4.43	-0.0136719
2576.2	4.44	0.0371094
2582.01	4.45	-0.046875
2587.81	4.46	0.0390625
2593.61	4.47	0.00585938
2599.41	4.48	0.0390625
2605.22	4.49	-0.0273438
2611.02	4.5	0
2616.82	4.51	-0.0078125
2622.62	4.52	0.0078125
2628.42	4.53	0.00585938
2634.23	4.54	0.0273438
2640.03	4.55	0.0273438
2645.83	4.56	0.03125
2651.63	4.57	0
2657.44	4.58	0.0351562
2663.24	4.59	0.0195312
2669.04	4.6	0.00195312
2674.84	4.61	0.0117188
2680.64	4.62	-0.0175781
2686.45	4.63	0.0195312
2692.25	4.64	-0.00585938
2698.05	4.65	0.0390625
2703.85	4.66	-0.0253906
2709.66	4.67	0.0214844
2715.46	4.68	-0.0292969
2721.26	4.69	-0.0214844
2727.06	4.7	0.00195312
2732.86	4.71	0.0136719
2738.67	4.72	-0.00390625
2744.47	4.73	0.00585938
2750.27	4.74	0.00976562
2756.07	4.75	0.00585938
2761.88	4.76	-0.00390625
2767.68	4.77	0.00195312
2773.48	4.78	0.046875
2779.28	4.79	0.0214844
2785.09	4.8	-0.00976562
2790.89	4.81	0.0332031
2796.69	4.82	0.03125
2802.49	4.83	0.00976562
2808.29	4.84	0.03125
2814.1	4.85	0.0195312
2819.9	4.86	-0.0078125
2825.7	4.87	0.0371094
2831.5	4.88	0.0332031
2837.31	4.89	-0.0273438
2843.11	4.9	0.0214844
2848.91	4.91	0.0195312
2854.71	4.92	0.0332031
2860.51	4.93	0.00390625
2866.32	4.94	-0.046875
2872.12	4.95	-0.00195312
2877.92	4.96	-0.00976562
2883.72	4.97	0.0214844
2889.53	4.98	-0.0214844
2895.33	4.99	-0.00390625
