348.136	0.2	0
365.542	0.21	0
382.949	0.22	0
400.356	0.23	0
417.763	0.24	0
435.17	0.25	0
452.576	0.26	0
469.983	0.27	0
487.39	0.28	0
504.797	0.29	0
522.203	0.3	0
539.61	0.31	0
557.017	0.32	0
574.424	0.33	0
591.831	0.34	0
609.237	0.35	0
626.644	0.36	0
644.051	0.37	0
661.458	0.38	0
678.865	0.39	0
696.271	0.4	0
713.678	0.41	0
731.085	0.42	0
748.492	0.43	0
765.898	0.44	0
783.305	0.45	0
800.712	0.46	0
818.119	0.47	0
835.526	0.48	0
852.932	0.49	0
870.339	0.5	0
887.746	0.51	0
905.153	0.52	0
922.56	0.53	0
939.966	0.54	0
957.373	0.55	0
974.78	0.56	0
992.187	0.57	0
1009.59	0.58	0
1027	0.59	0
1044.41	0.6	0
1061.81	0.61	0
1079.22	0.62	0
1096.63	0.63	0
1114.03	0.64	0
1131.44	0.65	0
1148.85	0.66	0
1166.25	0.67	0
1183.66	0.68	0
1201.07	0.69	0
1218.47	0.7	0
1235.88	0.71	0
1253.29	0.72	0
1270.7	0.73	0
1288.1	0.74	0
1305.51	0.75	0
1322.92	0.76	0
1340.32	0.77	0
1357.73	0.78	0
1375.14	0.79	0
1392.54	0.8	0
1409.95	0.81	-0.00195312
1427.36	0.82	0
1444.76	0.83	0
1462.17	0.84	0
1479.58	0.85	0
1496.98	0.86	0
1514.39	0.87	0
1531.8	0.88	0.00195312
1549.2	0.89	0
1566.61	0.9	0
1584.02	0.91	0
1601.42	0.92	0
1618.83	0.93	0
1636.24	0.94	0
1653.64	0.95	0
1671.05	0.96	0
1688.46	0.97	0
1705.86	0.98	-0.00195312
1723.27	0.99	-0.00195312
1740.68	1	0
1758.09	1.01	0
1775.49	1.02	-0.00195312
1792.9	1.03	0
1810.31	1.04	0
1827.71	1.05	-0.00195312
1845.12	1.06	-0.00195312
1862.53	1.07	0.00195312
1879.93	1.08	-0.00195312
1897.34	1.09	0
1914.75	1.1	0.00195312
1932.15	1.11	0
1949.56	1.12	0
1966.97	1.13	0.00195312
1984.37	1.14	0.00195312
2001.78	1.15	0
2019.19	1.16	0
2036.59	1.17	-0.00195312
2054	1.18	0.00195312
2071.41	1.19	-0.00195312
2088.81	1.2	0.00195312
2106.22	1.21	0
2123.63	1.22	-0.00195312
2141.03	1.23	-0.00195312
2158.44	1.24	0
2175.85	1.25	0
2193.25	1.26	-0.00390625
2210.66	1.27	0.00195312
2228.07	1.28	0
2245.48	1.29	-0.00390625
2262.88	1.3	0
2280.29	1.31	0.0078125
2297.7	1.32	-0.00195312
2315.1	1.33	-0.00195312
2332.51	1.34	0
2349.92	1.35	0.00195312
2367.32	1.36	0.00390625
2384.73	1.37	-0.00195312
2402.14	1.38	0.00195312
2419.54	1.39	-0.00195312
2436.95	1.4	0.00195312
2454.36	1.41	0.00585938
2471.76	1.42	-0.00390625
2489.17	1.43	0.00195312
2506.58	1.44	-0.00585938
2523.98	1.45	-0.00195312
2541.39	1.46	0.00390625
2558.8	1.47	0.00585938
2576.2	1.48	0.0078125
2593.61	1.49	0.00585938
2611.02	1.5	-0.00390625
2628.42	1.51	0.00195312
2645.83	1.52	-0.00195312
2663.24	1.53	-0.00195312
2680.64	1.54	-0.00195312
2698.05	1.55	0.00585938
2715.46	1.56	-0.00585938
2732.86	1.57	-0.00585938
2750.27	1.58	0.00585938
2767.68	1.59	0.015625
2785.09	1.6	0
2802.49	1.61	0
2819.9	1.62	-0.00195312
2837.31	1.63	-0.00390625
2854.71	1.64	-0.00195312
2872.12	1.65	0
2889.53	1.66	-0.00195312
2906.93	1.67	-0.00390625
2924.34	1.68	-0.0078125
2941.75	1.69	-0.00390625
2959.15	1.7	-0.00390625
2976.56	1.71	-0.00390625
2993.97	1.72	0.0078125
3011.37	1.73	-0.00195312
3028.78	1.74	-0.00390625
3046.19	1.75	-0.00195312
3063.59	1.76	-0.0078125
3081	1.77	-0.00585938
3098.41	1.78	0.00195312
3115.81	1.79	0.0078125
3133.22	1.8	0.00195312
3150.63	1.81	0.00585938
3168.03	1.82	0.00390625
3185.44	1.83	-0.00195312
3202.85	1.84	0.0078125
3220.25	1.85	-0.0078125
3237.66	1.86	-0.0078125
3255.07	1.87	-0.00976562
3272.48	1.88	-0.00195312
3289.88	1.89	-0.0078125
3307.29	1.9	0.0136719
3324.7	1.91	-0.0117188
3342.1	1.92	0.0117188
3359.51	1.93	-0.0136719
3376.92	1.94	-0.00585938
3394.32	1.95	0.00585938
3411.73	1.96	-0.0175781
3429.14	1.97	0.0078125
3446.54	1.98	0.00976562
3463.95	1.99	0.00585938
3481.36	2	-0.0078125
3498.76	2.01	0.0078125
3516.17	2.02	0.015625
3533.58	2.03	-0.0117188
3550.98	2.04	-0.00585938
3568.39	2.05	-0.00976562
3585.8	2.06	0.00585938
3603.2	2.07	0.00390625
3620.61	2.08	-0.0117188
3638.02	2.09	-0.0117188
3655.42	2.1	0.00195312
3672.83	2.11	0
3690.24	2.12	-0.00195312
3707.64	2.13	0.0332031
3725.05	2.14	0.00585938
3742.46	2.15	-0.0195312
3759.87	2.16	0
3777.27	2.17	-0.00195312
3794.68	2.18	0.00195312
3812.09	2.19	-0.0136719
3829.49	2.2	-0.00390625
3846.9	2.21	0.0195312
3864.31	2.22	0.0332031
3881.71	2.23	0
3899.12	2.24	0.00390625
3916.53	2.25	0.0195312
3933.93	2.26	0.00390625
3951.34	2.27	0.00390625
3968.75	2.28	0
3986.15	2.29	0
4003.56	2.3	-0.0273438
4020.97	2.31	0
4038.37	2.32	0.00585938
4055.78	2.33	-0.00976562
4073.19	2.34	-0.0078125
4090.59	2.35	0.00976562
4108	2.36	-0.00585938
4125.41	2.37	0.0214844
4142.81	2.38	-0.0078125
4160.22	2.39	-0.00390625
4177.63	2.4	-0.00195312
4195.03	2.41	0.00390625
4212.44	2.42	0.0136719
4229.85	2.43	0.0078125
4247.26	2.44	0.00390625
4264.66	2.45	-0.00976562
4282.07	2.46	0
4299.48	2.47	0
4316.88	2.48	-0.015625
4334.29	2.49	-0.0117188
4351.7	2.5	-0.0117188
4369.1	2.51	0.00195312
4386.51	2.52	0
4403.92	2.53	0.00390625
4421.32	2.54	0.00390625
4438.73	2.55	0.0175781
4456.14	2.56	-0.0292969
4473.54	2.57	0
4490.95	2.58	0
4508.36	2.59	-0.0136719
4525.76	2.6	0.00195312
4543.17	2.61	0.00390625
4560.58	2.62	-0.015625
4577.98	2.63	-0.0175781
4595.39	2.64	0.0117188
4612.8	2.65	0.015625
4630.2	2.66	-0.0136719
4647.61	2.67	-0.0214844
4665.02	2.68	0.00195312
4682.42	2.69	-0.0214844
4699.83	2.7	-0.00195312
4717.24	2.71	-0.00976562
4734.65	2.72	-0.0234375
4752.05	2.73	-0.0234375
4769.46	2.74	0.0117188
4786.87	2.75	-0.00390625
4804.27	2.76	-0.0195312
4821.68	2.77	0.0078125
4839.09	2.78	-0.00195312
4856.49	2.79	-0.0078125
4873.9	2.8	-0.00390625
4891.31	2.81	-0.00585938
4908.71	2.82	-0.00585938
4926.12	2.83	-0.00585938
4943.53	2.84	0.00195312
4960.93	2.85	0.00195312
4978.34	2.86	0.00195312
4995.75	2.87	-0.00195312
5013.15	2.88	-0.03125
5030.56	2.89	0.00390625
5047.97	2.9	-0.0117188
5065.37	2.91	0.0117188
5082.78	2.92	-0.0175781
5100.19	2.93	0.0214844
5117.59	2.94	-0.00390625
5135	2.95	0.00976562
5152.41	2.96	-0.0175781
5169.81	2.97	-0.00585938
5187.22	2.98	-0.0136719
5204.63	2.99	0
5222.03	3	0.00195312
5239.44	3.01	0.015625
5256.85	3.02	0.0292969
5274.26	3.03	0.00390625
5291.66	3.04	0.00195312
5309.07	3.05	-0.0136719
5326.48	3.06	0.00976562
5343.88	3.07	-0.0117188
5361.29	3.08	-0.0117188
5378.7	3.09	0.00585938
5396.1	3.1	0.0273438
5413.51	3.11	-0.00976562
5430.92	3.12	-0.00585938
5448.32	3.13	0.0078125
5465.73	3.14	0.00390625
5483.14	3.15	0.00976562
5500.54	3.16	0.00195312
5517.95	3.17	-0.0078125
5535.36	3.18	0.0195312
5552.76	3.19	0.00585938
5570.17	3.2	-0.0136719
5587.58	3.21	-0.0195312
5604.98	3.22	-0.0117188
5622.39	3.23	0.03125
5639.8	3.24	-0.00390625
5657.2	3.25	-0.0234375
5674.61	3.26	0.0117188
5692.02	3.27	0.0117188
5709.42	3.28	-0.00585938
5726.83	3.29	-0.0214844
5744.24	3.3	0.0078125
5761.65	3.31	-0.0410156
5779.05	3.32	0.0117188
5796.46	3.33	0.00390625
5813.87	3.34	0.0410156
5831.27	3.35	0.00585938
5848.68	3.36	0.0117188
5866.09	3.37	0.0214844
5883.49	3.38	0.00195312
5900.9	3.39	-0.0234375
5918.31	3.4	-0.0117188
5935.71	3.41	-0.0214844
5953.12	3.42	-0.0253906
5970.53	3.43	0.00585938
5987.93	3.44	0.00585938
6005.34	3.45	0.0117188
6022.75	3.46	-0.00390625
6040.15	3.47	0
6057.56	3.48	-0.00390625
6074.97	3.49	-0.0078125
6092.37	3.5	-0.0214844
6109.78	3.51	0.0078125
6127.19	3.52	0.015625
6144.59	3.53	-0.0117188
6162	3.54	-0.015625
6179.41	3.55	-0.0214844
6196.81	3.56	0.0117188
6214.22	3.57	0.0136719
6231.63	3.58	-0.00585938
6249.04	3.59	-0.015625
6266.44	3.6	0.0546875
6283.85	3.61	0.0214844
6301.26	3.62	0.0078125
6318.66	3.63	0.00585938
6336.07	3.64	-0.015625
6353.48	3.65	0.0078125
6370.88	3.66	-0.0195312
6388.29	3.67	0.00390625
6405.7	3.68	0.015625
6423.1	3.69	-0.0078125
6440.51	3.7	-0.0214844
6457.92	3.71	0.015625
6475.32	3.72	0.00390625
6492.73	3.73	0.0292969
6510.14	3.74	-0.0253906
6527.54	3.75	0.015625
6544.95	3.76	0.00390625
6562.36	3.77	-0.0195312
6579.76	3.78	-0.00195312
6597.17	3.79	-0.0117188
6614.58	3.8	0.0078125
6631.98	3.81	0.0195312
6649.39	3.82	-0.0234375
6666.8	3.83	0.00390625
6684.2	3.84	-0.0234375
6701.61	3.85	-0.00390625
6719.02	3.86	0
6736.43	3.87	0.0117188
6753.83	3.88	0.00976562
6771.24	3.89	0.0078125
6788.65	3.9	0.00390625
6806.05	3.91	0
6823.46	3.92	0.00195312
6840.87	3.93	-0.015625
6858.27	3.94	-0.00976562
6875.68	3.95	0.00390625
6893.09	3.96	0.00390625
6910.49	3.97	-0.00976562
6927.9	3.98	0
6945.31	3.99	-0.00390625
6962.71	4	0.00390625
6980.12	4.01	0.015625
6997.53	4.02	0.0253906
7014.93	4.03	-0.00976562
7032.34	4.04	0.0273438
7049.75	4.05	-0.0078125
7067.15	4.06	-0.00585938
7084.56	4.07	-0.0273438
7101.97	4.08	-0.0390625
7119.37	4.09	0
7136.78	4.1	-0.0078125
7154.19	4.11	0.0175781
7171.59	4.12	-0.0136719
7189	4.13	-0.0253906
7206.41	4.14	-0.0078125
7223.82	4.15	-0.00585938
7241.22	4.16	0.00195312
7258.63	4.17	0.00585938
7276.04	4.18	-0.0136719
7293.44	4.19	0.0078125
7310.85	4.2	0.00585938
7328.26	4.21	-0.0273438
7345.66	4.22	-0.00195312
7363.07	4.23	0.00976562
7380.48	4.24	-0.0234375
7397.88	4.25	0.0175781
7415.29	4.26	-0.0292969
7432.7	4.27	-0.015625
7450.1	4.28	0.0195312
7467.51	4.29	-0.0078125
7484.92	4.3	-0.0078125
7502.32	4.31	-0.0195312
7519.73	4.32	0.03125
7537.14	4.33	0.0078125
7554.54	4.34	0.0136719
7571.95	4.35	0.03125
7589.36	4.36	0.0136719
7606.76	4.37	-0.00390625
7624.17	4.38	-0.0351562
7641.58	4.39	0.0078125
7658.98	4.4	-0.0292969
7676.39	4.41	-0.0195312
7693.8	4.42	0.00585938
7711.2	4.43	0.0253906
7728.61	4.44	0.0234375
7746.02	4.45	0.0117188
7763.43	4.46	-0.0214844
7780.83	4.47	0.015625
7798.24	4.48	0
7815.65	4.49	0.0078125
7833.05	4.5	0.015625
7850.46	4.51	-0.0195312
7867.87	4.52	0.0195312
7885.27	4.53	0.0214844
7902.68	4.54	-0.0429688
7920.09	4.55	0.00195312
7937.49	4.56	0
7954.9	4.57	0.00195312
7972.31	4.58	-0.00585938
7989.71	4.59	0.03125
8007.12	4.6	-0.0078125
8024.53	4.61	0.0175781
8041.93	4.62	0.0214844
8059.34	4.63	0.0117188
8076.75	4.64	0.0234375
8094.15	4.65	0.0214844
8111.56	4.66	-0.0214844
8128.97	4.67	0
8146.37	4.68	0.00585938
8163.78	4.69	-0.0136719
8181.19	4.7	0.015625
8198.59	4.71	0.00390625
8216	4.72	-0.0117188
8233.41	4.73	-0.0195312
8250.82	4.74	-0.0253906
8268.22	4.75	-0.0332031
8285.63	4.76	-0.078125
8303.04	4.77	-0.03125
8320.44	4.78	-0.0273438
8337.85	4.79	-0.0117188
8355.26	4.8	0.0195312
8372.66	4.81	0.0136719
8390.07	4.82	0.0136719
8407.48	4.83	-0.015625
8424.88	4.84	-0.00390625
8442.29	4.85	-0.00585938
8459.7	4.86	0.0175781
8477.1	4.87	-0.00976562
8494.51	4.88	-0.00585938
8511.92	4.89	0.0175781
8529.32	4.9	-0.015625
8546.73	4.91	-0.0078125
8564.14	4.92	0.00976562
8581.54	4.93	-0.00195312
8598.95	4.94	-0.0136719
8616.36	4.95	0.0371094
8633.76	4.96	-0.015625
8651.17	4.97	-0.0292969
8668.58	4.98	-0.00195312
8685.98	4.99	-0.00390625
