116.045	0.2	1
121.847	0.21	1
127.65	0.22	1
133.452	0.23	1
139.254	0.24	1
145.057	0.25	1
150.859	0.26	1
156.661	0.27	1
162.463	0.28	1
168.266	0.29	1
174.068	0.3	1
179.87	0.31	1
185.672	0.32	1
191.475	0.33	1
197.277	0.34	1
203.079	0.35	1
208.881	0.36	1
214.684	0.37	1
220.486	0.38	1
226.288	0.39	1
232.09	0.4	1
237.893	0.41	1
243.695	0.42	1
249.497	0.43	1
255.299	0.44	1
261.102	0.45	1
266.904	0.46	1
272.706	0.47	1
278.509	0.48	1
284.311	0.49	1
290.113	0.5	1
295.915	0.51	1
301.718	0.52	1
307.52	0.53	1
313.322	0.54	1
319.124	0.55	1
324.927	0.56	1
330.729	0.57	1
336.531	0.58	1
342.333	0.59	1
348.136	0.6	1
353.938	0.61	1
359.74	0.62	1
365.542	0.63	1
371.345	0.64	1
377.147	0.65	1
382.949	0.66	1
388.751	0.67	1
394.554	0.68	1
400.356	0.69	1
406.158	0.7	1
411.961	0.71	1
417.763	0.72	1
423.565	0.73	1
429.367	0.74	1
435.17	0.75	1
440.972	0.76	1
446.774	0.77	1
452.576	0.78	1
458.379	0.79	1
464.181	0.8	1
469.983	0.81	1
475.785	0.82	1
481.588	0.83	1
487.39	0.84	1
493.192	0.85	1
498.994	0.86	1
504.797	0.87	1
510.599	0.88	1
516.401	0.89	0.998047
522.203	0.9	1
528.006	0.91	1
533.808	0.92	1
539.61	0.93	0.998047
545.413	0.94	0.998047
551.215	0.95	0.996094
557.017	0.96	1
562.819	0.97	0.998047
568.622	0.98	1
574.424	0.99	1
580.226	1	0.998047
586.028	1.01	0.994141
591.831	1.02	1
597.633	1.03	1
603.435	1.04	1
609.237	1.05	0.998047
615.04	1.06	0.998047
620.842	1.07	0.996094
626.644	1.08	1
632.446	1.09	0.998047
638.249	1.1	0.998047
644.051	1.11	0.996094
649.853	1.12	0.996094
655.655	1.13	0.996094
661.458	1.14	0.996094
667.26	1.15	0.998047
673.062	1.16	0.998047
678.865	1.17	1
684.667	1.18	0.998047
690.469	1.19	0.998047
696.271	1.2	0.998047
702.074	1.21	0.994141
707.876	1.22	1
713.678	1.23	0.994141
719.48	1.24	0.996094
725.283	1.25	0.998047
731.085	1.26	0.992188
736.887	1.27	0.996094
742.689	1.28	0.988281
748.492	1.29	0.992188
754.294	1.3	0.998047
760.096	1.31	0.998047
765.898	1.32	0.996094
771.701	1.33	0.994141
777.503	1.34	0.996094
783.305	1.35	0.998047
789.108	1.36	0.996094
794.91	1.37	0.990234
800.712	1.38	0.992188
806.514	1.39	0.996094
812.317	1.4	0.988281
818.119	1.41	0.990234
823.921	1.42	0.992188
829.723	1.43	0.978516
835.526	1.44	0.994141
841.328	1.45	0.988281
847.13	1.46	0.988281
852.932	1.47	0.994141
858.735	1.48	0.992188
864.537	1.49	0.984375
870.339	1.5	0.992188
876.141	1.51	0.992188
881.944	1.52	0.988281
887.746	1.53	0.976562
893.548	1.54	0.970703
899.35	1.55	0.988281
905.153	1.56	0.992188
910.955	1.57	0.978516
916.757	1.58	0.982422
922.56	1.59	0.980469
928.362	1.6	0.980469
934.164	1.61	0.974609
939.966	1.62	0.990234
945.769	1.63	0.970703
951.571	1.64	0.982422
957.373	1.65	0.972656
963.175	1.66	0.984375
968.978	1.67	0.974609
974.78	1.68	0.951172
980.582	1.69	0.960938
986.384	1.7	0.96875
992.187	1.71	0.976562
997.989	1.72	0.974609
1003.79	1.73	0.955078
1009.59	1.74	0.962891
1015.4	1.75	0.945312
1021.2	1.76	0.972656
1027	1.77	0.939453
1032.8	1.78	0.960938
1038.6	1.79	0.951172
1044.41	1.8	0.958984
1050.21	1.81	0.96875
1056.01	1.82	0.976562
1061.81	1.83	0.966797
1067.62	1.84	0.951172
1073.42	1.85	0.966797
1079.22	1.86	0.96875
1085.02	1.87	0.951172
1090.83	1.88	0.966797
1096.63	1.89	0.917969
1102.43	1.9	0.935547
1108.23	1.91	0.943359
1114.03	1.92	0.904297
1119.84	1.93	0.96875
1125.64	1.94	0.904297
1131.44	1.95	0.943359
1137.24	1.96	0.949219
1143.05	1.97	0.949219
1148.85	1.98	0.900391
1154.65	1.99	0.9375
1160.45	2	0.917969
1166.25	2.01	0.941406
1172.06	2.02	0.894531
1177.86	2.03	0.904297
1183.66	2.04	0.867188
1189.46	2.05	0.917969
1195.27	2.06	0.740234
1201.07	2.07	0.884766
1206.87	2.08	0.835938
1212.67	2.09	0.916016
1218.47	2.1	0.841797
1224.28	2.11	0.802734
1230.08	2.12	0.857422
1235.88	2.13	0.816406
1241.68	2.14	0.769531
1247.49	2.15	0.876953
1253.29	2.16	0.746094
1259.09	2.17	0.775391
1264.89	2.18	0.876953
1270.7	2.19	0.693359
1276.5	2.2	0.824219
1282.3	2.21	0.818359
1288.1	2.22	0.845703
1293.9	2.23	0.839844
1299.71	2.24	0.767578
1305.51	2.25	0.835938
1311.31	2.26	0.466797
1317.11	2.27	0.552734
1322.92	2.28	0.685547
1328.72	2.29	0.537109
1334.52	2.3	0.515625
1340.32	2.31	0.490234
1346.12	2.32	0.683594
1351.93	2.33	0.201172
1357.73	2.34	0.150391
1363.53	2.35	-0.216797
1369.33	2.36	0.523438
1375.14	2.37	0.634766
1380.94	2.38	0.535156
1386.74	2.39	0.404297
1392.54	2.4	0.474609
1398.34	2.41	-0.0175781
1404.15	2.42	0.443359
1409.95	2.43	0.355469
1415.75	2.44	0.339844
1421.55	2.45	0.0117188
1427.36	2.46	-0.330078
1433.16	2.47	-0.0566406
1438.96	2.48	-0.240234
1444.76	2.49	0.232422
1450.57	2.5	0.210938
1456.37	2.51	0.132812
1462.17	2.52	-0.212891
1467.97	2.53	-0.328125
1473.77	2.54	-0.339844
1479.58	2.55	0.166016
1485.38	2.56	-0.185547
1491.18	2.57	-0.0234375
1496.98	2.58	-0.542969
1502.79	2.59	-0.123047
1508.59	2.6	-0.314453
1514.39	2.61	0.230469
1520.19	2.62	0.119141
1525.99	2.63	0.0527344
1531.8	2.64	0.0429688
1537.6	2.65	0.164062
1543.4	2.66	0.103516
1549.2	2.67	-0.0078125
1555.01	2.68	-0.0507812
1560.81	2.69	-0.242188
1566.61	2.7	-0.0957031
1572.41	2.71	-0.0585938
1578.22	2.72	-0.134766
1584.02	2.73	0.308594
1589.82	2.74	0.0507812
1595.62	2.75	0.197266
1601.42	2.76	0.0429688
1607.23	2.77	-0.0683594
1613.03	2.78	0.226562
1618.83	2.79	0.00976562
1624.63	2.8	0.015625
1630.44	2.81	0.0253906
1636.24	2.82	-0.267578
1642.04	2.83	0.0605469
1647.84	2.84	0.0273438
1653.64	2.85	-0.179688
1659.45	2.86	0.134766
1665.25	2.87	-0.164062
1671.05	2.88	0.0957031
1676.85	2.89	0.105469
1682.66	2.9	0.220703
1688.46	2.91	0.132812
1694.26	2.92	-0.0566406
1700.06	2.93	0.0800781
1705.86	2.94	-0.0507812
1711.67	2.95	0.199219
1717.47	2.96	-0.0644531
1723.27	2.97	0.0351562
1729.07	2.98	-0.0507812
1734.88	2.99	-0.09375
1740.68	3	-0.0703125
1746.48	3.01	-0.0507812
1752.28	3.02	-0.0488281
1758.09	3.03	-0.0195312
1763.89	3.04	-0.1875
1769.69	3.05	-0.220703
1775.49	3.06	0.0136719
1781.29	3.07	-0.0703125
1787.1	3.08	-0.0292969
1792.9	3.09	0.0546875
1798.7	3.1	0.0566406
1804.5	3.11	0.111328
1810.31	3.12	0.0761719
1816.11	3.13	-0.201172
1821.91	3.14	0.0566406
1827.71	3.15	-0.00195312
1833.51	3.16	-0.0175781
1839.32	3.17	-0.0546875
1845.12	3.18	-0.0957031
1850.92	3.19	-0.0332031
1856.72	3.2	0.0429688
1862.53	3.21	-0.0703125
1868.33	3.22	-0.0742188
1874.13	3.23	0.00976562
1879.93	3.24	0.0664062
1885.73	3.25	0.189453
1891.54	3.26	0.0917969
1897.34	3.27	0.00195312
1903.14	3.28	-0.0136719
1908.94	3.29	-0.0449219
1914.75	3.3	0.0195312
1920.55	3.31	0.0488281
1926.35	3.32	-0.0449219
1932.15	3.33	-0.0976562
1937.96	3.34	0.0546875
1943.76	3.35	-0.0078125
1949.56	3.36	-0.0585938
1955.36	3.37	0.175781
1961.16	3.38	-0.111328
1966.97	3.39	-0.0136719
1972.77	3.4	-0.00390625
1978.57	3.41	0.0351562
1984.37	3.42	0.0800781
1990.18	3.43	-0.0078125
1995.98	3.44	0.0175781
2001.78	3.45	0.0664062
2007.58	3.46	0.119141
2013.38	3.47	0.015625
2019.19	3.48	-0.015625
2024.99	3.49	-0.00390625
2030.79	3.5	0.03125
2036.59	3.51	-0.146484
2042.4	3.52	-0.115234
2048.2	3.53	-0.150391
2054	3.54	-0.0839844
2059.8	3.55	0.152344
2065.6	3.56	-0.078125
2071.41	3.57	-0.0546875
2077.21	3.58	0.0898438
2083.01	3.59	0.0605469
2088.81	3.6	-0.0996094
2094.62	3.61	-0.0136719
2100.42	3.62	0.015625
2106.22	3.63	-0.0527344
2112.02	3.64	-0.0253906
2117.83	3.65	-0.232422
2123.63	3.66	0.0917969
2129.43	3.67	-0.117188
2135.23	3.68	-0.0449219
2141.03	3.69	-0.0371094
2146.84	3.7	0.00195312
2152.64	3.71	0.0449219
2158.44	3.72	0.0351562
2164.24	3.73	-0.0429688
2170.05	3.74	0.00195312
2175.85	3.75	-0.046875
2181.65	3.76	-0.132812
2187.45	3.77	0.0664062
2193.25	3.78	-0.00976562
2199.06	3.79	-0.09375
2204.86	3.8	-0.00976562
2210.66	3.81	0.0332031
2216.46	3.82	-0.222656
2222.27	3.83	-0.0410156
2228.07	3.84	0.00390625
2233.87	3.85	-0.00585938
2239.67	3.86	0.0117188
2245.48	3.87	0.0390625
2251.28	3.88	-0.0351562
2257.08	3.89	-0.0371094
2262.88	3.9	0.0292969
2268.68	3.91	0.0390625
2274.49	3.92	-0.0273438
2280.29	3.93	-0.0234375
2286.09	3.94	-0.0214844
2291.89	3.95	0.0761719
2297.7	3.96	0.0664062
2303.5	3.97	-0.0292969
2309.3	3.98	0.03125
2315.1	3.99	-0.0644531
2320.9	4	0.125
2326.71	4.01	-0.0527344
2332.51	4.02	0.0195312
2338.31	4.03	-0.0273438
2344.11	4.04	0.0429688
2349.92	4.05	-0.0566406
2355.72	4.06	-0.0214844
2361.52	4.07	-0.0488281
2367.32	4.08	0.0839844
2373.12	4.09	-0.0078125
2378.93	4.1	-0.0214844
2384.73	4.11	0.150391
2390.53	4.12	0.0390625
2396.33	4.13	0.107422
2402.14	4.14	0.046875
2407.94	4.15	0.0488281
2413.74	4.16	0.0078125
2419.54	4.17	-0.0371094
2425.35	4.18	0.0820312
2431.15	4.19	0.0078125
2436.95	4.2	0.0488281
2442.75	4.21	0.0332031
2448.55	4.22	-0.0761719
2454.36	4.23	0.0839844
2460.16	4.24	-0.0273438
2465.96	4.25	0.0722656
2471.76	4.26	0.0175781
2477.57	4.27	0.0117188
2483.37	4.28	0.119141
2489.17	4.29	-0.0371094
2494.97	4.3	-0.101562
2500.77	4.31	0.0605469
2506.58	4.32	-0.0859375
2512.38	4.33	0.0175781
2518.18	4.34	-0.0429688
2523.98	4.35	0.0585938
2529.79	4.36	-0.0585938
2535.59	4.37	0.00195312
2541.39	4.38	0.0546875
2547.19	4.39	-0.0527344
2552.99	4.4	-0.0800781
2558.8	4.41	-0.0566406
2564.6	4.42	-0.0332031
2570.4	4.43	-0.0859375
2576.2	4.44	0.0175781
2582.01	4.45	-0.0292969
2587.81	4.46	0.00976562
2593.61	4.47	-0.105469
2599.41	4.48	0.0371094
2605.22	4.49	-0.0566406
2611.02	4.5	0.0566406
2616.82	4.51	0.0273438
2622.62	4.52	0.0683594
2628.42	4.53	0.0683594
2634.23	4.54	0.0996094
2640.03	4.55	-0.0273438
2645.83	4.56	0.0371094
2651.63	4.57	-0.0273438
2657.44	4.58	0.0488281
2663.24	4.59	0.0351562
2669.04	4.6	0.015625
2674.84	4.61	0.0839844
2680.64	4.62	0.0585938
2686.45	4.63	-0.111328
2692.25	4.64	-0.0175781
2698.05	4.65	0.00976562
2703.85	4.66	0.0859375
2709.66	4.67	0.015625
2715.46	4.68	-0.00585938
2721.26	4.69	0.015625
2727.06	4.7	0.0117188
2732.86	4.71	-0.0820312
2738.67	4.72	-0.0527344
2744.47	4.73	-0.0253906
2750.27	4.74	0.0078125
2756.07	4.75	0.00195312
2761.88	4.76	0.0214844
2767.68	4.77	0.0234375
2773.48	4.78	0.0625
2779.28	4.79	-0.0332031
2785.09	4.8	0.0449219
2790.89	4.81	0.0742188
2796.69	4.82	0.123047
2802.49	4.83	-0.0253906
2808.29	4.84	0.0253906
2814.1	4.85	0.0605469
2819.9	4.86	0.03125
2825.7	4.87	0.0566406
2831.5	4.88	0.0996094
2837.31	4.89	-0.0351562
2843.11	4.9	-0.0253906
2848.91	4.91	-0.128906
2854.71	4.92	-0.0117188
2860.51	4.93	0.0664062
2866.32	4.94	-0.0234375
2872.12	4.95	-0.0273438
2877.92	4.96	0.115234
2883.72	4.97	0.00390625
2889.53	4.98	-0.0234375
2895.33	4.99	0.00976562
