232.09	0.2	1
243.695	0.21	1
255.299	0.22	1
266.904	0.23	1
278.509	0.24	1
290.113	0.25	1
301.718	0.26	1
313.322	0.27	1
324.927	0.28	1
336.531	0.29	1
348.136	0.3	1
359.74	0.31	1
371.345	0.32	1
382.949	0.33	1
394.554	0.34	1
406.158	0.35	1
417.763	0.36	1
429.367	0.37	1
440.972	0.38	1
452.576	0.39	1
464.181	0.4	1
475.785	0.41	1
487.39	0.42	1
498.994	0.43	1
510.599	0.44	1
522.203	0.45	1
533.808	0.46	1
545.413	0.47	1
557.017	0.48	1
568.622	0.49	1
580.226	0.5	1
591.831	0.51	1
603.435	0.52	1
615.04	0.53	1
626.644	0.54	1
638.249	0.55	1
649.853	0.56	1
661.458	0.57	1
673.062	0.58	1
684.667	0.59	1
696.271	0.6	1
707.876	0.61	1
719.48	0.62	1
731.085	0.63	1
742.689	0.64	1
754.294	0.65	1
765.898	0.66	1
777.503	0.67	1
789.108	0.68	1
800.712	0.69	1
812.317	0.7	1
823.921	0.71	1
835.526	0.72	1
847.13	0.73	1
858.735	0.74	1
870.339	0.75	1
881.944	0.76	1
893.548	0.77	1
905.153	0.78	1
916.757	0.79	1
928.362	0.8	1
939.966	0.81	1
951.571	0.82	1
963.175	0.83	1
974.78	0.84	1
986.384	0.85	1
997.989	0.86	1
1009.59	0.87	1
1021.2	0.88	1
1032.8	0.89	1
1044.41	0.9	1
1056.01	0.91	1
1067.62	0.92	1
1079.22	0.93	0.998047
1090.83	0.94	0.998047
1102.43	0.95	1
1114.03	0.96	1
1125.64	0.97	1
1137.24	0.98	1
1148.85	0.99	1
1160.45	1	1
1172.06	1.01	1
1183.66	1.02	1
1195.27	1.03	1
1206.87	1.04	0.998047
1218.47	1.05	1
1230.08	1.06	0.998047
1241.68	1.07	0.996094
1253.29	1.08	1
1264.89	1.09	1
1276.5	1.1	0.998047
1288.1	1.11	0.998047
1299.71	1.12	0.992188
1311.31	1.13	0.994141
1322.92	1.14	0.994141
1334.52	1.15	1
1346.12	1.16	0.998047
1357.73	1.17	0.990234
1369.33	1.18	0.998047
1380.94	1.19	1
1392.54	1.2	0.996094
1404.15	1.21	0.998047
1415.75	1.22	0.996094
1427.36	1.23	0.996094
1438.96	1.24	0.994141
1450.57	1.25	1
1462.17	1.26	0.998047
1473.77	1.27	0.994141
1485.38	1.28	0.996094
1496.98	1.29	0.998047
1508.59	1.3	0.996094
1520.19	1.31	0.992188
1531.8	1.32	0.992188
1543.4	1.33	0.990234
1555.01	1.34	0.994141
1566.61	1.35	0.996094
1578.22	1.36	0.996094
1589.82	1.37	0.996094
1601.42	1.38	0.994141
1613.03	1.39	0.992188
1624.63	1.4	0.984375
1636.24	1.41	0.988281
1647.84	1.42	0.996094
1659.45	1.43	0.994141
1671.05	1.44	0.994141
1682.66	1.45	0.990234
1694.26	1.46	0.972656
1705.86	1.47	0.984375
1717.47	1.48	0.978516
1729.07	1.49	0.978516
1740.68	1.5	0.984375
1752.28	1.51	0.984375
1763.89	1.52	0.986328
1775.49	1.53	0.980469
1787.1	1.54	0.980469
1798.7	1.55	0.986328
1810.31	1.56	0.986328
1821.91	1.57	0.970703
1833.51	1.58	0.982422
1845.12	1.59	0.972656
1856.72	1.6	0.960938
1868.33	1.61	0.960938
1879.93	1.62	0.974609
1891.54	1.63	0.986328
1903.14	1.64	0.980469
1914.75	1.65	0.96875
1926.35	1.66	0.980469
1937.96	1.67	0.970703
1949.56	1.68	0.976562
1961.16	1.69	0.974609
1972.77	1.7	0.96875
1984.37	1.71	0.974609
1995.98	1.72	0.939453
2007.58	1.73	0.949219
2019.19	1.74	0.943359
2030.79	1.75	0.947266
2042.4	1.76	0.945312
2054	1.77	0.925781
2065.6	1.78	0.970703
2077.21	1.79	0.9375
2088.81	1.8	0.949219
2100.42	1.81	0.931641
2112.02	1.82	0.931641
2123.63	1.83	0.949219
2135.23	1.84	0.951172
2146.84	1.85	0.972656
2158.44	1.86	0.958984
2170.05	1.87	0.939453
2181.65	1.88	0.96875
2193.25	1.89	0.953125
2204.86	1.9	0.951172
2216.46	1.91	0.912109
2228.07	1.92	0.958984
2239.67	1.93	0.914062
2251.28	1.94	0.935547
2262.88	1.95	0.96875
2274.49	1.96	0.923828
2286.09	1.97	0.892578
2297.7	1.98	0.910156
2309.3	1.99	0.716797
2320.9	2	0.886719
2332.51	2.01	0.921875
2344.11	2.02	0.867188
2355.72	2.03	0.871094
2367.32	2.04	0.910156
2378.93	2.05	0.917969
2390.53	2.06	0.908203
2402.14	2.07	0.9375
2413.74	2.08	0.896484
2425.35	2.09	0.947266
2436.95	2.1	0.871094
2448.55	2.11	0.878906
2460.16	2.12	0.818359
2471.76	2.13	0.888672
2483.37	2.14	0.892578
2494.97	2.15	0.865234
2506.58	2.16	0.652344
2518.18	2.17	0.882812
2529.79	2.18	0.669922
2541.39	2.19	0.896484
2552.99	2.2	0.878906
2564.6	2.21	0.810547
2576.2	2.22	0.810547
2587.81	2.23	0.859375
2599.41	2.24	0.810547
2611.02	2.25	0.517578
2622.62	2.26	0.753906
2634.23	2.27	0.423828
2645.83	2.28	0.46875
2657.44	2.29	0.445312
2669.04	2.3	0.580078
2680.64	2.31	0.576172
2692.25	2.32	0.697266
2703.85	2.33	-0.130859
2715.46	2.34	0.0683594
2727.06	2.35	0.386719
2738.67	2.36	0.410156
2750.27	2.37	0.585938
2761.88	2.38	-0.417969
2773.48	2.39	-0.292969
2785.09	2.4	0.583984
2796.69	2.41	0.140625
2808.29	2.42	0.21875
2819.9	2.43	0.207031
2831.5	2.44	-0.283203
2843.11	2.45	-0.146484
2854.71	2.46	0.191406
2866.32	2.47	-0.169922
2877.92	2.48	0.160156
2889.53	2.49	-0.355469
2901.13	2.5	-0.212891
2912.74	2.51	0.0195312
2924.34	2.52	-0.300781
2935.94	2.53	-0.00585938
2947.55	2.54	0.0839844
2959.15	2.55	-0.279297
2970.76	2.56	-0.15625
2982.36	2.57	-0.0820312
2993.97	2.58	0.0917969
3005.57	2.59	-0.164062
3017.18	2.6	-0.0390625
3028.78	2.61	-0.175781
3040.38	2.62	0.09375
3051.99	2.63	-0.171875
3063.59	2.64	-0.382812
3075.2	2.65	0.208984
3086.8	2.66	-0.0234375
3098.41	2.67	-0.0273438
3110.01	2.68	0.126953
3121.62	2.69	-0.197266
3133.22	2.7	0.0234375
3144.83	2.71	0.267578
3156.43	2.72	0.00976562
3168.03	2.73	0.1875
3179.64	2.74	0.0449219
3191.24	2.75	0.0683594
3202.85	2.76	-0.109375
3214.45	2.77	0.158203
3226.06	2.78	-0.0214844
3237.66	2.79	0.0292969
3249.27	2.8	0.101562
3260.87	2.81	0.34375
3272.48	2.82	0.246094
3284.08	2.83	0.134766
3295.68	2.84	0.0273438
3307.29	2.85	-0.00976562
3318.89	2.86	-0.201172
3330.5	2.87	0.136719
3342.1	2.88	-0.0214844
3353.71	2.89	0.0917969
3365.31	2.9	0.0800781
3376.92	2.91	-0.210938
3388.52	2.92	0.101562
3400.12	2.93	0.0976562
3411.73	2.94	0.207031
3423.33	2.95	0.0703125
3434.94	2.96	-0.0410156
3446.54	2.97	0.0566406
3458.15	2.98	-0.0253906
3469.75	2.99	0.126953
3481.36	3	0.0449219
3492.96	3.01	0.0976562
3504.57	3.02	0.0761719
3516.17	3.03	0.0507812
3527.77	3.04	0.046875
3539.38	3.05	-0.0488281
3550.98	3.06	-0.0800781
3562.59	3.07	0.111328
3574.19	3.08	0.117188
3585.8	3.09	0.0078125
3597.4	3.1	0.179688
3609.01	3.11	0.0507812
3620.61	3.12	-0.0566406
3632.22	3.13	0.107422
3643.82	3.14	-0.291016
3655.42	3.15	0.0703125
3667.03	3.16	-0.0273438
3678.63	3.17	-0.0800781
3690.24	3.18	-0.0078125
3701.84	3.19	0.173828
3713.45	3.2	0.00390625
3725.05	3.21	-0.0351562
3736.66	3.22	-0.0898438
3748.26	3.23	-0.125
3759.87	3.24	-0.0195312
3771.47	3.25	-0.0722656
3783.07	3.26	-0.0078125
3794.68	3.27	-0.109375
3806.28	3.28	0.15625
3817.89	3.29	0.203125
3829.49	3.3	-0.0722656
3841.1	3.31	0.00585938
3852.7	3.32	0.0234375
3864.31	3.33	-0.0839844
3875.91	3.34	0.0117188
3887.51	3.35	-0.0390625
3899.12	3.36	-0.0859375
3910.72	3.37	-0.0429688
3922.33	3.38	0.078125
3933.93	3.39	-0.0605469
3945.54	3.4	0.0625
3957.14	3.41	-0.0664062
3968.75	3.42	0.0273438
3980.35	3.43	0.0800781
3991.96	3.44	0.078125
4003.56	3.45	-0.152344
4015.16	3.46	-0.0625
4026.77	3.47	0.0605469
4038.37	3.48	0.00585938
4049.98	3.49	-0.0273438
4061.58	3.5	-0.00585938
4073.19	3.51	-0.00976562
4084.79	3.52	-0.0449219
4096.4	3.53	-0.0566406
4108	3.54	-0.0996094
4119.61	3.55	-0.0488281
4131.21	3.56	-0.0253906
4142.81	3.57	-0.113281
4154.42	3.58	-0.136719
4166.02	3.59	0.0664062
4177.63	3.6	-0.109375
4189.23	3.61	0.126953
4200.84	3.62	-0.00585938
4212.44	3.63	-0.0859375
4224.05	3.64	-0.00976562
4235.65	3.65	-0.0527344
4247.26	3.66	0.0527344
4258.86	3.67	-0.181641
4270.46	3.68	0.046875
4282.07	3.69	-0.0488281
4293.67	3.7	0.0878906
4305.28	3.71	-0.0683594
4316.88	3.72	-0.0234375
4328.49	3.73	0.160156
4340.09	3.74	0.0117188
4351.7	3.75	-0.0175781
4363.3	3.76	-0.0761719
4374.9	3.77	0.0625
4386.51	3.78	-0.00585938
4398.11	3.79	0.03125
4409.72	3.8	-0.0214844
4421.32	3.81	0.0683594
4432.93	3.82	0.0898438
4444.53	3.83	0.0957031
4456.14	3.84	0.0332031
4467.74	3.85	-0.0234375
4479.35	3.86	0.03125
4490.95	3.87	-0.00195312
4502.55	3.88	-0.0429688
4514.16	3.89	-0.0175781
4525.76	3.9	-0.113281
4537.37	3.91	0.0957031
4548.97	3.92	0.0976562
4560.58	3.93	-0.0253906
4572.18	3.94	0.0488281
4583.79	3.95	0.03125
4595.39	3.96	-0.046875
4607	3.97	-0.0703125
4618.6	3.98	0.03125
4630.2	3.99	0.0429688
4641.81	4	0.0722656
4653.41	4.01	0.0351562
4665.02	4.02	0.0253906
4676.62	4.03	-0.0195312
4688.23	4.04	-0.00195312
4699.83	4.05	0.132812
4711.44	4.06	0
4723.04	4.07	-0.0371094
4734.65	4.08	-0.0332031
4746.25	4.09	0.03125
4757.85	4.1	-0.0273438
4769.46	4.11	0.0488281
4781.06	4.12	-0.0175781
4792.67	4.13	0.00585938
4804.27	4.14	0.0644531
4815.88	4.15	-0.0566406
4827.48	4.16	0.0449219
4839.09	4.17	0.00585938
4850.69	4.18	-0.0859375
4862.29	4.19	-0.0488281
4873.9	4.2	-0.0234375
4885.5	4.21	-0.0175781
4897.11	4.22	-0.0273438
4908.71	4.23	0.0371094
4920.32	4.24	-0.015625
4931.92	4.25	-0.0117188
4943.53	4.26	-0.0195312
4955.13	4.27	0.0273438
4966.74	4.28	-0.00195312
4978.34	4.29	0.0390625
4989.94	4.3	0.0800781
5001.55	4.31	-0.0917969
5013.15	4.32	0.0253906
5024.76	4.33	-0.0351562
5036.36	4.34	0.0527344
5047.97	4.35	0.0917969
5059.57	4.36	-0.0703125
5071.18	4.37	0.0429688
5082.78	4.38	0.0292969
5094.39	4.39	-0.0859375
5105.99	4.4	0.0878906
5117.59	4.41	0.00195312
5129.2	4.42	0.0117188
5140.8	4.43	-0.03125
5152.41	4.44	-0.0117188
5164.01	4.45	0.0566406
5175.62	4.46	0.0195312
5187.22	4.47	-0.0429688
5198.83	4.48	0.00976562
5210.43	4.49	-0.0078125
5222.03	4.5	0.0800781
5233.64	4.51	-0.0703125
5245.24	4.52	-0.046875
5256.85	4.53	0.0800781
5268.45	4.54	-0.113281
5280.06	4.55	0.00976562
5291.66	4.56	0.015625
5303.27	4.57	0.0742188
5314.87	4.58	0.0292969
5326.48	4.59	0
5338.08	4.6	0.0546875
5349.68	4.61	0.0234375
5361.29	4.62	0.0839844
5372.89	4.63	0.0546875
5384.5	4.64	0.0292969
5396.1	4.65	-0.0683594
5407.71	4.66	0.0214844
5419.31	4.67	0.0273438
5430.92	4.68	-0.115234
5442.52	4.69	-0.0507812
5454.13	4.7	0.0625
5465.73	4.71	-0.0683594
5477.33	4.72	0.0390625
5488.94	4.73	-0.0449219
5500.54	4.74	-0.00976562
5512.15	4.75	0.0273438
5523.75	4.76	-0.0195312
5535.36	4.77	0.0566406
5546.96	4.78	-0.113281
5558.57	4.79	0.0722656
5570.17	4.8	-0.0136719
5581.78	4.81	-0.0761719
5593.38	4.82	0.00585938
5604.98	4.83	-0.0839844
5616.59	4.84	0.0078125
5628.19	4.85	0.0078125
5639.8	4.86	-0.015625
5651.4	4.87	-0.046875
5663.01	4.88	-0.0175781
5674.61	4.89	-0.0585938
5686.22	4.9	0.0351562
5697.82	4.91	-0.0371094
5709.42	4.92	0.0449219
5721.03	4.93	-0.0625
5732.63	4.94	-0.0214844
5744.24	4.95	-0.00976562
5755.84	4.96	-0.0683594
5767.45	4.97	0.0273438
5779.05	4.98	0.0214844
5790.66	4.99	0.0117188
