348.136	0.2	1
365.542	0.21	1
382.949	0.22	1
400.356	0.23	1
417.763	0.24	1
435.17	0.25	1
452.576	0.26	1
469.983	0.27	1
487.39	0.28	1
504.797	0.29	1
522.203	0.3	1
539.61	0.31	1
557.017	0.32	1
574.424	0.33	1
591.831	0.34	1
609.237	0.35	1
626.644	0.36	1
644.051	0.37	1
661.458	0.38	1
678.865	0.39	1
696.271	0.4	1
713.678	0.41	1
731.085	0.42	1
748.492	0.43	1
765.898	0.44	1
783.305	0.45	1
800.712	0.46	1
818.119	0.47	1
835.526	0.48	1
852.932	0.49	1
870.339	0.5	1
887.746	0.51	1
905.153	0.52	1
922.56	0.53	1
939.966	0.54	1
957.373	0.55	1
974.78	0.56	1
992.187	0.57	1
1009.59	0.58	1
1027	0.59	1
1044.41	0.6	1
1061.81	0.61	1
1079.22	0.62	1
1096.63	0.63	1
1114.03	0.64	1
1131.44	0.65	1
1148.85	0.66	1
1166.25	0.67	1
1183.66	0.68	1
1201.07	0.69	1
1218.47	0.7	1
1235.88	0.71	1
1253.29	0.72	1
1270.7	0.73	1
1288.1	0.74	1
1305.51	0.75	1
1322.92	0.76	1
1340.32	0.77	1
1357.73	0.78	1
1375.14	0.79	1
1392.54	0.8	1
1409.95	0.81	1
1427.36	0.82	1
1444.76	0.83	1
1462.17	0.84	1
1479.58	0.85	1
1496.98	0.86	1
1514.39	0.87	1
1531.8	0.88	1
1549.2	0.89	1
1566.61	0.9	1
1584.02	0.91	1
1601.42	0.92	1
1618.83	0.93	1
1636.24	0.94	0.996094
1653.64	0.95	1
1671.05	0.96	1
1688.46	0.97	1
1705.86	0.98	1
1723.27	0.99	1
1740.68	1	1
1758.09	1.01	0.998047
1775.49	1.02	1
1792.9	1.03	0.998047
1810.31	1.04	0.998047
1827.71	1.05	1
1845.12	1.06	1
1862.53	1.07	1
1879.93	1.08	0.998047
1897.34	1.09	1
1914.75	1.1	1
1932.15	1.11	1
1949.56	1.12	0.996094
1966.97	1.13	0.992188
1984.37	1.14	0.996094
2001.78	1.15	0.994141
2019.19	1.16	0.990234
2036.59	1.17	0.998047
2054	1.18	0.994141
2071.41	1.19	0.998047
2088.81	1.2	1
2106.22	1.21	1
2123.63	1.22	0.996094
2141.03	1.23	0.996094
2158.44	1.24	0.990234
2175.85	1.25	1
2193.25	1.26	0.994141
2210.66	1.27	0.992188
2228.07	1.28	0.996094
2245.48	1.29	0.992188
2262.88	1.3	0.998047
2280.29	1.31	0.994141
2297.7	1.32	0.986328
2315.1	1.33	0.996094
2332.51	1.34	0.994141
2349.92	1.35	0.996094
2367.32	1.36	0.994141
2384.73	1.37	0.990234
2402.14	1.38	0.990234
2419.54	1.39	0.994141
2436.95	1.4	0.994141
2454.36	1.41	0.984375
2471.76	1.42	0.990234
2489.17	1.43	0.992188
2506.58	1.44	0.986328
2523.98	1.45	0.988281
2541.39	1.46	0.996094
2558.8	1.47	0.980469
2576.2	1.48	0.990234
2593.61	1.49	0.980469
2611.02	1.5	0.978516
2628.42	1.51	0.994141
2645.83	1.52	0.992188
2663.24	1.53	0.982422
2680.64	1.54	0.980469
2698.05	1.55	0.966797
2715.46	1.56	0.978516
2732.86	1.57	0.984375
2750.27	1.58	0.984375
2767.68	1.59	0.957031
2785.09	1.6	0.976562
2802.49	1.61	0.980469
2819.9	1.62	0.974609
2837.31	1.63	0.984375
2854.71	1.64	0.970703
2872.12	1.65	0.976562
2889.53	1.66	0.980469
2906.93	1.67	0.962891
2924.34	1.68	0.96875
2941.75	1.69	0.982422
2959.15	1.7	0.970703
2976.56	1.71	0.974609
2993.97	1.72	0.962891
3011.37	1.73	0.972656
3028.78	1.74	0.974609
3046.19	1.75	0.958984
3063.59	1.76	0.970703
3081	1.77	0.939453
3098.41	1.78	0.960938
3115.81	1.79	0.970703
3133.22	1.8	0.972656
3150.63	1.81	0.980469
3168.03	1.82	0.960938
3185.44	1.83	0.974609
3202.85	1.84	0.947266
3220.25	1.85	0.929688
3237.66	1.86	0.966797
3255.07	1.87	0.935547
3272.48	1.88	0.9375
3289.88	1.89	0.953125
3307.29	1.9	0.919922
3324.7	1.91	0.939453
3342.1	1.92	0.925781
3359.51	1.93	0.935547
3376.92	1.94	0.925781
3394.32	1.95	0.951172
3411.73	1.96	0.929688
3429.14	1.97	0.931641
3446.54	1.98	0.882812
3463.95	1.99	0.898438
3481.36	2	0.873047
3498.76	2.01	0.898438
3516.17	2.02	0.853516
3533.58	2.03	0.869141
3550.98	2.04	0.794922
3568.39	2.05	0.919922
3585.8	2.06	0.902344
3603.2	2.07	0.931641
3620.61	2.08	0.794922
3638.02	2.09	0.833984
3655.42	2.1	0.857422
3672.83	2.11	0.882812
3690.24	2.12	0.917969
3707.64	2.13	0.871094
3725.05	2.14	0.619141
3742.46	2.15	0.873047
3759.87	2.16	0.78125
3777.27	2.17	0.931641
3794.68	2.18	0.816406
3812.09	2.19	0.876953
3829.49	2.2	0.855469
3846.9	2.21	0.738281
3864.31	2.22	0.855469
3881.71	2.23	0.613281
3899.12	2.24	0.621094
3916.53	2.25	0.759766
3933.93	2.26	0.671875
3951.34	2.27	0.763672
3968.75	2.28	0.601562
3986.15	2.29	0.0996094
4003.56	2.3	-0.544922
4020.97	2.31	-0.832031
4038.37	2.32	-0.265625
4055.78	2.33	-0.730469
4073.19	2.34	0.0546875
4090.59	2.35	0.619141
4108	2.36	0.714844
4125.41	2.37	0.609375
4142.81	2.38	-0.714844
4160.22	2.39	-0.392578
4177.63	2.4	-0.388672
4195.03	2.41	-0.599609
4212.44	2.42	-0.306641
4229.85	2.43	-0.0410156
4247.26	2.44	0.134766
4264.66	2.45	0.134766
4282.07	2.46	0.123047
4299.48	2.47	-0.09375
4316.88	2.48	0.183594
4334.29	2.49	0.519531
4351.7	2.5	0.126953
4369.1	2.51	-0.40625
4386.51	2.52	-0.0800781
4403.92	2.53	-0.0195312
4421.32	2.54	-0.0332031
4438.73	2.55	-0.101562
4456.14	2.56	-0.210938
4473.54	2.57	-0.0390625
4490.95	2.58	0.359375
4508.36	2.59	-0.332031
4525.76	2.6	0.0761719
4543.17	2.61	-0.0253906
4560.58	2.62	-0.240234
4577.98	2.63	-0.208984
4595.39	2.64	-0.0175781
4612.8	2.65	-0.154297
4630.2	2.66	0.0996094
4647.61	2.67	0.0664062
4665.02	2.68	-0.208984
4682.42	2.69	0.0195312
4699.83	2.7	-0.0371094
4717.24	2.71	-0.261719
4734.65	2.72	-0.0253906
4752.05	2.73	-0.271484
4769.46	2.74	0.125
4786.87	2.75	0.222656
4804.27	2.76	0.34375
4821.68	2.77	-0.0175781
4839.09	2.78	0.0859375
4856.49	2.79	-0.105469
4873.9	2.8	-0.169922
4891.31	2.81	-0.119141
4908.71	2.82	-0.126953
4926.12	2.83	-0.0488281
4943.53	2.84	0.0410156
4960.93	2.85	-0.134766
4978.34	2.86	-0.208984
4995.75	2.87	0.103516
5013.15	2.88	0.00195312
5030.56	2.89	-0.0527344
5047.97	2.9	-0.197266
5065.37	2.91	-0.0390625
5082.78	2.92	-0.0273438
5100.19	2.93	0.220703
5117.59	2.94	-0.0332031
5135	2.95	0.253906
5152.41	2.96	-0.0527344
5169.81	2.97	-0.0839844
5187.22	2.98	-0.0800781
5204.63	2.99	-0.0722656
5222.03	3	0.0898438
5239.44	3.01	-0.138672
5256.85	3.02	-0.175781
5274.26	3.03	0.0585938
5291.66	3.04	-0.0605469
5309.07	3.05	0.0976562
5326.48	3.06	0.126953
5343.88	3.07	-0.078125
5361.29	3.08	-0.150391
5378.7	3.09	-0.0566406
5396.1	3.1	0.0507812
5413.51	3.11	-0.166016
5430.92	3.12	0.0253906
5448.32	3.13	-0.00585938
5465.73	3.14	0.113281
5483.14	3.15	-0.0605469
5500.54	3.16	0.0957031
5517.95	3.17	0.0488281
5535.36	3.18	-0.0449219
5552.76	3.19	-0.078125
5570.17	3.2	-0.00976562
5587.58	3.21	0.0371094
5604.98	3.22	0.0839844
5622.39	3.23	-0.0566406
5639.8	3.24	-0.175781
5657.2	3.25	0.0859375
5674.61	3.26	0.0332031
5692.02	3.27	-0.0195312
5709.42	3.28	-0.0878906
5726.83	3.29	-0.128906
5744.24	3.3	0.0546875
5761.65	3.31	0.0507812
5779.05	3.32	-0.0527344
5796.46	3.33	0.0683594
5813.87	3.34	0.0195312
5831.27	3.35	0.00976562
5848.68	3.36	-0.0488281
5866.09	3.37	0.0742188
5883.49	3.38	0.0761719
5900.9	3.39	0.015625
5918.31	3.4	-0.0585938
5935.71	3.41	0.046875
5953.12	3.42	-0.0234375
5970.53	3.43	0.0839844
5987.93	3.44	-0.0253906
6005.34	3.45	0.244141
6022.75	3.46	-0.0703125
6040.15	3.47	-0.125
6057.56	3.48	0.0175781
6074.97	3.49	0.0429688
6092.37	3.5	-0.015625
6109.78	3.51	-0.142578
6127.19	3.52	-0.115234
6144.59	3.53	0.107422
6162	3.54	0.142578
6179.41	3.55	0.136719
6196.81	3.56	0.00976562
6214.22	3.57	0.0390625
6231.63	3.58	0.0332031
6249.04	3.59	0.0273438
6266.44	3.6	0.0585938
6283.85	3.61	-0.00585938
6301.26	3.62	-0.1875
6318.66	3.63	0.121094
6336.07	3.64	-0.103516
6353.48	3.65	0.00976562
6370.88	3.66	0.0429688
6388.29	3.67	0.0625
6405.7	3.68	0.107422
6423.1	3.69	0.015625
6440.51	3.7	-0.0429688
6457.92	3.71	-0.00195312
6475.32	3.72	0.0234375
6492.73	3.73	-0.00195312
6510.14	3.74	-0.0351562
6527.54	3.75	-0.0664062
6544.95	3.76	0.0253906
6562.36	3.77	-0.0273438
6579.76	3.78	-0.0683594
6597.17	3.79	0.0957031
6614.58	3.8	-0.0449219
6631.98	3.81	0.0195312
6649.39	3.82	-0.0957031
6666.8	3.83	-0.0546875
6684.2	3.84	0.0585938
6701.61	3.85	0.109375
6719.02	3.86	-0.0136719
6736.43	3.87	-0.0410156
6753.83	3.88	-0.00195312
6771.24	3.89	0.0136719
6788.65	3.9	0.103516
6806.05	3.91	0.119141
6823.46	3.92	0.0273438
6840.87	3.93	-0.0644531
6858.27	3.94	0.0410156
6875.68	3.95	-0.0117188
6893.09	3.96	-0.0449219
6910.49	3.97	-0.0117188
6927.9	3.98	0.0351562
6945.31	3.99	-0.0175781
6962.71	4	-0.189453
6980.12	4.01	-0.0175781
6997.53	4.02	-0.0136719
7014.93	4.03	0.0449219
7032.34	4.04	0.0292969
7049.75	4.05	-0.158203
7067.15	4.06	0.138672
7084.56	4.07	-0.00390625
7101.97	4.08	0.0761719
7119.37	4.09	0.0566406
7136.78	4.1	0.0566406
7154.19	4.11	-0.0585938
7171.59	4.12	-0.0527344
7189	4.13	0.0683594
7206.41	4.14	0.117188
7223.82	4.15	0.0332031
7241.22	4.16	0.00195312
7258.63	4.17	0.0234375
7276.04	4.18	-0.0625
7293.44	4.19	-0.0410156
7310.85	4.2	0.00585938
7328.26	4.21	-0.109375
7345.66	4.22	-0.0683594
7363.07	4.23	-0.109375
7380.48	4.24	0.0253906
7397.88	4.25	0.046875
7415.29	4.26	0.0078125
7432.7	4.27	-0.078125
7450.1	4.28	0.0644531
7467.51	4.29	0.0546875
7484.92	4.3	0.0175781
7502.32	4.31	0.0664062
7519.73	4.32	0.0605469
7537.14	4.33	0.015625
7554.54	4.34	0.115234
7571.95	4.35	0.0800781
7589.36	4.36	0.0175781
7606.76	4.37	0.0371094
7624.17	4.38	0.078125
7641.58	4.39	-0.03125
7658.98	4.4	-0.00976562
7676.39	4.41	0
7693.8	4.42	0.126953
7711.2	4.43	-0.0273438
7728.61	4.44	-0.0390625
7746.02	4.45	-0.0507812
7763.43	4.46	-0.0527344
7780.83	4.47	-0.03125
7798.24	4.48	-0.0703125
7815.65	4.49	-0.00585938
7833.05	4.5	-0.0410156
7850.46	4.51	0
7867.87	4.52	0.00585938
7885.27	4.53	-0.0371094
7902.68	4.54	0.0175781
7920.09	4.55	0.0664062
7937.49	4.56	-0.046875
7954.9	4.57	-0.0917969
7972.31	4.58	0.0371094
7989.71	4.59	0.0527344
8007.12	4.6	0.00585938
8024.53	4.61	0.015625
8041.93	4.62	-0.0078125
8059.34	4.63	0.00390625
8076.75	4.64	0.0800781
8094.15	4.65	0.0527344
8111.56	4.66	0.0253906
8128.97	4.67	0.00976562
8146.37	4.68	0.119141
8163.78	4.69	0.00585938
8181.19	4.7	-0.0410156
8198.59	4.71	0.00976562
8216	4.72	-0.00976562
8233.41	4.73	0.015625
8250.82	4.74	0.0429688
8268.22	4.75	0.0390625
8285.63	4.76	0.0214844
8303.04	4.77	0.00585938
8320.44	4.78	0.0175781
8337.85	4.79	-0.0117188
8355.26	4.8	0.00585938
8372.66	4.81	0.0410156
8390.07	4.82	-0.0429688
8407.48	4.83	0.015625
8424.88	4.84	0.125
8442.29	4.85	0.0390625
8459.7	4.86	0.0976562
8477.1	4.87	0.0625
8494.51	4.88	0.03125
8511.92	4.89	0.0859375
8529.32	4.9	0.0449219
8546.73	4.91	0.0996094
8564.14	4.92	0.0449219
8581.54	4.93	-0.00976562
8598.95	4.94	-0.00390625
8616.36	4.95	-0.0195312
8633.76	4.96	-0.117188
8651.17	4.97	0.0273438
8668.58	4.98	0.0136719
8685.98	4.99	0.0996094
