0	-0.00585938
1	-0.0175781
2	-0.00976562
3	0.00390625
4	0
5	-0.00585938
6	0.00976562
7	-0.00976562
8	0.0117188
9	-0.0078125
10	-0.0117188
11	0
12	-0.00195312
13	-0.00195312
14	-0.0078125
15	0.00195312
16	-0.00390625
17	-0.00390625
18	0.00976562
19	0.00390625
20	-0.00390625
21	0.00195312
22	0.0117188
23	-0.00390625
24	-0.00390625
25	0.00390625
26	0.00195312
27	-0.00585938
28	-0.00390625
29	0
30	0.00195312
31	-0.00195312
32	0.00195312
33	0.00195312
34	0.00585938
35	0.00976562
36	-0.00195312
37	0
38	0.0117188
39	-0.00195312
40	-0.0117188
41	-0.00390625
42	0.00585938
43	0.00390625
44	-0.00195312
45	-0.0136719
46	0.00195312
47	0
48	0.00390625
49	-0.00585938
50	0
51	0.00390625
52	-0.00195312
53	0.00195312
54	0.00195312
55	0.0078125
56	0.0117188
57	0.0078125
58	-0.00390625
59	0.00195312
60	-0.00195312
61	0.00390625
62	-0.00390625
63	-0.00195312
64	0.00390625
65	0.00390625
66	0.00390625
67	0
68	0.00976562
69	-0.00390625
70	0
71	-0.00390625
72	0.00585938
73	0.00195312
74	0
75	-0.00195312
76	-0.00195312
77	0.00585938
78	0
79	-0.00585938
80	0.00585938
81	-0.0078125
82	-0.00976562
83	0
84	0.00585938
85	0.00195312
86	-0.0117188
87	-0.00390625
88	-0.00195312
89	0.00195312
90	0
91	0
92	0
93	-0.00585938
94	-0.00390625
95	0.00390625
96	0.00195312
97	-0.00585938
98	0.00585938
99	-0.00390625
100	0.00585938
101	0
102	0
103	-0.00195312
104	0.00390625
105	0.00390625
106	0
107	0
108	0.00195312
109	-0.00195312
110	0
111	-0.00195312
112	0.00390625
113	-0.00976562
114	0
115	0
116	0.00195312
117	0.00390625
118	0
119	-0.00390625
120	-0.00390625
121	0.00195312
122	0.0078125
123	0
124	0
125	0.00976562
126	-0.00390625
127	0.00585938
128	-0.00195312
129	-0.00195312
130	0
131	-0.00195312
132	0
133	0
134	-0.00390625
135	-0.00585938
136	0
137	0.00195312
138	-0.00195312
139	0
140	-0.0078125
141	-0.00585938
142	0
143	-0.00390625
144	-0.00195312
145	0.00195312
146	0.00585938
147	-0.00585938
148	-0.00585938
149	-0.00585938
150	0
151	0.00195312
152	-0.00585938
153	-0.00195312
154	-0.0078125
155	-0.0117188
156	-0.00195312
157	0.00585938
158	-0.00390625
159	0.00585938
160	0.0078125
161	0.00390625
162	-0.00390625
163	-0.00585938
164	0
165	-0.00390625
166	0.00195312
167	0.00195312
168	0.00195312
169	0
170	0.00195312
171	-0.00585938
172	0.00195312
173	0.00195312
174	0.00585938
175	0.00195312
176	-0.00585938
177	-0.00585938
178	-0.00976562
179	0.00390625
180	-0.00195312
181	0.00390625
182	-0.00390625
183	0.00195312
184	0
185	0.00195312
186	-0.00390625
187	0.0078125
188	-0.00195312
189	-0.00195312
190	-0.00195312
191	0.00195312
192	0.00195312
193	-0.00195312
194	-0.00390625
195	-0.00195312
196	0.00585938
197	-0.0117188
198	0.00390625
199	-0.00195312
200	-0.00390625
201	-0.00195312
202	0
203	-0.0078125
204	0.00195312
205	-0.00195312
206	0
207	-0.00585938
208	-0.00585938
209	0.0078125
210	0
211	-0.00585938
212	0
213	0.0078125
214	-0.00390625
215	0.0078125
216	0.00195312
217	0.00390625
218	-0.00195312
219	-0.00390625
220	0
221	0.00390625
222	0.00195312
223	-0.00195312
224	-0.0078125
225	-0.00390625
226	-0.0078125
227	0
228	0.00390625
229	0.00390625
230	-0.00195312
231	0.00585938
232	0.00585938
233	0
234	-0.00195312
235	0
236	0
237	-0.00585938
238	0
239	0.00585938
240	-0.00390625
241	-0.00390625
242	0
243	0.00585938
244	-0.00390625
245	0
246	-0.00390625
247	0
248	-0.00585938
249	-0.0078125
250	0
251	0
252	0
253	-0.00195312
254	-0.00195312
255	-0.00195312
256	-0.00390625
257	0
258	0.00390625
259	-0.00390625
260	0.00390625
261	-0.00390625
262	0.00195312
263	0.00195312
264	0
265	-0.00195312
266	0
267	0.00195312
268	0.00390625
269	0.00390625
270	0.00195312
271	0.00195312
272	-0.00390625
273	-0.00195312
274	-0.00195312
275	0.00390625
276	0
277	0.00390625
278	0
279	0.00585938
280	0.00195312
281	0.00195312
282	-0.00390625
283	0
284	-0.00390625
285	-0.0078125
286	0.00195312
287	-0.00195312
288	-0.00585938
289	0
290	0
291	-0.00390625
292	0
293	0.00585938
294	-0.00195312
295	0.00195312
296	-0.00195312
297	-0.00195312
298	0.0078125
299	0
300	0.00390625
301	0.00585938
302	-0.00390625
303	0
304	-0.00585938
305	0.00976562
306	0.00390625
307	0.00195312
308	0.00585938
309	-0.00390625
310	0
311	0.00390625
312	0.00390625
313	0.00585938
314	0.00390625
315	0.00585938
316	0
317	0.00390625
318	-0.00390625
319	0.00585938
320	-0.00195312
321	-0.00390625
322	-0.00195312
323	-0.0078125
324	0
325	-0.00195312
326	0.00585938
327	0
328	0.00195312
329	0
330	0.00390625
331	0.00390625
332	-0.00585938
333	0
334	0.00390625
335	-0.00195312
336	0.00585938
337	-0.00390625
338	0.00195312
339	-0.00195312
340	0.00585938
341	0
342	0.00195312
343	0.00585938
344	-0.00195312
345	0.00195312
346	-0.00585938
347	0
348	0
349	0
350	0.00585938
351	-0.0078125
352	-0.0078125
353	0.00195312
354	0.00195312
355	-0.00195312
356	-0.00585938
357	-0.00195312
358	-0.00195312
359	0.00195312
360	0
361	0.00195312
362	0
363	-0.00195312
364	0.00390625
365	0.00390625
366	0
367	-0.00390625
368	0
369	-0.00195312
370	0.00195312
371	0.00195312
372	-0.00390625
373	-0.00390625
374	-0.00585938
375	-0.00585938
376	-0.00585938
377	-0.00585938
378	0.00195312
379	-0.00195312
380	0
381	-0.00390625
382	-0.00390625
383	-0.00585938
384	-0.00390625
385	-0.00390625
386	0.00585938
387	-0.00195312
388	0.00585938
389	0
390	0.00585938
391	0
392	0.00390625
393	0
394	0.015625
395	0.00195312
396	-0.00390625
397	-0.00390625
398	0
399	-0.00195312
400	0
401	0
402	0.00390625
403	-0.00195312
404	0
405	0
406	-0.0078125
407	-0.00195312
408	-0.00390625
409	0.00585938
410	0.00195312
411	0.0078125
412	-0.00195312
413	0.00390625
414	0
415	-0.00195312
416	0
417	0.00195312
418	-0.00585938
419	-0.00390625
420	-0.00195312
421	0.00585938
422	0.00195312
423	0.00195312
424	-0.00390625
425	-0.00585938
426	-0.00195312
427	0
428	0.00390625
429	0
430	-0.00390625
431	0.00585938
432	-0.00195312
433	0
434	0.00195312
435	0.00195312
436	-0.00585938
437	0
438	-0.00195312
439	-0.00390625
440	-0.00195312
441	0.00195312
442	0
443	-0.0078125
444	0.00390625
445	0
446	-0.00585938
447	0.00585938
448	-0.0078125
449	-0.00390625
450	0.0078125
451	-0.00195312
452	-0.00195312
453	-0.00195312
454	0
455	-0.00390625
456	-0.00195312
457	-0.00390625
458	-0.00195312
459	0
460	-0.00195312
461	-0.0078125
462	0.00390625
463	0.00195312
464	0.00390625
465	0.00390625
466	0.0078125
467	-0.00195312
468	-0.00195312
469	0.00195312
470	0.00390625
471	0
472	-0.00390625
473	-0.00585938
474	0
475	0.0117188
476	0
477	-0.0078125
478	-0.00585938
479	-0.00195312
480	-0.00390625
481	-0.00585938
482	0.00585938
483	0
484	0.00585938
485	0.00390625
486	-0.00195312
487	0.00390625
488	-0.00585938
489	0.00585938
490	0
491	-0.00195312
492	-0.00195312
493	-0.00585938
494	0.00195312
495	-0.00195312
496	-0.00195312
497	-0.00390625
498	0.00585938
499	-0.00195312
500	-0.00585938
501	-0.0078125
502	-0.00585938
503	0.00585938
504	0.00195312
505	0
506	-0.00195312
507	0.00195312
508	-0.00195312
509	-0.00585938
510	-0.00585938
511	-0.00195312
512	0
513	-0.00195312
514	-0.00390625
515	-0.00390625
516	0.00195312
517	0.00195312
518	0.0078125
519	0.00585938
520	0.00390625
521	-0.00390625
522	0.00195312
523	0.00195312
524	0.00976562
525	0
526	-0.00390625
527	-0.00195312
528	0.00976562
529	0.00195312
530	0
531	-0.00195312
532	-0.0078125
533	0.0078125
534	0.00195312
535	0
536	0.00195312
537	0
538	0
539	-0.00195312
540	-0.00585938
541	0
542	-0.00195312
543	-0.00195312
544	0
545	0
546	-0.00390625
547	0.00195312
548	-0.00390625
549	0.00585938
550	0
551	0.00195312
552	0.00390625
553	-0.00195312
554	-0.00195312
555	-0.00195312
556	-0.00195312
557	0
558	0.00195312
559	0.00390625
560	0.00976562
561	0.0078125
562	-0.00390625
563	-0.00585938
564	0.00195312
565	0.00390625
566	0.00390625
567	0.00195312
568	0
569	0.00195312
570	0
571	0
572	-0.00390625
573	0.00585938
574	-0.00390625
575	0
576	0.00585938
577	-0.00585938
578	-0.00195312
579	-0.0078125
580	-0.00390625
581	-0.00390625
582	0.00390625
583	0.00390625
584	0.00976562
585	-0.00585938
586	0.00195312
587	0
588	0.00195312
589	-0.00195312
590	-0.00390625
591	0
592	0.00195312
593	-0.00195312
594	0.00195312
595	0.00390625
596	0
597	0.0078125
598	0.00585938
599	0
600	0.00195312
601	0.00195312
602	0.00390625
603	0.00585938
604	0
605	-0.00390625
606	-0.00585938
607	-0.00390625
608	-0.00195312
609	-0.00390625
610	0.00390625
611	0.00585938
612	-0.00585938
613	-0.00390625
614	0
615	-0.00390625
616	-0.00390625
617	-0.00195312
618	-0.0136719
619	-0.00195312
620	-0.00195312
621	0.00390625
622	0.00390625
623	0
624	-0.00195312
625	-0.00585938
626	0
627	0
628	-0.00195312
629	0
630	0.00195312
631	-0.00390625
632	-0.00585938
633	-0.00195312
634	0
635	0.00195312
636	0.00195312
637	-0.00195312
638	0.00585938
639	0.00195312
640	-0.00976562
641	-0.00390625
642	-0.00195312
643	0.00390625
644	0.00390625
645	0.0078125
646	0.00585938
647	-0.00390625
648	0.00195312
649	-0.00195312
650	0.00195312
651	0.00195312
652	-0.00585938
653	-0.00195312
654	-0.0078125
655	0.00585938
656	-0.00195312
657	0
658	-0.00390625
659	0.00585938
660	0.00585938
661	-0.00195312
662	-0.00390625
663	-0.00390625
664	-0.00390625
665	-0.0078125
666	0.00585938
667	0.00195312
668	0
669	0.00195312
670	-0.00195312
671	-0.00585938
672	-0.00195312
673	-0.00195312
674	-0.00390625
675	-0.00195312
676	-0.00390625
677	-0.00195312
678	0.00195312
679	-0.00585938
680	-0.00585938
681	0.0078125
682	0.00195312
683	0
684	0.00585938
685	-0.0078125
686	0.0078125
687	-0.00390625
688	0
689	0.0078125
690	0.00390625
691	-0.0078125
692	-0.00585938
693	0.00585938
694	0
695	-0.00195312
696	0
697	0.00585938
698	0.00195312
699	0
700	0.0078125
701	-0.00585938
702	-0.00195312
703	0
704	0
705	0.00585938
706	0
707	-0.00390625
708	-0.00195312
709	0.00390625
710	0
711	-0.00390625
712	0.00585938
713	-0.00195312
714	-0.00195312
715	-0.00585938
716	-0.00390625
717	-0.00390625
718	0
719	0.00390625
720	0.00195312
721	-0.00390625
722	0.00390625
723	-0.00195312
724	0.00195312
725	-0.00195312
726	0.00195312
727	0.00195312
728	-0.00390625
729	-0.00195312
730	-0.00195312
731	-0.00195312
732	0
733	0.00390625
734	-0.00390625
735	-0.00390625
736	0.00195312
737	0
738	-0.00195312
739	-0.00585938
740	-0.00976562
741	-0.00585938
742	-0.00390625
743	-0.00390625
744	0
745	0.00195312
746	0.00976562
747	0.00195312
748	0
749	-0.00195312
750	0.00390625
751	-0.00390625
752	0
753	-0.00195312
754	0.00390625
755	0.00195312
756	0
757	0
758	0.0078125
759	0.0078125
760	-0.00195312
761	0.00195312
762	-0.00585938
763	0.00195312
764	0
765	0.00195312
766	0
767	-0.0078125
768	-0.00585938
769	0
770	0.00390625
771	-0.00390625
772	-0.00195312
773	0.00585938
774	-0.00195312
775	0.00390625
776	0.00585938
777	-0.00195312
778	-0.0078125
779	0
780	0
781	0.00195312
782	0.00585938
783	-0.00195312
784	0.00390625
785	0.00195312
786	0
787	-0.00390625
788	-0.00390625
789	0.00585938
790	-0.00195312
791	0.00585938
792	-0.0117188
793	0.00585938
794	0.00390625
795	0.00390625
796	0.00390625
797	0.0078125
798	0.00195312
799	0.00390625
800	-0.00195312
801	0
802	0.00390625
803	0.00195312
804	0.00195312
805	0.00195312
806	-0.00585938
807	0
808	0.00585938
809	0
810	0.00195312
811	0
812	0.00195312
813	0
814	-0.00195312
815	-0.00390625
816	0.0078125
817	0.00390625
818	0.00390625
819	-0.00390625
820	-0.00585938
821	-0.00195312
822	-0.00195312
823	-0.00195312
824	0.00390625
825	0.00390625
826	-0.00390625
827	-0.00390625
828	-0.00390625
829	0
830	0.00585938
831	0.00585938
832	0.00195312
833	-0.00195312
834	0.00390625
835	-0.00390625
836	-0.00195312
837	0.00195312
838	-0.00195312
839	-0.00585938
840	0.00195312
841	0
842	-0.00585938
843	-0.00195312
844	-0.00195312
845	0.00585938
846	-0.00585938
847	-0.00195312
848	-0.00976562
849	-0.00390625
850	-0.0117188
851	-0.00390625
852	-0.00585938
853	0
854	-0.00390625
855	-0.00585938
856	0.00195312
857	0.00195312
858	0.00195312
859	-0.00195312
860	-0.0117188
861	0.00195312
862	-0.00390625
863	0.0078125
864	0.0078125
865	0.00195312
866	0.00390625
867	0.00585938
868	0.00195312
869	-0.00390625
870	-0.00195312
871	0.00390625
872	0.00390625
873	0
874	0.0117188
875	-0.00390625
876	0.00195312
877	-0.00195312
878	0.0078125
879	0
880	0.00195312
881	-0.00195312
882	-0.00195312
883	-0.00390625
884	-0.00195312
885	-0.00390625
886	-0.00390625
887	-0.00585938
888	-0.00585938
889	0
890	0.00195312
891	-0.00976562
892	-0.00195312
893	-0.00390625
894	-0.00195312
895	-0.00390625
896	0
897	0.00585938
898	0
899	0.00195312
900	0.00585938
901	0.00585938
902	-0.0078125
903	0
904	0.00195312
905	-0.00390625
906	-0.00585938
907	0.00195312
908	-0.00585938
909	-0.00585938
910	-0.00390625
911	0.00585938
912	0
913	0.00195312
914	0.00390625
915	-0.00390625
916	-0.00195312
917	0.00195312
918	0.00195312
919	0.0078125
920	-0.00195312
921	0.00390625
922	-0.00390625
923	0.00195312
924	0.00195312
925	0.0078125
926	0
927	-0.00390625
928	0.00390625
929	0.0117188
930	-0.00390625
931	-0.00195312
932	0.00390625
933	-0.00195312
934	0.00195312
935	-0.00195312
936	0.00390625
937	0
938	-0.0078125
939	0
940	-0.00390625
941	0
942	0
943	0
944	0.0078125
945	0.00390625
946	-0.00195312
947	0.00195312
948	0.00195312
949	0.00585938
950	-0.00585938
951	0.0078125
952	0.00195312
953	-0.00195312
954	0.00195312
955	0.00390625
956	-0.00585938
957	-0.00390625
958	0
959	-0.00195312
960	0.00390625
961	0
962	0.0078125
963	0.00195312
964	-0.00195312
965	-0.00195312
966	0.00195312
967	-0.0078125
968	-0.00195312
969	0.00195312
970	-0.00195312
971	-0.00390625
972	-0.00195312
973	-0.00390625
974	0.00195312
975	0.00390625
976	0.00585938
977	-0.00585938
978	0.00976562
979	-0.00195312
980	0.00390625
981	-0.00585938
982	-0.00390625
983	0.00585938
984	0
985	-0.00390625
986	0.00390625
987	0.00195312
988	-0.00585938
989	0
990	-0.00195312
991	-0.00195312
992	-0.00390625
993	0
994	0.00195312
995	-0.00195312
996	-0.00195312
997	0.00195312
998	0.00195312
999	0.0078125
1000	-0.0078125
1001	0.00390625
1002	0
1003	-0.00390625
1004	0.00195312
1005	-0.00195312
1006	0.00390625
1007	0.00195312
1008	0.00195312
1009	0.00195312
1010	0.00390625
1011	0.00195312
1012	0.0078125
1013	-0.00390625
1014	-0.00195312
1015	-0.00195312
1016	-0.00976562
1017	-0.00195312
1018	-0.00195312
1019	-0.00195312
1020	0.00585938
1021	0.00195312
1022	-0.00390625
1023	0
1024	-0.00390625
1025	-0.00390625
1026	-0.00585938
1027	0.0078125
1028	0.00390625
1029	0.00390625
1030	0
1031	-0.00195312
1032	0.00195312
1033	0
1034	-0.0078125
1035	-0.00195312
1036	0.00390625
1037	0
1038	0
1039	0
1040	0.00390625
1041	-0.00390625
1042	0
1043	-0.00390625
1044	0
1045	0
1046	0
1047	0.0078125
1048	-0.00195312
1049	0.00390625
1050	-0.00585938
1051	0.00195312
1052	0.00195312
1053	0
1054	-0.00195312
1055	-0.00195312
1056	-0.00585938
1057	0
1058	-0.00390625
1059	0.00390625
1060	-0.00390625
1061	0.00195312
1062	0.00390625
1063	-0.00585938
1064	-0.00390625
1065	0.00390625
1066	0.00390625
1067	0.00585938
1068	0
1069	0
1070	0
1071	-0.00195312
1072	0.00195312
1073	0
1074	0.00585938
1075	0
1076	0
1077	-0.00390625
1078	0.00585938
1079	0
1080	-0.00390625
1081	0.00195312
1082	0.00195312
1083	-0.00390625
1084	-0.00195312
1085	0
1086	0.00390625
1087	0
1088	0.00195312
1089	0
1090	-0.00585938
1091	0.0078125
1092	0.00585938
1093	0.00195312
1094	-0.00195312
1095	0
1096	0.00976562
1097	-0.0078125
1098	0.00195312
1099	-0.00390625
1100	0.00390625
1101	-0.00585938
1102	0
1103	0
1104	-0.0078125
1105	0.00585938
1106	0.00195312
1107	-0.00195312
1108	0.00390625
1109	0
1110	-0.00976562
1111	-0.00195312
1112	0
1113	0.00195312
1114	0.00390625
1115	-0.00585938
1116	0.0078125
1117	-0.0078125
1118	0.00390625
1119	-0.00390625
1120	0.00195312
1121	0
1122	0.00390625
1123	0
1124	0.00195312
1125	-0.00390625
1126	0
1127	0
1128	-0.00390625
1129	0.00390625
1130	0
1131	0.00390625
1132	-0.00195312
1133	-0.00585938
1134	0
1135	-0.00390625
1136	-0.00195312
1137	0.00585938
1138	-0.00390625
1139	0.00195312
1140	-0.00195312
1141	-0.00195312
1142	0.00390625
1143	0.00585938
1144	0.00585938
1145	0
1146	-0.00195312
1147	0
1148	0.00390625
1149	-0.00585938
1150	0.00195312
1151	-0.00390625
1152	0.00195312
1153	0.0078125
1154	-0.00195312
1155	-0.00195312
1156	0
1157	0
1158	0.00195312
1159	0.00390625
1160	0
1161	0.00585938
1162	0.00976562
1163	-0.0078125
1164	0.00390625
1165	0
1166	0
1167	0.00390625
1168	0
1169	0
1170	0
1171	-0.00585938
1172	-0.00195312
1173	-0.00585938
1174	0
1175	0
1176	0
1177	-0.00195312
1178	0.00195312
1179	0.00195312
1180	-0.00195312
1181	-0.00390625
1182	0
1183	-0.00390625
1184	0
1185	-0.00390625
1186	0.00195312
1187	-0.00390625
1188	-0.00390625
1189	-0.00585938
1190	0
1191	0.00195312
1192	-0.00585938
1193	-0.0078125
1194	0.00390625
1195	0.00976562
1196	-0.0078125
1197	0
1198	0
1199	0
1200	-0.00195312
1201	0
1202	0
1203	0
1204	0.00585938
1205	-0.00195312
1206	0
1207	0
1208	0
1209	-0.00195312
1210	0
1211	0.00585938
1212	0
1213	0.00195312
1214	0.00195312
1215	0.00390625
1216	-0.00195312
1217	0.00195312
1218	0
1219	0.00195312
1220	0.00195312
1221	-0.00195312
1222	0
1223	0
1224	-0.00585938
1225	0.00390625
1226	0.00390625
1227	-0.00195312
1228	0.00195312
1229	0
1230	-0.00585938
1231	0.00390625
1232	0.00195312
1233	-0.00390625
1234	0.00390625
1235	0.00195312
1236	0.00585938
1237	-0.00390625
1238	0.00390625
1239	0.00195312
1240	0
1241	0
1242	-0.00585938
1243	0.00390625
1244	0.00390625
1245	0.00390625
1246	0
1247	-0.00390625
1248	0.00390625
1249	0
1250	0.00195312
1251	0.0078125
1252	-0.00195312
1253	0.00585938
1254	-0.00195312
1255	0.00195312
1256	-0.00195312
1257	-0.00195312
1258	-0.00390625
1259	0.00390625
1260	0
1261	0.00195312
1262	0.00390625
1263	-0.00195312
1264	-0.00390625
1265	0.00195312
1266	0.00390625
1267	0.00390625
1268	0
1269	-0.00585938
1270	0
1271	0.00390625
1272	0.00585938
1273	0
1274	0.00195312
1275	-0.00195312
1276	0
1277	0.00195312
1278	0.00195312
1279	0.00195312
1280	-0.00390625
1281	0.00390625
1282	0.00390625
1283	-0.00390625
1284	-0.00585938
1285	-0.0078125
1286	0
1287	-0.00195312
1288	-0.00390625
1289	0.00390625
1290	0.0078125
1291	0.00390625
1292	-0.00195312
1293	0.00390625
1294	0.00390625
1295	0
1296	0
1297	-0.00976562
1298	0.00390625
1299	-0.00585938
1300	0.00390625
1301	0
1302	0.00585938
1303	-0.00390625
1304	-0.00585938
1305	0
1306	-0.00195312
1307	0.00195312
1308	-0.00390625
1309	0
1310	0.00195312
1311	0
1312	-0.00390625
1313	0.00585938
1314	-0.00390625
1315	-0.00195312
1316	0.00195312
1317	0.00390625
1318	-0.00195312
1319	-0.00195312
1320	0.00195312
1321	-0.00195312
1322	0.00195312
1323	0.00195312
1324	0.00195312
1325	0.00976562
1326	-0.0078125
1327	0.00195312
1328	0.00585938
1329	0
1330	0
1331	-0.00390625
1332	-0.015625
1333	0.00390625
1334	0.00585938
1335	0.00390625
1336	0.00195312
1337	0.0078125
1338	0.015625
1339	0
1340	0.00390625
1341	-0.00585938
1342	0.00585938
1343	0
1344	0
1345	-0.00195312
1346	-0.00195312
1347	-0.00585938
1348	-0.00195312
1349	-0.00195312
1350	-0.00195312
1351	0.00390625
1352	0
1353	0
1354	0.00390625
1355	0
1356	0.00585938
1357	0.0078125
1358	0
1359	0.00390625
1360	-0.00585938
1361	0
1362	0
1363	0.00195312
1364	-0.00195312
1365	0.00390625
1366	0.00195312
1367	0
1368	0.00390625
1369	0.00390625
1370	-0.00585938
1371	-0.0078125
1372	-0.00390625
1373	-0.00585938
1374	0
1375	0.00390625
1376	-0.00195312
1377	0
1378	-0.00585938
1379	0.00195312
1380	-0.00195312
1381	0.00195312
1382	0.00195312
1383	0.00390625
1384	0
1385	0.00195312
1386	-0.00585938
1387	0.00195312
1388	0.00390625
1389	0
1390	-0.00585938
1391	-0.00195312
1392	0
1393	0
1394	-0.00390625
1395	0.015625
1396	0.00585938
1397	0
1398	0.00390625
1399	0.00390625
1400	-0.0078125
1401	0.00195312
1402	0
1403	0.00195312
1404	-0.00585938
1405	-0.00195312
1406	0.00195312
1407	0.00585938
1408	0
1409	0.00390625
1410	-0.00195312
1411	-0.00195312
1412	-0.00195312
1413	-0.00390625
1414	0.00585938
1415	-0.00195312
1416	0.00195312
1417	0.00585938
1418	0
1419	-0.00390625
1420	0
1421	0.00976562
1422	0.00195312
1423	0.00390625
1424	0.00195312
1425	0.00585938
1426	0.00390625
1427	-0.00390625
1428	-0.00390625
1429	-0.00195312
1430	-0.00195312
1431	0.00390625
1432	0.00195312
1433	-0.00195312
1434	-0.00195312
1435	0.00390625
1436	-0.00195312
1437	-0.0078125
1438	0
1439	0.00195312
1440	0.00390625
1441	-0.00195312
1442	-0.00585938
1443	0.00390625
1444	0.00195312
1445	0.00390625
1446	0.00585938
1447	0.00390625
1448	0.00585938
1449	-0.00390625
1450	-0.00585938
1451	0.00390625
1452	0
1453	0.00195312
1454	0.0078125
1455	-0.00195312
1456	0.00195312
1457	0
1458	0.00390625
1459	-0.00976562
1460	0.00585938
1461	0.00976562
1462	-0.00390625
1463	0.00585938
1464	0.0117188
1465	0.00976562
1466	-0.00195312
1467	0
1468	0.00585938
1469	0.00195312
1470	-0.00195312
1471	0.00390625
1472	0.00390625
1473	0.00390625
1474	-0.00195312
1475	-0.00390625
1476	-0.00976562
1477	-0.00195312
1478	0.00585938
1479	-0.00195312
1480	0.00390625
1481	-0.00195312
1482	0.00585938
1483	0.00585938
1484	0.00585938
1485	0.0078125
1486	0
1487	0.00195312
1488	0.00585938
1489	0.00390625
1490	0.00195312
1491	-0.00390625
1492	0
1493	-0.00390625
1494	0.00390625
1495	0.00390625
1496	-0.00390625
1497	0.00585938
1498	0.00390625
1499	0.00195312
1500	-0.00195312
1501	0.00390625
1502	-0.00976562
1503	-0.00195312
1504	-0.00195312
1505	0
1506	0
1507	0.00390625
1508	0.0078125
1509	0.00390625
1510	0
1511	-0.00390625
1512	-0.00390625
1513	-0.00195312
1514	-0.00195312
1515	-0.00195312
1516	-0.00585938
1517	0.0078125
1518	-0.00585938
1519	-0.00390625
1520	0
1521	0
1522	-0.00585938
1523	-0.00195312
1524	0.00390625
1525	0.00390625
1526	-0.00195312
1527	0.00585938
1528	0.00195312
1529	0.00585938
1530	-0.00390625
1531	0
1532	0.00390625
1533	-0.00195312
1534	0.00585938
1535	0.00195312
1536	0.00195312
1537	-0.00390625
1538	0.00195312
1539	0.00585938
1540	0.00390625
1541	-0.00195312
1542	-0.00976562
1543	-0.0078125
1544	0
1545	0.0078125
1546	-0.00390625
1547	0.00390625
1548	0
1549	-0.00390625
1550	0.00195312
1551	-0.00585938
1552	-0.00585938
1553	0
1554	0.00195312
1555	-0.00195312
1556	0.0078125
1557	0.00585938
1558	0.00195312
1559	0.00585938
1560	-0.00195312
1561	-0.00195312
1562	-0.00195312
1563	0
1564	0.0078125
1565	-0.00195312
1566	-0.00195312
1567	0.00195312
1568	0
1569	0.00195312
1570	0
1571	0.00585938
1572	-0.00195312
1573	0
1574	0.00195312
1575	-0.00390625
1576	-0.00195312
1577	-0.00195312
1578	0
1579	-0.00585938
1580	0.00390625
1581	0.00390625
1582	0
1583	0.00390625
1584	-0.00390625
1585	0.00390625
1586	0
1587	-0.00390625
1588	-0.00195312
1589	0
1590	0.0078125
1591	0.00585938
1592	0
1593	0.00195312
1594	-0.00390625
1595	0.00195312
1596	0
1597	0
1598	-0.00195312
1599	-0.00390625
1600	0.00390625
1601	-0.00390625
1602	0.00195312
1603	0
1604	0.00585938
1605	0.00585938
1606	0.00585938
1607	0.00585938
1608	-0.00390625
1609	0.00195312
1610	-0.00195312
1611	0
1612	0.00585938
1613	0.0078125
1614	0.00195312
1615	-0.00390625
1616	0.00195312
1617	0.00195312
1618	0.00585938
1619	0.00585938
1620	-0.00585938
1621	-0.00195312
1622	-0.00585938
1623	-0.00585938
1624	0.00195312
1625	-0.00976562
1626	-0.00195312
1627	0
1628	0
1629	0.00195312
1630	-0.00195312
1631	0.00195312
1632	0.0078125
1633	-0.00585938
1634	-0.00390625
1635	0
1636	-0.00390625
1637	0
1638	0.00585938
1639	0.00195312
1640	0
1641	0.00195312
1642	-0.00585938
1643	0.00195312
1644	0
1645	0
1646	0
1647	-0.00390625
1648	0.0078125
1649	-0.00195312
1650	0
1651	0.00585938
1652	0.00390625
1653	-0.00585938
1654	0.00195312
1655	-0.00195312
1656	0.00976562
1657	-0.00390625
1658	0
1659	-0.00390625
1660	-0.00585938
1661	-0.00195312
1662	0
1663	0
1664	0.00390625
1665	0.00585938
1666	0
1667	-0.00195312
1668	0.00195312
1669	-0.00195312
1670	-0.00390625
1671	0.00585938
1672	0.00195312
1673	0.00585938
1674	-0.00195312
1675	0
1676	0.0078125
1677	0
1678	0.00195312
1679	0
1680	-0.00195312
1681	0
1682	0.00390625
1683	-0.00390625
1684	-0.00390625
1685	0
1686	-0.00195312
1687	0
1688	0
1689	0.00195312
1690	0.00390625
1691	0
1692	-0.00195312
1693	0
1694	-0.00585938
1695	-0.00585938
1696	-0.00195312
1697	0.00195312
1698	-0.00195312
1699	-0.00390625
1700	0.00195312
1701	-0.00585938
1702	0
1703	0
1704	0.00195312
1705	-0.00390625
1706	0
1707	0.00585938
1708	0.00390625
1709	0
1710	0.00390625
1711	0.00195312
1712	-0.00390625
1713	-0.00195312
1714	-0.00976562
1715	-0.00195312
1716	0
1717	-0.00195312
1718	0.00195312
1719	-0.00585938
1720	-0.0078125
1721	0
1722	0
1723	0.00195312
1724	0.00390625
1725	0.00390625
1726	0.00390625
1727	0
1728	0.00195312
1729	-0.00195312
1730	0
1731	-0.00585938
1732	0
1733	-0.00585938
1734	0
1735	-0.00585938
1736	0.00195312
1737	0
1738	-0.00390625
1739	0.00195312
1740	-0.0078125
1741	0.00195312
1742	0.00195312
1743	0
1744	0.00390625
1745	0
1746	-0.00585938
1747	-0.0078125
1748	0
1749	0
1750	-0.00195312
1751	-0.00390625
1752	0.00195312
1753	0
1754	0.00585938
1755	0.00195312
1756	0.00195312
1757	-0.00195312
1758	-0.00195312
1759	0
1760	0
1761	0.00585938
1762	0.00585938
1763	0
1764	-0.00195312
1765	0
1766	0.0078125
1767	0
1768	0.00195312
1769	0.00195312
1770	0
1771	0.00390625
1772	0.00195312
1773	-0.00195312
1774	0.00390625
1775	-0.00195312
1776	0
1777	-0.00976562
1778	-0.00195312
1779	0
1780	0.00390625
1781	-0.00390625
1782	-0.0078125
1783	0
1784	0
1785	-0.00390625
1786	0.00195312
1787	0.00390625
1788	-0.00195312
1789	0.00195312
1790	0.00195312
1791	-0.00390625
1792	0.00390625
1793	0.00195312
1794	0.00585938
1795	-0.00195312
1796	0.00390625
1797	-0.00195312
1798	-0.00195312
1799	0.00390625
1800	0.00195312
1801	0.00390625
1802	-0.00195312
1803	-0.00390625
1804	0.00390625
1805	0
1806	-0.00585938
1807	0.00390625
1808	0.00195312
1809	0
1810	0.00195312
1811	0.00390625
1812	0.00390625
1813	0.0078125
1814	-0.00390625
1815	0.00585938
1816	0.00390625
1817	0.00390625
1818	0.00390625
1819	0.0078125
1820	-0.00390625
1821	-0.00390625
1822	0.00390625
1823	-0.00585938
1824	0
1825	-0.00195312
1826	0.00195312
1827	-0.00585938
1828	0
1829	0.00390625
1830	0.00585938
1831	0.00195312
1832	-0.0078125
1833	-0.00195312
1834	0.00390625
1835	0.00195312
1836	0.00390625
1837	0.00585938
1838	0.00195312
1839	0.0078125
1840	-0.00195312
1841	-0.00390625
1842	-0.0078125
1843	0
1844	0.00195312
1845	-0.00195312
1846	0.00195312
1847	-0.00585938
1848	0
1849	0.00390625
1850	0.00195312
1851	0.00195312
1852	0.00976562
1853	0.00195312
1854	0.00195312
1855	0.00585938
1856	0.0078125
1857	-0.00976562
1858	-0.00976562
1859	0
1860	-0.00195312
1861	-0.00585938
1862	0.00195312
1863	0
1864	-0.00976562
1865	0.00195312
1866	-0.00585938
1867	0.00195312
1868	0
1869	0
1870	0.00195312
1871	-0.00390625
1872	0.00390625
1873	-0.00390625
1874	-0.0078125
1875	0.00390625
1876	-0.00195312
1877	0.00585938
1878	-0.0078125
1879	0.00390625
1880	0.00585938
1881	-0.0078125
1882	-0.0078125
1883	-0.00195312
1884	0.00195312
1885	-0.00585938
1886	0.00195312
1887	-0.00390625
1888	-0.00195312
1889	0
1890	0
1891	0
1892	0.00390625
1893	0
1894	-0.00195312
1895	0.00585938
1896	-0.00390625
1897	0
1898	-0.00195312
1899	0.00195312
1900	0.00195312
1901	-0.00195312
1902	0
1903	-0.00195312
1904	0.00585938
1905	0.00195312
1906	0.00195312
1907	-0.00390625
1908	0.00195312
1909	0.0078125
1910	0
1911	0.00585938
1912	0
1913	-0.00195312
1914	-0.00195312
1915	0.00195312
1916	-0.00195312
1917	-0.00585938
1918	0
1919	-0.00195312
1920	0
1921	0.00585938
1922	0
1923	0.00195312
1924	0
1925	-0.00195312
1926	0.00585938
1927	0
1928	0.00585938
1929	0
1930	-0.00195312
1931	0
1932	0.00585938
1933	-0.00195312
1934	-0.00390625
1935	0
1936	0.00195312
1937	0
1938	0.00585938
1939	0.00195312
1940	-0.00390625
1941	0
1942	0.00390625
1943	0.00390625
1944	-0.00195312
1945	0
1946	0
1947	0
1948	-0.00195312
1949	0.00195312
1950	0.00195312
1951	-0.00976562
1952	0.0078125
1953	0
1954	0.00585938
1955	0
1956	0
1957	0.00390625
1958	-0.00390625
1959	0
1960	-0.00195312
1961	-0.00195312
1962	-0.00195312
1963	-0.00195312
1964	-0.00195312
1965	-0.00390625
1966	-0.00195312
1967	-0.00390625
1968	-0.0078125
1969	-0.00195312
1970	0.00195312
1971	0
1972	0.0078125
1973	0.00195312
1974	0.00390625
1975	0.00195312
1976	0
1977	0.00195312
1978	0.00195312
1979	-0.00390625
1980	0.00390625
1981	0.00390625
1982	-0.00390625
1983	0
1984	0.00390625
1985	0.00585938
1986	-0.00976562
1987	-0.00585938
1988	0.00195312
1989	-0.00390625
1990	-0.00195312
1991	0.00195312
1992	-0.00390625
1993	0.00585938
1994	0
1995	-0.00195312
1996	-0.00390625
1997	0.00585938
1998	0.00195312
1999	0.00195312
