0	0.0585938
1	-0.0175781
2	0.00195312
3	-0.0136719
4	0
5	0
6	0.0117188
7	0.0214844
8	0.00976562
9	0.0175781
10	0.0078125
11	0
12	-0.0117188
13	0.00390625
14	-0.0117188
15	0.00585938
16	0.00976562
17	-0.015625
18	0.0175781
19	0.00195312
20	0.00195312
21	-0.0117188
22	-0.0078125
23	-0.00390625
24	-0.00195312
25	0.0136719
26	0.00390625
27	0
28	0
29	0.0195312
30	-0.0136719
31	-0.0078125
32	0.0136719
33	0.00195312
34	-0.0117188
35	-0.00976562
36	-0.00585938
37	0
38	-0.00585938
39	-0.00390625
40	-0.015625
41	0.015625
42	0.00976562
43	0.0117188
44	-0.0078125
45	-0.0117188
46	-0.00976562
47	-0.00195312
48	0.03125
49	-0.0175781
50	0.0175781
51	0
52	-0.0195312
53	-0.00976562
54	-0.0214844
55	-0.00585938
56	-0.0253906
57	0
58	0.00976562
59	0.0078125
60	0.0117188
61	0
62	0.0253906
63	-0.0136719
64	0
65	-0.0078125
66	-0.0136719
67	-0.0234375
68	-0.00585938
69	0.00585938
70	0
71	0.0136719
72	0.00195312
73	0
74	0
75	-0.0195312
76	-0.0117188
77	-0.00585938
78	-0.00390625
79	-0.0136719
80	-0.00390625
81	0.00390625
82	0
83	-0.0136719
84	-0.0136719
85	0.015625
86	0.0117188
87	0.0117188
88	0.0234375
89	-0.00195312
90	0.00976562
91	0.00195312
92	-0.00390625
93	-0.0195312
94	0.00195312
95	0.0078125
96	-0.00390625
97	0.00195312
98	-0.00585938
99	-0.0175781
100	0.00195312
101	-0.0078125
102	-0.0117188
103	-0.00195312
104	-0.0136719
105	0.00976562
106	0.0078125
107	0
108	0.00390625
109	-0.00585938
110	-0.00195312
111	-0.00195312
112	-0.00976562
113	-0.00390625
114	0.00195312
115	0
116	0.00585938
117	-0.00195312
118	-0.0078125
119	0.0078125
120	0.00585938
121	-0.015625
122	-0.00195312
123	-0.0117188
124	-0.0234375
125	0.00195312
126	-0.00585938
127	0.0117188
128	0.00976562
129	-0.00195312
130	0.0117188
131	0.0078125
132	-0.0078125
133	0.00195312
134	-0.00976562
135	-0.00585938
136	0.0078125
137	-0.00976562
138	-0.00390625
139	-0.0175781
140	0.00195312
141	0.0078125
142	0.00390625
143	0.0078125
144	-0.00195312
145	0.0117188
146	0.00390625
147	0.0078125
148	-0.00390625
149	0.00390625
150	0.00195312
151	-0.00976562
152	-0.0136719
153	-0.00390625
154	-0.0175781
155	-0.00390625
156	0.00195312
157	-0.00195312
158	0.0117188
159	-0.00585938
160	0.00390625
161	-0.00195312
162	0.0175781
163	0
164	0.0175781
165	-0.0117188
166	-0.00195312
167	-0.0175781
168	0.0136719
169	0
170	-0.0234375
171	0.00195312
172	-0.00195312
173	0.0195312
174	0.00976562
175	0.00195312
176	0.00195312
177	0.00390625
178	0.0117188
179	0.00195312
180	-0.00195312
181	-0.00195312
182	-0.00976562
183	0.00195312
184	0.00195312
185	-0.00976562
186	-0.00585938
187	-0.00585938
188	0.00585938
189	-0.00585938
190	0.00390625
191	0.00585938
192	-0.0078125
193	0.00585938
194	0.00390625
195	0.015625
196	0.00585938
197	0.0117188
198	-0.0117188
199	0
200	-0.00976562
201	-0.0136719
202	-0.0175781
203	0.00585938
204	-0.0136719
205	0.00390625
206	0.00195312
207	0.0234375
208	-0.00195312
209	0.0078125
210	-0.0195312
211	-0.0214844
212	-0.00585938
213	-0.00390625
214	-0.00390625
215	0.00585938
216	-0.0136719
217	0.00390625
218	0.0117188
219	-0.00195312
220	-0.00585938
221	0.00585938
222	0
223	-0.00195312
224	-0.00976562
225	0.00195312
226	-0.0273438
227	0.00976562
228	0.00195312
229	-0.0078125
230	-0.00390625
231	-0.00585938
232	-0.00976562
233	0
234	-0.00976562
235	-0.00976562
236	-0.0136719
237	-0.00585938
238	-0.00585938
239	-0.00585938
240	0.00976562
241	0
242	-0.00195312
243	0.00195312
244	-0.00195312
245	0.00976562
246	0.00976562
247	-0.0214844
248	0.0078125
249	0.0078125
250	-0.00976562
251	0.00195312
252	0
253	0.00585938
254	0.00195312
255	-0.015625
256	-0.00585938
257	0.00585938
258	-0.00976562
259	-0.00195312
260	-0.00195312
261	-0.015625
262	-0.0117188
263	0
264	0.00390625
265	-0.00390625
266	0.0078125
267	0.00195312
268	-0.00195312
269	0.00585938
270	0
271	0.00390625
272	-0.0136719
273	-0.00390625
274	-0.0078125
275	-0.0117188
276	0
277	0.0136719
278	0
279	0.00195312
280	-0.00195312
281	0.00390625
282	0
283	-0.00390625
284	-0.0234375
285	-0.0253906
286	-0.00390625
287	-0.00390625
288	-0.00585938
289	0
290	-0.0078125
291	-0.00585938
292	0.00585938
293	-0.0117188
294	0
295	0.00195312
296	-0.00585938
297	-0.00585938
298	-0.00195312
299	0.00195312
300	-0.00195312
301	-0.00195312
302	0.00976562
303	0.00195312
304	0.00585938
305	0.00390625
306	0.0078125
307	0
308	0
309	0.00976562
310	0.0195312
311	0.0136719
312	-0.00195312
313	0.0175781
314	-0.00585938
315	-0.00390625
316	0.00585938
317	-0.0117188
318	0.00195312
319	-0.00195312
320	0.00390625
321	-0.0136719
322	-0.0078125
323	-0.0078125
324	-0.00585938
325	0.00195312
326	0.00976562
327	0
328	0
329	0.00390625
330	0.0117188
331	0.0175781
332	0.00976562
333	-0.00585938
334	0.00585938
335	-0.00195312
336	0.00585938
337	0.0078125
338	0.0195312
339	0.0195312
340	0.00585938
341	-0.00585938
342	-0.0136719
343	-0.00585938
344	0.00195312
345	0.00585938
346	0
347	-0.00390625
348	-0.00390625
349	0.0175781
350	0.0195312
351	0.00585938
352	0
353	-0.0078125
354	0.0078125
355	-0.00390625
356	-0.0078125
357	-0.0078125
358	0.00195312
359	-0.00585938
360	-0.00390625
361	0.00976562
362	0.00390625
363	-0.015625
364	-0.0078125
365	-0.00976562
366	-0.00195312
367	0.0078125
368	0.0117188
369	-0.0136719
370	-0.00390625
371	0.0078125
372	-0.00390625
373	-0.0195312
374	0
375	-0.0078125
376	-0.015625
377	0.00585938
378	-0.00585938
379	-0.00390625
380	-0.00390625
381	0.0195312
382	0.0136719
383	0.0136719
384	-0.0117188
385	0.0078125
386	0.00195312
387	0.00585938
388	-0.00390625
389	-0.00195312
390	-0.00585938
391	0.00195312
392	-0.00195312
393	0.00976562
394	-0.0078125
395	-0.0117188
396	-0.00390625
397	0.0078125
398	-0.00390625
399	-0.00195312
400	0.0078125
401	0.00390625
402	0.00195312
403	-0.0136719
404	0.0078125
405	-0.00195312
406	0.00195312
407	0.00195312
408	-0.00390625
409	-0.00976562
410	-0.0078125
411	0.00585938
412	-0.00585938
413	0.00390625
414	0
415	-0.015625
416	0.00390625
417	0.00195312
418	0.00585938
419	0.00976562
420	-0.0078125
421	0.0136719
422	0.00390625
423	0.00390625
424	-0.0078125
425	-0.00390625
426	-0.00195312
427	0.00585938
428	-0.0136719
429	-0.0136719
430	-0.00195312
431	0.0214844
432	0.00585938
433	-0.0136719
434	-0.00195312
435	-0.00976562
436	-0.015625
437	-0.00585938
438	0.00585938
439	0.00585938
440	0.015625
441	-0.0078125
442	0.00585938
443	0.0136719
444	-0.00976562
445	-0.0117188
446	-0.0078125
447	0.00390625
448	0.00195312
449	0.0175781
450	0.015625
451	0.0175781
452	-0.00976562
453	-0.0195312
454	0.00195312
455	0.0214844
456	0.00585938
457	-0.00195312
458	-0.00195312
459	-0.00976562
460	-0.00195312
461	-0.0078125
462	0.015625
463	-0.00976562
464	-0.00195312
465	-0.00390625
466	0.00976562
467	-0.0175781
468	-0.015625
469	0.0078125
470	0.0195312
471	0.0078125
472	-0.015625
473	0
474	-0.0175781
475	0.00976562
476	-0.00585938
477	-0.00585938
478	-0.0078125
479	0
480	0.0253906
481	0.0078125
482	-0.00390625
483	0.00390625
484	0.0078125
485	0.0136719
486	-0.0078125
487	0.0136719
488	0.0195312
489	0.00390625
490	0
491	-0.00390625
492	-0.00585938
493	-0.00390625
494	-0.0078125
495	-0.00195312
496	-0.00195312
497	0.00390625
498	0
499	0.00195312
500	-0.00976562
501	-0.0175781
502	-0.00585938
503	0.00585938
504	0.0136719
505	0.00585938
506	-0.00195312
507	-0.0078125
508	0.00976562
509	-0.0214844
510	-0.015625
511	0.00390625
512	-0.00195312
513	-0.00390625
514	0.00976562
515	0
516	0.00195312
517	-0.0117188
518	0.0078125
519	0.00195312
520	0.00390625
521	0.0117188
522	0.00195312
523	-0.0136719
524	-0.015625
525	-0.0117188
526	-0.0136719
527	0.0214844
528	0.00976562
529	0.0078125
530	0.0117188
531	0.0078125
532	-0.0214844
533	-0.00390625
534	-0.00585938
535	0.0078125
536	0.00976562
537	0.00585938
538	0.00390625
539	0.00195312
540	0
541	-0.00585938
542	0.00390625
543	0.00390625
544	-0.00585938
545	-0.00585938
546	0.00195312
547	0.0175781
548	0.0175781
549	-0.00390625
550	-0.00585938
551	-0.0078125
552	0.00976562
553	-0.00585938
554	0
555	0.00976562
556	0
557	0.00390625
558	0
559	0.00585938
560	0.00976562
561	0.00195312
562	0.00390625
563	-0.0136719
564	-0.0253906
565	-0.0117188
566	-0.0253906
567	0.00585938
568	0.00976562
569	-0.00390625
570	-0.00390625
571	0
572	-0.0117188
573	-0.00390625
574	0.00976562
575	-0.00390625
576	-0.00390625
577	0.00585938
578	-0.0195312
579	0
580	-0.00195312
581	-0.00585938
582	0
583	0.0117188
584	0.00390625
585	0.0117188
586	0.0214844
587	-0.00585938
588	0.00195312
589	0.00195312
590	0.00585938
591	0.0117188
592	-0.00585938
593	-0.0117188
594	0.00585938
595	-0.015625
596	-0.0175781
597	-0.015625
598	0
599	0.00390625
600	0.00390625
601	-0.00195312
602	-0.0175781
603	-0.0117188
604	-0.00585938
605	-0.00195312
606	0.00390625
607	-0.00976562
608	-0.00390625
609	0.00976562
610	0.00390625
611	-0.00390625
612	-0.00585938
613	-0.00390625
614	0.00976562
615	0.0078125
616	-0.00195312
617	0.00585938
618	0.00976562
619	-0.00195312
620	-0.00195312
621	-0.015625
622	-0.0078125
623	-0.00585938
624	-0.015625
625	-0.0136719
626	-0.00585938
627	-0.00195312
628	-0.00390625
629	0.0078125
630	-0.0117188
631	-0.00195312
632	0.00585938
633	-0.00195312
634	-0.00976562
635	-0.00976562
636	0.0117188
637	0.00585938
638	0
639	0.00195312
640	0.0117188
641	-0.0136719
642	-0.00195312
643	-0.0078125
644	0.0078125
645	0.0078125
646	0.0078125
647	0
648	0.0078125
649	0.0117188
650	0.00585938
651	0.0195312
652	-0.00195312
653	-0.0195312
654	-0.00585938
655	-0.00976562
656	-0.0136719
657	0.00585938
658	0.00390625
659	-0.00195312
660	-0.00195312
661	-0.00390625
662	0.00976562
663	-0.00195312
664	0.0136719
665	-0.00976562
666	-0.00585938
667	-0.00976562
668	0
669	0
670	0.00195312
671	-0.0078125
672	0
673	-0.00585938
674	0.00390625
675	0
676	0.0078125
677	-0.0117188
678	0.00390625
679	0.00585938
680	-0.0136719
681	0.03125
682	0.0136719
683	0
684	-0.00976562
685	-0.0214844
686	-0.0234375
687	-0.00976562
688	-0.0117188
689	-0.00585938
690	-0.00585938
691	-0.00390625
692	0.0136719
693	-0.00390625
694	0.015625
695	0.00585938
696	0.0234375
697	-0.00585938
698	0
699	-0.00195312
700	-0.00195312
701	0
702	0
703	-0.00585938
704	-0.00390625
705	0.00976562
706	-0.0078125
707	-0.015625
708	-0.00390625
709	-0.00390625
710	-0.00390625
711	0.00976562
712	0.0117188
713	0.015625
714	0.00390625
715	-0.0078125
716	0.015625
717	0.0078125
718	-0.00390625
719	-0.00585938
720	-0.015625
721	-0.00585938
722	-0.00976562
723	0.0078125
724	-0.015625
725	0.00195312
726	0.00195312
727	-0.00976562
728	0
729	0
730	0.00585938
731	-0.0136719
732	0.00195312
733	-0.00195312
734	-0.00195312
735	0.00585938
736	0.00195312
737	0.0136719
738	0.00195312
739	-0.00195312
740	-0.00585938
741	0.00195312
742	0.00390625
743	0.0117188
744	-0.00195312
745	-0.0078125
746	0.00195312
747	0.0078125
748	-0.00585938
749	-0.0117188
750	-0.015625
751	-0.00390625
752	0.00585938
753	0.00585938
754	0.00195312
755	0.0136719
756	-0.0078125
757	0.00390625
758	0
759	0.00585938
760	-0.00585938
761	0.00976562
762	-0.00195312
763	0.0117188
764	0.00390625
765	0.00195312
766	0.00195312
767	-0.0078125
768	0.00585938
769	0.00390625
770	-0.0117188
771	-0.00585938
772	0.0078125
773	0.00195312
774	0.00585938
775	-0.0136719
776	-0.0078125
777	0
778	-0.00195312
779	-0.0078125
780	0.0175781
781	0.0078125
782	0.0078125
783	0
784	0.0078125
785	0.00390625
786	-0.00585938
787	-0.015625
788	0.00390625
789	0.0175781
790	-0.00585938
791	0.00976562
792	0.00195312
793	-0.00390625
794	0.00585938
795	-0.00195312
796	0.0117188
797	0
798	0.00390625
799	-0.0175781
800	0
801	-0.0078125
802	0.00585938
803	0.0175781
804	0
805	-0.00976562
806	-0.0175781
807	-0.00390625
808	0.0136719
809	0.00585938
810	0.0175781
811	-0.00390625
812	-0.00390625
813	0.0195312
814	0.015625
815	0.00976562
816	-0.00195312
817	0.015625
818	0
819	-0.0078125
820	0.00390625
821	0.00585938
822	0.00585938
823	0.015625
824	0.00976562
825	-0.0078125
826	-0.0136719
827	-0.00976562
828	0
829	0.0078125
830	0.00195312
831	0.00195312
832	0.00195312
833	-0.00976562
834	0.00585938
835	0.0117188
836	0
837	0.00390625
838	0.00195312
839	0
840	0.00195312
841	0.0117188
842	-0.00195312
843	0.0078125
844	-0.0117188
845	-0.0117188
846	-0.015625
847	-0.0175781
848	-0.0175781
849	-0.00195312
850	0.00195312
851	-0.0136719
852	0.00976562
853	0
854	0.015625
855	-0.0078125
856	0.00585938
857	0.00195312
858	-0.0117188
859	-0.015625
860	-0.00976562
861	-0.00195312
862	0.00976562
863	-0.0078125
864	-0.00585938
865	0.00585938
866	0
867	0.015625
868	-0.00195312
869	-0.00585938
870	0
871	-0.0136719
872	-0.00585938
873	-0.015625
874	-0.0078125
875	0.00585938
876	0.00195312
877	-0.00585938
878	0.00585938
879	-0.0175781
880	0.0136719
881	0.00585938
882	0.0214844
883	0.0195312
884	0.00390625
885	0.0078125
886	0.00585938
887	-0.0136719
888	-0.00195312
889	0.00585938
890	0.00390625
891	-0.0117188
892	-0.0117188
893	0.015625
894	-0.00195312
895	-0.00390625
896	-0.0136719
897	-0.00585938
898	-0.0214844
899	-0.0195312
900	0.00195312
901	0.00195312
902	0.00976562
903	0.00390625
904	-0.00390625
905	-0.00585938
906	0.0078125
907	0.0117188
908	0.0136719
909	0.00390625
910	0.00976562
911	0.0078125
912	-0.0078125
913	0.00390625
914	-0.00390625
915	-0.00195312
916	-0.00195312
917	0.00390625
918	-0.00195312
919	0
920	0.0078125
921	-0.00390625
922	0.00195312
923	-0.00195312
924	-0.0117188
925	-0.00195312
926	-0.00195312
927	0.00195312
928	-0.00195312
929	0.00585938
930	-0.00585938
931	-0.015625
932	0.0078125
933	-0.0136719
934	0.0078125
935	0.0117188
936	0.0078125
937	0.00585938
938	0.0136719
939	0.0136719
940	0.00585938
941	0.00976562
942	-0.00585938
943	0.0117188
944	0.00195312
945	0.0136719
946	0.00195312
947	-0.00585938
948	-0.0117188
949	0.0117188
950	0
951	-0.00585938
952	0.00585938
953	-0.00195312
954	0.00976562
955	-0.0136719
956	0.00195312
957	-0.00195312
958	-0.0078125
959	0
960	0.00390625
961	-0.00195312
962	0.0117188
963	-0.00585938
964	-0.0078125
965	-0.00195312
966	0.0117188
967	-0.00585938
968	-0.0136719
969	0.0078125
970	0.00195312
971	-0.00195312
972	0.00195312
973	-0.00585938
974	0.0234375
975	-0.00390625
976	-0.0214844
977	0
978	-0.00195312
979	0.015625
980	0.00976562
981	-0.00976562
982	0.0175781
983	0.00585938
984	-0.015625
985	-0.00585938
986	-0.00195312
987	0.0117188
988	0.0078125
989	0.00390625
990	0.0117188
991	0.00976562
992	0.0078125
993	0
994	-0.0117188
995	0.00585938
996	0.00390625
997	0.0117188
998	0.0195312
999	0
1000	0.00976562
1001	0.00585938
1002	0.0117188
1003	0.00390625
1004	0.0136719
1005	0.00390625
1006	0.00585938
1007	-0.0078125
1008	0.00195312
1009	0.0273438
1010	0.00195312
1011	0
1012	-0.00195312
1013	0.00585938
1014	-0.00390625
1015	0.00390625
1016	0.0078125
1017	0.00195312
1018	0.0117188
1019	0.00585938
1020	0.0117188
1021	-0.00585938
1022	-0.00976562
1023	0.015625
1024	-0.00976562
1025	0.00390625
1026	0.0078125
1027	0.00195312
1028	0.00585938
1029	-0.0078125
1030	-0.00585938
1031	-0.00585938
1032	0
1033	0.0117188
1034	0.00195312
1035	0.00195312
1036	0
1037	0.00195312
1038	-0.00585938
1039	0
1040	0
1041	0.0136719
1042	0.00390625
1043	-0.0078125
1044	-0.00390625
1045	0.00195312
1046	0.0195312
1047	-0.0078125
1048	0.0078125
1049	-0.00976562
1050	0.00195312
1051	-0.00195312
1052	0.00976562
1053	-0.015625
1054	-0.00585938
1055	0
1056	-0.0078125
1057	0.00195312
1058	-0.00585938
1059	-0.0234375
1060	0.0117188
1061	-0.00390625
1062	-0.0078125
1063	0.015625
1064	0.00390625
1065	0.0078125
1066	0.00585938
1067	0.00585938
1068	-0.00390625
1069	-0.0078125
1070	-0.00390625
1071	0.0214844
1072	0.00195312
1073	0.0117188
1074	0
1075	0
1076	0.0117188
1077	0.015625
1078	0.0136719
1079	-0.00585938
1080	0.0175781
1081	0.00195312
1082	0.00195312
1083	0.00390625
1084	-0.00585938
1085	0
1086	-0.0078125
1087	0.00976562
1088	-0.00195312
1089	-0.00585938
1090	0.00585938
1091	0.00195312
1092	-0.00585938
1093	0.00195312
1094	-0.00585938
1095	0.0175781
1096	0.00195312
1097	0.00976562
1098	0.00585938
1099	-0.00585938
1100	-0.00195312
1101	0.00390625
1102	-0.0273438
1103	-0.00195312
1104	0.00976562
1105	0
1106	0.0136719
1107	-0.00390625
1108	-0.0117188
1109	0.0136719
1110	-0.0195312
1111	-0.00585938
1112	0.0175781
1113	0.0078125
1114	0.00195312
1115	-0.00195312
1116	0
1117	0.0136719
1118	0.00390625
1119	-0.0175781
1120	-0.0078125
1121	-0.0117188
1122	0.0078125
1123	0.0136719
1124	0.00585938
1125	-0.0078125
1126	-0.00585938
1127	-0.00195312
1128	-0.0136719
1129	-0.00585938
1130	0.00585938
1131	0
1132	0
1133	-0.00390625
1134	-0.0175781
1135	0
1136	0
1137	-0.00585938
1138	-0.00976562
1139	-0.0078125
1140	0.00390625
1141	-0.00976562
1142	-0.00390625
1143	-0.00195312
1144	-0.0117188
1145	0.0078125
1146	0.00195312
1147	-0.00585938
1148	-0.00195312
1149	-0.0078125
1150	-0.0117188
1151	-0.00976562
1152	-0.00390625
1153	0
1154	-0.00390625
1155	0.0078125
1156	-0.00585938
1157	-0.015625
1158	0.00195312
1159	0.0078125
1160	-0.0175781
1161	-0.0136719
1162	-0.00976562
1163	0.00195312
1164	0.0117188
1165	0.0175781
1166	-0.00976562
1167	0.00585938
1168	-0.00390625
1169	-0.0078125
1170	0.00585938
1171	-0.00195312
1172	0.0136719
1173	0.0175781
1174	0.00585938
1175	0.00976562
1176	-0.00390625
1177	-0.0175781
1178	-0.0175781
1179	-0.00976562
1180	-0.00195312
1181	-0.00390625
1182	0.00976562
1183	0.0078125
1184	-0.00390625
1185	0.00390625
1186	0.00195312
1187	-0.0117188
1188	-0.0117188
1189	-0.0175781
1190	-0.00585938
1191	0.00195312
1192	-0.00976562
1193	0.00976562
1194	0.00195312
1195	0.0117188
1196	0.00390625
1197	0.0136719
1198	0.00195312
1199	-0.00976562
1200	-0.00195312
1201	-0.0078125
1202	0.00585938
1203	-0.0136719
1204	0.00390625
1205	0.00195312
1206	0.00976562
1207	0.00585938
1208	-0.00585938
1209	0.0117188
1210	0.0117188
1211	-0.00585938
1212	-0.00195312
1213	0
1214	0.00195312
1215	-0.0117188
1216	0.0136719
1217	0.00195312
1218	0.00195312
1219	0.015625
1220	0.00195312
1221	0.015625
1222	0.00195312
1223	0.00195312
1224	0.0175781
1225	0
1226	0.00195312
1227	0.00390625
1228	0.0078125
1229	-0.00195312
1230	-0.00390625
1231	0
1232	-0.00195312
1233	-0.0175781
1234	0.00976562
1235	0.015625
1236	-0.00390625
1237	-0.0136719
1238	-0.00390625
1239	-0.00390625
1240	-0.00585938
1241	0
1242	-0.0117188
1243	-0.00390625
1244	-0.00195312
1245	0
1246	-0.00585938
1247	0.00976562
1248	0.00195312
1249	0.0117188
1250	0.0175781
1251	0.00976562
1252	0.0136719
1253	0
1254	-0.00585938
1255	0.0078125
1256	0.00976562
1257	0.00195312
1258	0.00585938
1259	0
1260	-0.0078125
1261	0.00195312
1262	0.00195312
1263	0.0273438
1264	0.0117188
1265	0.00585938
1266	0.00390625
1267	-0.0195312
1268	0.00585938
1269	0.0078125
1270	-0.0078125
1271	-0.00976562
1272	-0.00585938
1273	-0.0078125
1274	0.00585938
1275	0.00390625
1276	0.00390625
1277	-0.0078125
1278	0.00976562
1279	0.0175781
1280	0.0117188
1281	-0.00585938
1282	0.00585938
1283	-0.00976562
1284	0.0136719
1285	0.0078125
1286	-0.00585938
1287	-0.00390625
1288	-0.00585938
1289	-0.015625
1290	-0.00976562
1291	-0.0234375
1292	0
1293	0.00976562
1294	0.00390625
1295	0
1296	0.00585938
1297	0.0136719
1298	0.00195312
1299	0.00585938
1300	-0.0117188
1301	0.0078125
1302	0.015625
1303	0.0136719
1304	0.00585938
1305	0.0078125
1306	0.00976562
1307	0.0175781
1308	0.00195312
1309	0.00195312
1310	0.0175781
1311	-0.015625
1312	-0.00195312
1313	0.00195312
1314	0.0078125
1315	0
1316	-0.00585938
1317	0.00195312
1318	-0.0195312
1319	0.0136719
1320	0.00390625
1321	0
1322	0
1323	-0.0078125
1324	0.0117188
1325	0.0117188
1326	0.00390625
1327	0.00585938
1328	-0.00976562
1329	0.00390625
1330	-0.0234375
1331	0
1332	-0.0136719
1333	-0.00195312
1334	-0.00195312
1335	0.00976562
1336	-0.00390625
1337	-0.0195312
1338	-0.0136719
1339	-0.00585938
1340	0.0078125
1341	-0.0078125
1342	0.0117188
1343	-0.0078125
1344	-0.0078125
1345	0
1346	-0.00390625
1347	-0.00585938
1348	-0.0117188
1349	-0.0078125
1350	0.0253906
1351	-0.0117188
1352	-0.0117188
1353	0.00390625
1354	0.0195312
1355	0.00390625
1356	0.00195312
1357	0.0078125
1358	0.0136719
1359	-0.00195312
1360	0.0078125
1361	0.00976562
1362	0.0117188
1363	0.00195312
1364	0.015625
1365	0.00976562
1366	-0.0078125
1367	-0.00390625
1368	-0.0078125
1369	0.00195312
1370	0.00390625
1371	0.00976562
1372	0.00390625
1373	-0.00390625
1374	-0.00585938
1375	-0.0136719
1376	-0.015625
1377	0.0078125
1378	0
1379	0.0136719
1380	0.00976562
1381	0
1382	-0.00390625
1383	-0.00195312
1384	-0.00976562
1385	0.0253906
1386	0.00195312
1387	-0.0117188
1388	0.00585938
1389	0.00585938
1390	-0.0136719
1391	-0.0175781
1392	-0.0117188
1393	-0.00585938
1394	0.00585938
1395	0.0117188
1396	0
1397	-0.0078125
1398	0
1399	0.00976562
1400	0.0117188
1401	0.00585938
1402	0.015625
1403	-0.00585938
1404	-0.00390625
1405	0.0195312
1406	-0.00390625
1407	0.0078125
1408	0
1409	-0.0078125
1410	-0.00585938
1411	-0.0175781
1412	-0.00976562
1413	0.00195312
1414	0.0117188
1415	0.00390625
1416	0.00195312
1417	0.00390625
1418	-0.0117188
1419	-0.00390625
1420	-0.0136719
1421	-0.0078125
1422	-0.0078125
1423	-0.0195312
1424	-0.00195312
1425	0.0117188
1426	0.00195312
1427	0.0136719
1428	0.0117188
1429	0.00976562
1430	-0.00976562
1431	-0.00195312
1432	0.00195312
1433	0.0175781
1434	-0.00585938
1435	0.00390625
1436	-0.00195312
1437	-0.0195312
1438	0.0136719
1439	0.0136719
1440	0.00585938
1441	0.00195312
1442	0.00585938
1443	0.00390625
1444	-0.00976562
1445	-0.0117188
1446	0.00195312
1447	0.00585938
1448	0.00976562
1449	-0.0136719
1450	0.0136719
1451	-0.0195312
1452	0.00195312
1453	0.00195312
1454	0.0078125
1455	-0.00585938
1456	0.0175781
1457	0.00390625
1458	-0.0117188
1459	0.0214844
1460	0.00390625
1461	0.00976562
1462	-0.00195312
1463	-0.00195312
1464	0.00976562
1465	-0.0117188
1466	-0.00976562
1467	-0.0175781
1468	0
1469	-0.0078125
1470	-0.0136719
1471	-0.0117188
1472	0.0175781
1473	0.00390625
1474	-0.0078125
1475	0.0078125
1476	-0.00976562
1477	-0.00585938
1478	0
1479	0
1480	0.00195312
1481	-0.015625
1482	-0.00195312
1483	0
1484	-0.00195312
1485	-0.00976562
1486	0.00390625
1487	0.0136719
1488	-0.0078125
1489	0.00585938
1490	0.0078125
1491	0.00976562
1492	0.00390625
1493	-0.00585938
1494	-0.00390625
1495	0.00195312
1496	0.00195312
1497	0.00390625
1498	0.00976562
1499	0.0078125
1500	0.0175781
1501	0.0117188
1502	0.00390625
1503	-0.015625
1504	0.00585938
1505	0.0078125
1506	0.00585938
1507	-0.00390625
1508	0.00195312
1509	-0.00195312
1510	0
1511	0.00585938
1512	-0.00195312
1513	-0.00585938
1514	-0.00976562
1515	0.0078125
1516	0.0078125
1517	0.00390625
1518	0.0117188
1519	0.00976562
1520	-0.00390625
1521	-0.00195312
1522	0.00976562
1523	0.0175781
1524	0.0175781
1525	0.0175781
1526	0.0195312
1527	-0.00585938
1528	-0.015625
1529	-0.00585938
1530	0.00390625
1531	0.00195312
1532	-0.015625
1533	0.00976562
1534	-0.00390625
1535	0.0078125
1536	0.00390625
1537	0.0078125
1538	-0.00195312
1539	-0.00195312
1540	0
1541	-0.00976562
1542	0
1543	0.0136719
1544	-0.00195312
1545	-0.015625
1546	-0.00976562
1547	0.00390625
1548	0
1549	0.00585938
1550	0.00195312
1551	0.00976562
1552	-0.00195312
1553	0.00585938
1554	0.0078125
1555	0.00585938
1556	0.0234375
1557	0.0078125
1558	0
1559	0.00976562
1560	0
1561	-0.0078125
1562	0.0136719
1563	0.0175781
1564	0.0117188
1565	-0.0078125
1566	-0.00390625
1567	0.00976562
1568	-0.00195312
1569	0.00390625
1570	-0.0078125
1571	0.00195312
1572	0.00390625
1573	0
1574	-0.00195312
1575	0.00390625
1576	0.00390625
1577	0.00976562
1578	0.00585938
1579	0.00585938
1580	-0.00195312
1581	-0.00976562
1582	0.0078125
1583	-0.00195312
1584	0.00390625
1585	0.0214844
1586	0.0078125
1587	0.00585938
1588	-0.00585938
1589	0.00976562
1590	-0.0117188
1591	0.00585938
1592	0
1593	-0.00585938
1594	-0.00390625
1595	-0.00390625
1596	-0.00976562
1597	-0.00976562
1598	-0.0175781
1599	-0.00585938
1600	-0.00390625
1601	-0.00390625
1602	0.0136719
1603	0.0078125
1604	0.00195312
1605	-0.0117188
1606	0.0117188
1607	0.0078125
1608	0.015625
1609	0.00976562
1610	-0.00585938
1611	-0.00585938
1612	-0.00390625
1613	0.00976562
1614	0.0136719
1615	-0.00390625
1616	0
1617	-0.00976562
1618	0.00195312
1619	0.00195312
1620	0.0117188
1621	0
1622	0
1623	-0.00195312
1624	0.00195312
1625	0.0136719
1626	0.00390625
1627	-0.0175781
1628	-0.00585938
1629	0.0078125
1630	-0.00976562
1631	0.00585938
1632	0
1633	-0.00195312
1634	-0.00585938
1635	-0.00195312
1636	-0.00585938
1637	0.0175781
1638	0.0175781
1639	0.00195312
1640	0.00195312
1641	0.0253906
1642	0.0195312
1643	0.00585938
1644	0.00195312
1645	-0.00585938
1646	0.00585938
1647	0.0136719
1648	0.00585938
1649	0
1650	-0.00195312
1651	-0.00976562
1652	0.00976562
1653	-0.00390625
1654	0.00390625
1655	-0.00195312
1656	-0.00585938
1657	-0.015625
1658	0.00390625
1659	0.0117188
1660	0.00195312
1661	0.015625
1662	0.00976562
1663	0.0078125
1664	-0.0078125
1665	-0.00390625
1666	0.0117188
1667	0.00195312
1668	-0.00390625
1669	-0.00976562
1670	0
1671	0.00390625
1672	0.0234375
1673	0.00585938
1674	-0.0175781
1675	-0.0117188
1676	0.00195312
1677	0.015625
1678	0
1679	0.0136719
1680	-0.0078125
1681	0.00585938
1682	0
1683	0.015625
1684	-0.00585938
1685	0.0078125
1686	-0.00390625
1687	0.015625
1688	-0.00390625
1689	-0.00390625
1690	-0.00976562
1691	-0.00195312
1692	-0.00390625
1693	-0.0078125
1694	0.0078125
1695	0.0078125
1696	-0.00585938
1697	-0.00390625
1698	-0.00585938
1699	0.0078125
1700	-0.0078125
1701	0.00585938
1702	-0.0136719
1703	-0.0117188
1704	-0.00585938
1705	0.0117188
1706	0.0214844
1707	0.00195312
1708	0.00195312
1709	0.00195312
1710	0.00585938
1711	0.00976562
1712	0.00390625
1713	-0.00195312
1714	0.00195312
1715	0
1716	0.00390625
1717	-0.00585938
1718	0.0214844
1719	-0.00390625
1720	-0.00585938
1721	0.00585938
1722	0.0078125
1723	0.00390625
1724	0.00585938
1725	0.00976562
1726	-0.0136719
1727	-0.00390625
1728	0.0078125
1729	0.0078125
1730	-0.00195312
1731	0.00390625
1732	-0.0136719
1733	0.00585938
1734	0.0117188
1735	-0.015625
1736	0
1737	-0.0117188
1738	-0.0214844
1739	0.00976562
1740	0.00585938
1741	-0.0078125
1742	-0.0078125
1743	-0.00195312
1744	0.00585938
1745	-0.0136719
1746	-0.00585938
1747	0
1748	-0.0117188
1749	-0.00976562
1750	-0.00195312
1751	0
1752	0.00195312
1753	0.00195312
1754	0.0078125
1755	-0.00195312
1756	-0.00390625
1757	0.0195312
1758	0.0117188
1759	0.0117188
1760	0.0175781
1761	0.00195312
1762	0.0136719
1763	0.00195312
1764	0.00195312
1765	-0.00195312
1766	-0.0175781
1767	-0.00976562
1768	0.0078125
1769	0.00390625
1770	0.0078125
1771	-0.00585938
1772	0.00390625
1773	-0.0078125
1774	-0.00585938
1775	-0.0078125
1776	0
1777	-0.00390625
1778	-0.0117188
1779	0.015625
1780	-0.00976562
1781	-0.00195312
1782	-0.00976562
1783	-0.00195312
1784	0
1785	-0.00195312
1786	0.00195312
1787	0.0195312
1788	0.0136719
1789	0.0117188
1790	-0.00195312
1791	-0.00976562
1792	0.0078125
1793	0.00976562
1794	0
1795	0
1796	0.00195312
1797	-0.0175781
1798	0.00195312
1799	0.00195312
1800	0.0175781
1801	0.0136719
1802	-0.015625
1803	0.00390625
1804	0
1805	-0.00585938
1806	0
1807	-0.00976562
1808	0.00390625
1809	0.00195312
1810	0.00585938
1811	-0.0117188
1812	0.00976562
1813	0.00195312
1814	0.00976562
1815	0
1816	-0.00390625
1817	-0.0117188
1818	-0.00585938
1819	0.00976562
1820	0.0078125
1821	-0.00976562
1822	0
1823	0.015625
1824	0.00195312
1825	0.0175781
1826	0.00585938
1827	-0.00976562
1828	-0.00195312
1829	0
1830	-0.00585938
1831	0.0117188
1832	0.00976562
1833	-0.0136719
1834	-0.00195312
1835	-0.0078125
1836	-0.00195312
1837	0.00195312
1838	-0.00195312
1839	-0.0078125
1840	0.0078125
1841	-0.0117188
1842	-0.00976562
1843	-0.015625
1844	-0.00390625
1845	-0.0078125
1846	-0.00390625
1847	0.00195312
1848	0.0253906
1849	0.0117188
1850	0.00976562
1851	0
1852	0.00585938
1853	-0.00585938
1854	0.0078125
1855	0.00390625
1856	-0.00585938
1857	-0.0078125
1858	-0.00390625
1859	0.015625
1860	-0.00195312
1861	-0.00390625
1862	0.0078125
1863	-0.00390625
1864	0
1865	0.00585938
1866	0.0175781
1867	0.0136719
1868	0.0078125
1869	-0.0136719
1870	0
1871	-0.00390625
1872	-0.00195312
1873	-0.00195312
1874	0.00195312
1875	0.00585938
1876	0.0078125
1877	0.015625
1878	0.00585938
1879	-0.00195312
1880	-0.00195312
1881	0.0078125
1882	-0.0136719
1883	0.00195312
1884	-0.00195312
1885	-0.00195312
1886	-0.00390625
1887	0.0117188
1888	0.00195312
1889	0.0175781
1890	-0.00585938
1891	0.00585938
1892	-0.00390625
1893	-0.0078125
1894	-0.00195312
1895	0.00585938
1896	-0.00585938
1897	-0.00976562
1898	0.00585938
1899	0.00195312
1900	-0.0078125
1901	0.00390625
1902	0.0078125
1903	-0.00585938
1904	-0.00390625
1905	0.0117188
1906	0.00390625
1907	0
1908	-0.0214844
1909	-0.015625
1910	0.0117188
1911	-0.0078125
1912	-0.00390625
1913	0
1914	-0.015625
1915	-0.0117188
1916	-0.00195312
1917	0.0078125
1918	-0.00195312
1919	-0.0078125
1920	0.00195312
1921	0.00195312
1922	0.00976562
1923	-0.0078125
1924	0.00585938
1925	0.00585938
1926	0.0136719
1927	0.0175781
1928	-0.00195312
1929	-0.00585938
1930	-0.00195312
1931	0.00390625
1932	0.00390625
1933	0.0078125
1934	0
1935	0.00585938
1936	0
1937	0.00976562
1938	0.0175781
1939	0.0136719
1940	-0.0136719
1941	-0.00195312
1942	-0.00390625
1943	0.0117188
1944	0
1945	-0.00585938
1946	0.00390625
1947	0.0078125
1948	0
1949	0.00390625
1950	-0.0117188
1951	0.0195312
1952	0.00195312
1953	0.0117188
1954	0.00390625
1955	0.00976562
1956	0.00976562
1957	-0.0078125
1958	-0.0136719
1959	-0.00390625
1960	-0.00976562
1961	0.00195312
1962	0
1963	0
1964	0
1965	0.0195312
1966	0.0136719
1967	-0.00195312
1968	0
1969	-0.0136719
1970	-0.0136719
1971	-0.00390625
1972	0.00390625
1973	-0.0234375
1974	0.00195312
1975	-0.0117188
1976	-0.0253906
1977	0
1978	-0.00976562
1979	0.00195312
1980	-0.00585938
1981	0.00195312
1982	0.0117188
1983	-0.0117188
1984	0.00976562
1985	-0.00585938
1986	0.00195312
1987	0.00195312
1988	0
1989	-0.00585938
1990	-0.00976562
1991	-0.0078125
1992	0.0078125
1993	-0.0078125
1994	-0.00585938
1995	-0.00976562
1996	0.00390625
1997	-0.0136719
1998	0
1999	0.0136719
