0	0.0449219
1	0.0332031
2	0.0214844
3	-0.0117188
4	-0.0253906
5	0.00195312
6	0.03125
7	0.0332031
8	0.03125
9	0.0175781
10	0.00585938
11	0.0253906
12	0.0234375
13	0.0136719
14	-0.00195312
15	0
16	0.0136719
17	0.00195312
18	0.0332031
19	-0.0078125
20	-0.00976562
21	-0.00195312
22	-0.0117188
23	-0.0292969
24	0.00976562
25	-0.0234375
26	-0.00390625
27	0.00585938
28	0.0371094
29	0
30	0.0253906
31	-0.046875
32	0.00195312
33	0.00195312
34	0.0175781
35	-0.0117188
36	0.0175781
37	0.0117188
38	0.0214844
39	0.015625
40	-0.00195312
41	-0.0214844
42	0.00195312
43	0.00585938
44	-0.0273438
45	0.0195312
46	-0.0390625
47	0.0332031
48	-0.0566406
49	0.015625
50	-0.0136719
51	0.0175781
52	0.00390625
53	-0.0273438
54	0.0195312
55	0.0117188
56	0.0078125
57	0.0195312
58	-0.0625
59	0.0234375
60	0.0195312
61	0.00195312
62	0.0195312
63	-0.0195312
64	-0.0136719
65	-0.015625
66	0.0273438
67	0.0253906
68	-0.0078125
69	-0.0175781
70	-0.0292969
71	-0.00976562
72	-0.0253906
73	-0.0214844
74	0.0078125
75	0.0371094
76	0.00976562
77	-0.00390625
78	0.0234375
79	0
80	-0.0117188
81	0.0117188
82	0.00976562
83	-0.0117188
84	-0.0332031
85	-0.0078125
86	-0.0332031
87	-0.0175781
88	-0.0136719
89	0.00195312
90	0.0273438
91	0.0253906
92	-0.0195312
93	-0.0351562
94	0.0175781
95	-0.0234375
96	0.0410156
97	0.00195312
98	-0.0195312
99	0.03125
100	-0.0546875
101	-0.0078125
102	0.0195312
103	-0.0195312
104	0.0214844
105	-0.00585938
106	0.00195312
107	-0.0136719
108	-0.0253906
109	0.0195312
110	-0.015625
111	-0.03125
112	0.0273438
113	0.0136719
114	-0.00390625
115	-0.0429688
116	0.0253906
117	-0.0136719
118	-0.00976562
119	-0.03125
120	0.0214844
121	-0.00195312
122	-0.0136719
123	-0.0117188
124	0.0332031
125	-0.0078125
126	0.0078125
127	0.0175781
128	0.015625
129	0.0332031
130	0.0117188
131	-0.0253906
132	0.0253906
133	0.0234375
134	-0.00976562
135	-0.00585938
136	0.0136719
137	0.00585938
138	0.0214844
139	-0.0078125
140	0
141	0.0117188
142	-0.00390625
143	0.0136719
144	-0.0214844
145	0.015625
146	-0.015625
147	-0.00976562
148	0.0390625
149	0.00585938
150	0.00585938
151	-0.0195312
152	-0.00976562
153	0.0273438
154	0.0175781
155	-0.00195312
156	-0.0136719
157	0.0175781
158	-0.0234375
159	-0.0078125
160	0
161	0.0195312
162	0.015625
163	-0.0078125
164	-0.0175781
165	-0.00585938
166	-0.0117188
167	0.0136719
168	0.0195312
169	-0.0371094
170	0.015625
171	0.00390625
172	0.00976562
173	-0.0507812
174	0.00976562
175	0.0078125
176	-0.0195312
177	0.0449219
178	0.0273438
179	0.0136719
180	0
181	-0.0273438
182	-0.0273438
183	-0.0410156
184	-0.0371094
185	-0.0175781
186	-0.0292969
187	-0.0214844
188	0.0078125
189	-0.00390625
190	0.0292969
191	0.0390625
192	0.00195312
193	0.0136719
194	-0.00195312
195	-0.0253906
196	0.0136719
197	-0.0117188
198	0.0117188
199	0.0234375
200	-0.00585938
201	0.0136719
202	-0.00195312
203	0.0449219
204	0.0292969
205	0.0117188
206	0.0214844
207	0.0195312
208	-0.0078125
209	-0.0078125
210	-0.015625
211	-0.0253906
212	-0.00195312
213	-0.015625
214	0.00585938
215	-0.00976562
216	-0.00195312
217	0.0214844
218	0.0332031
219	-0.0175781
220	-0.0117188
221	-0.00585938
222	-0.03125
223	0.00195312
224	0.00976562
225	0.0214844
226	-0.00976562
227	-0.00585938
228	0.00585938
229	0.00195312
230	0.0136719
231	0.0488281
232	0.00390625
233	0.015625
234	0
235	0.0292969
236	-0.0078125
237	-0.00390625
238	-0.0273438
239	0
240	-0.0175781
241	-0.0175781
242	-0.0390625
243	-0.00390625
244	0.0292969
245	0.0234375
246	0.0078125
247	-0.00585938
248	0.0332031
249	-0.00976562
250	-0.00195312
251	0.00976562
252	0.0234375
253	0.0078125
254	-0.0253906
255	-0.0292969
256	-0.0175781
257	0
258	0.046875
259	0.0253906
260	-0.00585938
261	-0.0175781
262	-0.0429688
263	0.0117188
264	0.0136719
265	-0.0742188
266	0.00195312
267	0.0273438
268	-0.00585938
269	0.00390625
270	-0.0273438
271	-0.015625
272	0.00195312
273	0.03125
274	-0.015625
275	-0.00195312
276	-0.046875
277	-0.03125
278	-0.00390625
279	-0.00195312
280	-0.0214844
281	-0.0175781
282	-0.00390625
283	0.00976562
284	0.0136719
285	0.0234375
286	-0.00390625
287	0.0117188
288	-0.03125
289	-0.0175781
290	0.0117188
291	-0.0292969
292	0.0292969
293	0.0234375
294	-0.0117188
295	-0.0175781
296	0.0078125
297	0.0410156
298	0.0253906
299	-0.015625
300	0.00976562
301	0
302	0.0253906
303	0.0117188
304	0.0117188
305	0.0332031
306	0.0078125
307	0.00195312
308	-0.0253906
309	0.00195312
310	0.00976562
311	-0.00585938
312	-0.00195312
313	-0.046875
314	0.0175781
315	0.00195312
316	0.0195312
317	-0.0214844
318	-0.0078125
319	0.0292969
320	-0.00976562
321	-0.00390625
322	0.0175781
323	-0.0078125
324	0.0136719
325	-0.03125
326	-0.0117188
327	0.00195312
328	0.0078125
329	-0.00976562
330	-0.0371094
331	-0.00390625
332	-0.00976562
333	0.0214844
334	-0.00585938
335	-0.00195312
336	0.0078125
337	0.015625
338	0.0175781
339	0.00976562
340	0.0234375
341	-0.0214844
342	0.0078125
343	0.00585938
344	0.0078125
345	-0.0585938
346	0.00390625
347	-0.015625
348	-0.0253906
349	-0.0292969
350	-0.0175781
351	-0.0585938
352	-0.015625
353	0.03125
354	0.00195312
355	-0.0078125
356	-0.0117188
357	-0.00976562
358	0
359	-0.0214844
360	0.00585938
361	-0.0273438
362	-0.015625
363	0.0117188
364	0.0273438
365	0
366	0.00585938
367	-0.0078125
368	-0.0253906
369	-0.00585938
370	0.0117188
371	-0.0234375
372	0.015625
373	-0.0175781
374	-0.0078125
375	-0.046875
376	-0.0507812
377	0.00585938
378	0
379	-0.00585938
380	0.0214844
381	-0.0175781
382	-0.0078125
383	-0.00390625
384	-0.00585938
385	0
386	-0.0078125
387	0.0136719
388	0.00585938
389	0.00976562
390	-0.0078125
391	-0.0253906
392	0.0117188
393	0.0195312
394	-0.015625
395	-0.0078125
396	-0.0429688
397	-0.0253906
398	-0.0175781
399	-0.0332031
400	0.0214844
401	0.00195312
402	-0.0117188
403	-0.00585938
404	0.0117188
405	-0.0136719
406	-0.0390625
407	-0.00195312
408	0.0371094
409	0.00976562
410	0.0332031
411	-0.00585938
412	-0.00390625
413	0.0195312
414	0.00585938
415	0.0234375
416	0.0390625
417	0.00585938
418	-0.0273438
419	0.0273438
420	0.0136719
421	0.0351562
422	-0.00195312
423	0.0078125
424	0.0117188
425	0.0136719
426	0.00585938
427	0.00585938
428	0.015625
429	0.0273438
430	-0.0273438
431	0.0253906
432	0.0253906
433	-0.00585938
434	0.0195312
435	-0.00585938
436	0.0214844
437	-0.00195312
438	-0.00195312
439	-0.0078125
440	0.0214844
441	0.0214844
442	0.0214844
443	-0.00195312
444	0.00976562
445	0.0253906
446	-0.0195312
447	0.0332031
448	0
449	0.0136719
450	-0.00976562
451	0.00390625
452	0.015625
453	-0.0292969
454	0.0136719
455	0.0117188
456	0.0332031
457	-0.0234375
458	-0.0234375
459	-0.0078125
460	0.00976562
461	0.0195312
462	-0.046875
463	0.0117188
464	0.00390625
465	-0.00390625
466	0.0117188
467	0.00195312
468	-0.015625
469	0.0078125
470	-0.0351562
471	-0.0117188
472	-0.015625
473	-0.0214844
474	-0.00976562
475	-0.0429688
476	-0.0273438
477	-0.0234375
478	-0.0234375
479	-0.00585938
480	0.0117188
481	0
482	-0.00585938
483	-0.0371094
484	-0.00390625
485	-0.0273438
486	0.00195312
487	-0.0371094
488	0.00390625
489	0.0175781
490	0.0117188
491	-0.0136719
492	0.0234375
493	0.0214844
494	-0.00195312
495	-0.0195312
496	-0.015625
497	0.0175781
498	0.0390625
499	-0.00390625
500	-0.03125
501	0.0117188
502	0.0117188
503	0.0175781
504	0.015625
505	-0.00195312
506	-0.0175781
507	-0.0136719
508	-0.0195312
509	0.00976562
510	0.00585938
511	-0.0195312
512	0.0371094
513	-0.0136719
514	0.0175781
515	0.015625
516	0.0214844
517	0.0175781
518	-0.0234375
519	-0.00390625
520	-0.0214844
521	0.0175781
522	0.0292969
523	-0.00585938
524	0.00390625
525	0.00390625
526	0.0117188
527	0.0195312
528	-0.046875
529	0.0175781
530	0.00585938
531	-0.0390625
532	0.00390625
533	0.0390625
534	-0.0175781
535	0
536	0.03125
537	0.015625
538	-0.0117188
539	0.00976562
540	0.0175781
541	0.00585938
542	0.0175781
543	-0.00195312
544	0.00976562
545	-0.0136719
546	0.00195312
547	0.0136719
548	0.0195312
549	0.00585938
550	0.0195312
551	0.0117188
552	-0.0292969
553	-0.0253906
554	0.0332031
555	-0.00585938
556	-0.03125
557	-0.015625
558	0.00585938
559	0.0195312
560	0.0214844
561	-0.015625
562	0.015625
563	0
564	-0.0195312
565	0
566	-0.0195312
567	0.0078125
568	-0.0332031
569	-0.0332031
570	0.0273438
571	0.00976562
572	-0.0273438
573	0.015625
574	0.00390625
575	-0.00585938
576	-0.0273438
577	0.00585938
578	-0.0195312
579	-0.0507812
580	-0.0273438
581	-0.03125
582	-0.0078125
583	-0.0410156
584	0.00976562
585	0.0136719
586	0.0175781
587	0.00585938
588	0.03125
589	-0.0273438
590	-0.0175781
591	0.0136719
592	0.00976562
593	0.0117188
594	0.0195312
595	0.0390625
596	-0.00585938
597	-0.00585938
598	0.0273438
599	0.00195312
600	-0.00976562
601	0.0078125
602	-0.0214844
603	-0.00976562
604	0.0136719
605	-0.0078125
606	-0.0117188
607	0.046875
608	0.0449219
609	0.015625
610	0.0351562
611	-0.0292969
612	0.015625
613	0.0175781
614	0.03125
615	0.0214844
616	-0.0214844
617	0.00195312
618	0.0449219
619	-0.0332031
620	0
621	-0.0332031
622	-0.0117188
623	0.0292969
624	0.03125
625	-0.015625
626	-0.00585938
627	0.0136719
628	0.0078125
629	0.03125
630	0.015625
631	-0.0175781
632	-0.00585938
633	0.00976562
634	-0.00976562
635	0.0117188
636	0.0117188
637	-0.00390625
638	-0.0429688
639	-0.00976562
640	-0.00585938
641	0.0273438
642	0.00195312
643	-0.0390625
644	-0.00390625
645	-0.0078125
646	0.0214844
647	0.0253906
648	0.0273438
649	-0.00390625
650	-0.0136719
651	-0.0390625
652	-0.0175781
653	-0.0253906
654	0.0214844
655	0.0195312
656	-0.0136719
657	0.0253906
658	-0.00390625
659	-0.00976562
660	-0.00390625
661	-0.00195312
662	-0.0234375
663	0.0214844
664	-0.00585938
665	-0.00585938
666	0.015625
667	-0.00390625
668	0.00390625
669	-0.015625
670	-0.0078125
671	-0.0253906
672	0.0214844
673	-0.00976562
674	-0.0078125
675	0.0175781
676	0.0078125
677	-0.03125
678	-0.0195312
679	0.00390625
680	0.00585938
681	-0.0136719
682	-0.00585938
683	0.0234375
684	0.0195312
685	-0.0214844
686	0.0136719
687	-0.00195312
688	0.0253906
689	0.015625
690	0.0078125
691	-0.0214844
692	0.00585938
693	-0.0214844
694	-0.0253906
695	0.00390625
696	-0.00390625
697	0.015625
698	0.0195312
699	-0.0136719
700	0.0332031
701	-0.00585938
702	-0.03125
703	0.015625
704	0.015625
705	-0.0214844
706	-0.00390625
707	0.0253906
708	-0.0136719
709	-0.046875
710	-0.015625
711	-0.0371094
712	0.0117188
713	-0.0078125
714	-0.0292969
715	-0.00195312
716	0.00390625
717	0.0117188
718	-0.015625
719	-0.0292969
720	-0.00195312
721	0.00976562
722	0.0175781
723	0.0292969
724	-0.00585938
725	0.00585938
726	-0.0351562
727	-0.015625
728	0.00976562
729	0
730	0.0117188
731	-0.00976562
732	0.0273438
733	0.0195312
734	0.03125
735	0.0214844
736	-0.015625
737	-0.015625
738	0.0273438
739	-0.0429688
740	-0.0078125
741	-0.00195312
742	0.0273438
743	-0.00390625
744	-0.00585938
745	0.0195312
746	0.0214844
747	0.00585938
748	-0.0332031
749	-0.00585938
750	0.0117188
751	0.00390625
752	0.0507812
753	0.0585938
754	0.0351562
755	-0.015625
756	-0.0136719
757	0.0371094
758	-0.00390625
759	0.00390625
760	0.00585938
761	0.00585938
762	0.0195312
763	0
764	0.0273438
765	0.00390625
766	0.0078125
767	0.0175781
768	-0.0117188
769	0.00195312
770	0.0117188
771	-0.00195312
772	0.0332031
773	-0.00976562
774	-0.0429688
775	-0.0136719
776	-0.00976562
777	-0.0117188
778	-0.00195312
779	0.00585938
780	0.00585938
781	-0.0175781
782	0.00390625
783	0.00585938
784	0.0117188
785	-0.00585938
786	-0.015625
787	0.0429688
788	0.0195312
789	-0.0078125
790	-0.00195312
791	0.0429688
792	-0.00585938
793	-0.0117188
794	0.03125
795	0.0175781
796	-0.0175781
797	0.0136719
798	-0.0136719
799	-0.0136719
800	-0.015625
801	-0.0195312
802	-0.0253906
803	0.0175781
804	0.00976562
805	0.00195312
806	-0.00976562
807	0.00390625
808	0.0117188
809	-0.0117188
810	-0.0273438
811	0.0195312
812	-0.00195312
813	0.0078125
814	0.0175781
815	0.0273438
816	0.0253906
817	0.0078125
818	0.0136719
819	0.0078125
820	0.015625
821	-0.00390625
822	0.0253906
823	0.0136719
824	-0.0273438
825	0.0351562
826	0.0175781
827	0.0273438
828	0.00390625
829	0.00195312
830	0.0214844
831	0.00976562
832	0.0214844
833	0.0214844
834	-0.0136719
835	-0.00390625
836	-0.00195312
837	-0.00585938
838	0.0175781
839	-0.00195312
840	0.00976562
841	-0.0175781
842	-0.03125
843	0.00195312
844	0.0175781
845	-0.0214844
846	0
847	0.00585938
848	-0.00195312
849	-0.0332031
850	0.00195312
851	0.00976562
852	0.00390625
853	0.0214844
854	-0.0488281
855	-0.00195312
856	0.0117188
857	-0.0507812
858	-0.00585938
859	-0.0253906
860	-0.00390625
861	-0.0273438
862	0.03125
863	0
864	-0.0253906
865	0.0214844
866	-0.00976562
867	0.00390625
868	0.0136719
869	-0.0234375
870	-0.03125
871	-0.0136719
872	0.00390625
873	0.0175781
874	0.0253906
875	0.0078125
876	0.0214844
877	0.00585938
878	0.0292969
879	0.0214844
880	-0.00976562
881	-0.0117188
882	0.00976562
883	0.00195312
884	0.00976562
885	0.0136719
886	0.0195312
887	0.0234375
888	0.0136719
889	0.00390625
890	0.00195312
891	-0.00585938
892	0.00195312
893	-0.00390625
894	0.00585938
895	-0.0214844
896	-0.0078125
897	0.0136719
898	0.0351562
899	-0.0175781
900	0.03125
901	0.0644531
902	-0.0449219
903	-0.00195312
904	0.0234375
905	-0.0195312
906	0.0175781
907	-0.00976562
908	0.0195312
909	-0.0175781
910	0.0078125
911	-0.0175781
912	-0.0136719
913	-0.0195312
914	0.0234375
915	0.0371094
916	-0.0078125
917	-0.0214844
918	0.03125
919	-0.00195312
920	-0.00976562
921	0.0175781
922	0.0234375
923	0.046875
924	0.0195312
925	0.0195312
926	-0.0585938
927	0.00585938
928	0.015625
929	0.0195312
930	0.0136719
931	0.0117188
932	0
933	-0.00195312
934	0.0117188
935	-0.0136719
936	-0.0175781
937	-0.00585938
938	0.0136719
939	-0.0488281
940	-0.0273438
941	-0.0195312
942	-0.0175781
943	0.0136719
944	-0.0117188
945	-0.0429688
946	-0.0390625
947	-0.00585938
948	-0.015625
949	-0.03125
950	0.0195312
951	0
952	-0.0117188
953	-0.0292969
954	-0.0175781
955	0.0136719
956	0.0117188
957	-0.0214844
958	0.0214844
959	0.0332031
960	0.0078125
961	0.00976562
962	-0.00585938
963	-0.015625
964	0.0253906
965	0.0078125
966	-0.00390625
967	0.0371094
968	-0.00390625
969	-0.0078125
970	-0.0078125
971	0.0175781
972	0.0195312
973	-0.0117188
974	-0.0195312
975	-0.0078125
976	0.0351562
977	-0.00195312
978	-0.00585938
979	-0.00976562
980	0.0117188
981	0.0175781
982	-0.00976562
983	-0.0136719
984	-0.03125
985	0.0078125
986	0.015625
987	-0.00585938
988	-0.0234375
989	-0.0410156
990	-0.00390625
991	-0.0253906
992	0.00585938
993	-0.0449219
994	-0.0078125
995	0.00390625
996	-0.00390625
997	-0.00585938
998	-0.00195312
999	0.0253906
1000	-0.0117188
1001	0.0117188
1002	0.00585938
1003	0.0175781
1004	-0.0195312
1005	0.00976562
1006	0.0449219
1007	-0.00976562
1008	0.0078125
1009	-0.00976562
1010	-0.0117188
1011	0.00976562
1012	0.0351562
1013	-0.0078125
1014	-0.00195312
1015	0.0175781
1016	-0.0273438
1017	0.0117188
1018	-0.0078125
1019	0.0195312
1020	-0.0175781
1021	0.0175781
1022	0.00585938
1023	0
1024	0.0429688
1025	-0.0390625
1026	0.0195312
1027	-0.015625
1028	0.00976562
1029	0.015625
1030	0.015625
1031	0.0332031
1032	0.00195312
1033	-0.0527344
1034	0.0214844
1035	-0.0175781
1036	0
1037	-0.00390625
1038	0.0078125
1039	-0.0136719
1040	0.0214844
1041	0.046875
1042	0.0078125
1043	0.00976562
1044	-0.0351562
1045	-0.0175781
1046	-0.0195312
1047	-0.0117188
1048	-0.00585938
1049	0.0273438
1050	0.015625
1051	0.0371094
1052	0.00195312
1053	0.0195312
1054	-0.0253906
1055	-0.0214844
1056	-0.0078125
1057	0.0117188
1058	0.00976562
1059	-0.03125
1060	0.0117188
1061	-0.0195312
1062	0.0351562
1063	-0.00195312
1064	-0.0078125
1065	-0.00585938
1066	0.00195312
1067	-0.0078125
1068	0.0117188
1069	0.0078125
1070	-0.0273438
1071	-0.00585938
1072	0.00195312
1073	-0.0117188
1074	0.00195312
1075	-0.00976562
1076	-0.0332031
1077	-0.0078125
1078	-0.015625
1079	-0.015625
1080	-0.0117188
1081	0.00976562
1082	0.0078125
1083	0.00390625
1084	0.0253906
1085	0.00195312
1086	-0.00195312
1087	0.00976562
1088	0.00390625
1089	0
1090	0.0078125
1091	-0.0117188
1092	-0.0195312
1093	0.03125
1094	0.0136719
1095	-0.00195312
1096	-0.0429688
1097	0.00976562
1098	-0.0410156
1099	-0.00390625
1100	0.00390625
1101	-0.0136719
1102	0.0117188
1103	0.00195312
1104	0.0292969
1105	0.00195312
1106	-0.0117188
1107	-0.00976562
1108	-0.0175781
1109	0.0253906
1110	-0.00976562
1111	0.00585938
1112	-0.0292969
1113	0.03125
1114	-0.0136719
1115	-0.00585938
1116	-0.0175781
1117	0.00976562
1118	0.0078125
1119	-0.00390625
1120	-0.00390625
1121	0.0136719
1122	-0.015625
1123	0.00585938
1124	0.0136719
1125	0.00976562
1126	-0.0253906
1127	0.00585938
1128	0.0292969
1129	0.0332031
1130	0.00585938
1131	-0.0371094
1132	-0.0371094
1133	-0.0449219
1134	0
1135	0.0410156
1136	0.00195312
1137	-0.00976562
1138	-0.00976562
1139	0.0195312
1140	-0.0292969
1141	-0.0117188
1142	-0.0429688
1143	-0.0273438
1144	-0.00390625
1145	-0.00976562
1146	0
1147	-0.0234375
1148	0.0292969
1149	0.0136719
1150	-0.0214844
1151	0.0078125
1152	0.0195312
1153	0.0117188
1154	0.00390625
1155	-0.0214844
1156	-0.0195312
1157	0.00195312
1158	0.00195312
1159	0.015625
1160	0.0117188
1161	0.0117188
1162	0.0117188
1163	-0.0214844
1164	0.00195312
1165	0.015625
1166	-0.00976562
1167	0.0117188
1168	0.0175781
1169	0.0136719
1170	0
1171	-0.00390625
1172	0.0195312
1173	-0.00976562
1174	0.0078125
1175	-0.0078125
1176	-0.03125
1177	-0.0351562
1178	0.0292969
1179	-0.0078125
1180	0.00195312
1181	-0.00195312
1182	0.00390625
1183	0.00585938
1184	-0.0117188
1185	-0.00195312
1186	-0.0136719
1187	0.015625
1188	0
1189	0.0175781
1190	0
1191	-0.0117188
1192	0.0273438
1193	0.0214844
1194	0
1195	0.0214844
1196	0.0136719
1197	-0.0292969
1198	-0.0234375
1199	0
1200	-0.00390625
1201	-0.0214844
1202	0.0175781
1203	0.0195312
1204	-0.00195312
1205	0.00390625
1206	-0.0117188
1207	0.0195312
1208	-0.0273438
1209	-0.00585938
1210	-0.0136719
1211	-0.0175781
1212	-0.00976562
1213	0.0136719
1214	-0.0234375
1215	-0.015625
1216	-0.0273438
1217	0.00585938
1218	-0.00976562
1219	0.0351562
1220	-0.015625
1221	0.00976562
1222	0.0117188
1223	-0.0214844
1224	0.00195312
1225	-0.015625
1226	0.0253906
1227	0.00976562
1228	0.0175781
1229	-0.0214844
1230	-0.00390625
1231	0.0117188
1232	0.0234375
1233	0
1234	-0.0078125
1235	-0.0351562
1236	0.00195312
1237	-0.0136719
1238	-0.0371094
1239	-0.00976562
1240	-0.0488281
1241	0.015625
1242	-0.00195312
1243	-0.00976562
1244	-0.0136719
1245	0.046875
1246	0.0253906
1247	0.00585938
1248	-0.0175781
1249	-0.00585938
1250	0
1251	-0.0390625
1252	-0.0527344
1253	-0.0078125
1254	-0.0078125
1255	0.03125
1256	0.0292969
1257	-0.00976562
1258	-0.0195312
1259	-0.0117188
1260	-0.0332031
1261	-0.00585938
1262	0.0195312
1263	-0.00390625
1264	-0.0117188
1265	0.00976562
1266	0.0195312
1267	-0.0078125
1268	-0.0078125
1269	-0.00390625
1270	-0.00195312
1271	0.0214844
1272	0.0195312
1273	-0.00390625
1274	0.00195312
1275	-0.0351562
1276	-0.00195312
1277	0.046875
1278	-0.00195312
1279	-0.00585938
1280	0.00585938
1281	-0.0078125
1282	-0.0214844
1283	-0.00976562
1284	-0.0292969
1285	0.0273438
1286	-0.00195312
1287	-0.00976562
1288	0.0195312
1289	-0.0136719
1290	-0.0078125
1291	0.0292969
1292	0.0136719
1293	-0.0292969
1294	0.00195312
1295	0.0292969
1296	-0.00390625
1297	-0.015625
1298	-0.00976562
1299	0.0195312
1300	0.00585938
1301	-0.00195312
1302	0.00195312
1303	-0.0234375
1304	0.0078125
1305	-0.00195312
1306	0.0214844
1307	0.0253906
1308	0.0136719
1309	-0.0117188
1310	0.00195312
1311	0.046875
1312	-0.00195312
1313	0.00585938
1314	0.0234375
1315	0.0136719
1316	0.00195312
1317	0.00390625
1318	0.0175781
1319	-0.0195312
1320	-0.0234375
1321	-0.0234375
1322	0.00390625
1323	-0.0292969
1324	-0.00585938
1325	0.00390625
1326	-0.0195312
1327	-0.0078125
1328	0.0253906
1329	-0.0214844
1330	0.0390625
1331	-0.0175781
1332	-0.0136719
1333	0.0195312
1334	-0.0136719
1335	0.046875
1336	-0.0351562
1337	-0.00390625
1338	-0.0234375
1339	0.015625
1340	-0.015625
1341	0
1342	-0.015625
1343	-0.0175781
1344	-0.00195312
1345	0.00195312
1346	0.015625
1347	-0.0253906
1348	0.00976562
1349	0.00976562
1350	-0.0175781
1351	-0.0195312
1352	0.0117188
1353	0.00585938
1354	-0.00390625
1355	0.0273438
1356	-0.03125
1357	0.00390625
1358	-0.0195312
1359	0.00195312
1360	0.0136719
1361	-0.0292969
1362	-0.03125
1363	-0.0175781
1364	-0.00195312
1365	0.015625
1366	0.015625
1367	-0.00585938
1368	-0.0136719
1369	-0.00585938
1370	-0.0175781
1371	-0.00195312
1372	-0.0136719
1373	0.0175781
1374	-0.0078125
1375	-0.0117188
1376	-0.00976562
1377	0.00195312
1378	-0.015625
1379	-0.0234375
1380	-0.0253906
1381	0.0175781
1382	0.015625
1383	0.00390625
1384	0.0234375
1385	-0.0078125
1386	-0.03125
1387	0.00976562
1388	0.0195312
1389	0.0214844
1390	-0.015625
1391	0.0253906
1392	-0.03125
1393	0.00390625
1394	-0.00195312
1395	0.00390625
1396	-0.015625
1397	-0.00585938
1398	0.00195312
1399	0.00195312
1400	-0.0136719
1401	-0.00390625
1402	-0.0195312
1403	0.015625
1404	0.0078125
1405	0.0351562
1406	0.0292969
1407	-0.0175781
1408	-0.03125
1409	-0.00390625
1410	0.0195312
1411	-0.0195312
1412	0.00976562
1413	-0.0292969
1414	0.0273438
1415	-0.00390625
1416	-0.0273438
1417	-0.0605469
1418	0.00976562
1419	-0.0429688
1420	-0.0117188
1421	-0.00195312
1422	0.0546875
1423	-0.0117188
1424	0.0449219
1425	0.0390625
1426	-0.0507812
1427	-0.0136719
1428	-0.0234375
1429	0
1430	-0.00195312
1431	0.0078125
1432	0.0371094
1433	0.00195312
1434	-0.0175781
1435	0.0117188
1436	-0.0390625
1437	0.00585938
1438	0.0175781
1439	-0.0078125
1440	-0.00390625
1441	-0.0253906
1442	-0.015625
1443	0.0117188
1444	-0.0273438
1445	-0.00976562
1446	-0.00195312
1447	-0.0078125
1448	-0.0292969
1449	-0.0214844
1450	-0.0136719
1451	0.00585938
1452	-0.0253906
1453	-0.00976562
1454	-0.0449219
1455	-0.0371094
1456	0.0273438
1457	-0.0429688
1458	-0.0332031
1459	0.0234375
1460	0.0117188
1461	0.015625
1462	0.0371094
1463	-0.015625
1464	-0.0195312
1465	0.0136719
1466	-0.0214844
1467	-0.0351562
1468	-0.00585938
1469	0.0195312
1470	0.0136719
1471	0.0390625
1472	0
1473	0.015625
1474	0.0078125
1475	-0.0214844
1476	-0.015625
1477	0
1478	0.0136719
1479	0.00195312
1480	0.0273438
1481	0.0351562
1482	-0.00390625
1483	0.0078125
1484	0.0078125
1485	0.0273438
1486	0.0214844
1487	-0.0078125
1488	0.00390625
1489	-0.0214844
1490	0.0175781
1491	-0.00585938
1492	0.00195312
1493	-0.0546875
1494	0.0175781
1495	-0.00976562
1496	0.0429688
1497	0.0292969
1498	-0.0078125
1499	0.00976562
1500	0.0078125
1501	-0.0117188
1502	-0.0214844
1503	0.0546875
1504	0.0234375
1505	-0.00390625
1506	0.0136719
1507	-0.00976562
1508	-0.00390625
1509	-0.0273438
1510	-0.0253906
1511	0.015625
1512	-0.0253906
1513	0.0410156
1514	0.0234375
1515	-0.0136719
1516	0.00195312
1517	-0.0175781
1518	-0.0253906
1519	-0.015625
1520	-0.00585938
1521	-0.0117188
1522	0.00976562
1523	0.015625
1524	-0.0117188
1525	-0.0488281
1526	-0.0117188
1527	0.0332031
1528	0.0234375
1529	0.00390625
1530	0
1531	-0.015625
1532	0.00976562
1533	0.0214844
1534	-0.0273438
1535	0.00585938
1536	0.0078125
1537	0.0234375
1538	0.015625
1539	0.0136719
1540	-0.00976562
1541	-0.00195312
1542	0.0253906
1543	0.0410156
1544	0.0195312
1545	-0.0566406
1546	-0.046875
1547	-0.0410156
1548	-0.0175781
1549	0.00976562
1550	-0.00195312
1551	-0.03125
1552	0.00976562
1553	0.0117188
1554	-0.0078125
1555	0.015625
1556	-0.0234375
1557	0.0117188
1558	0.0078125
1559	-0.0253906
1560	-0.0332031
1561	0.00195312
1562	-0.00195312
1563	-0.0273438
1564	0.0214844
1565	-0.0117188
1566	-0.03125
1567	-0.0136719
1568	-0.0195312
1569	0.015625
1570	0.0136719
1571	-0.0253906
1572	-0.0117188
1573	-0.0136719
1574	-0.00585938
1575	-0.00195312
1576	0.0175781
1577	0.0195312
1578	-0.03125
1579	-0.0351562
1580	-0.00585938
1581	-0.0078125
1582	-0.015625
1583	0.015625
1584	0.00195312
1585	-0.0175781
1586	-0.0390625
1587	-0.0527344
1588	0.0175781
1589	-0.0078125
1590	-0.0175781
1591	0.0195312
1592	0.0195312
1593	0.00195312
1594	0.0078125
1595	-0.0234375
1596	-0.015625
1597	-0.0136719
1598	-0.0195312
1599	-0.0253906
1600	-0.0449219
1601	-0.00195312
1602	0.0136719
1603	-0.0136719
1604	-0.00195312
1605	0.0195312
1606	0.0175781
1607	-0.0253906
1608	-0.0253906
1609	-0.0273438
1610	-0.0136719
1611	0.0117188
1612	0.00585938
1613	-0.0214844
1614	0.0253906
1615	0
1616	-0.0078125
1617	-0.0332031
1618	-0.03125
1619	-0.0292969
1620	-0.0214844
1621	0.046875
1622	0.0117188
1623	0.00195312
1624	-0.03125
1625	-0.0117188
1626	0.0332031
1627	-0.00390625
1628	-0.00976562
1629	-0.0214844
1630	-0.00585938
1631	-0.00390625
1632	0
1633	-0.0351562
1634	-0.0195312
1635	0.0234375
1636	0.0078125
1637	0.0488281
1638	0
1639	-0.00195312
1640	-0.00390625
1641	0.0136719
1642	0.015625
1643	0.00195312
1644	-0.015625
1645	-0.0078125
1646	-0.0117188
1647	0
1648	0.00976562
1649	-0.0175781
1650	0.0175781
1651	-0.0195312
1652	-0.0234375
1653	0
1654	-0.0078125
1655	-0.00585938
1656	-0.0410156
1657	0.0078125
1658	0.046875
1659	-0.03125
1660	-0.00585938
1661	-0.00976562
1662	0.00195312
1663	-0.0175781
1664	-0.0273438
1665	-0.00195312
1666	-0.015625
1667	0.015625
1668	0.0214844
1669	0.0078125
1670	-0.0273438
1671	0.0332031
1672	-0.0078125
1673	-0.0175781
1674	-0.0136719
1675	-0.0273438
1676	0.015625
1677	0.03125
1678	0
1679	-0.0253906
1680	-0.00585938
1681	-0.00585938
1682	-0.00976562
1683	0.0195312
1684	-0.00585938
1685	-0.00390625
1686	-0.00585938
1687	0.0136719
1688	-0.00585938
1689	0.0273438
1690	0.00195312
1691	-0.015625
1692	-0.0136719
1693	-0.0273438
1694	-0.0117188
1695	-0.0175781
1696	-0.015625
1697	-0.00195312
1698	0.00390625
1699	-0.00390625
1700	0.0117188
1701	-0.0214844
1702	0.00976562
1703	0.0117188
1704	0.0078125
1705	0.0253906
1706	-0.00390625
1707	0.0195312
1708	0.0292969
1709	-0.0136719
1710	-0.00195312
1711	-0.0527344
1712	0.00390625
1713	0.00585938
1714	0.0136719
1715	-0.0117188
1716	-0.0214844
1717	0.0078125
1718	-0.00976562
1719	-0.0390625
1720	-0.00195312
1721	0.0136719
1722	-0.00585938
1723	-0.0351562
1724	0.0410156
1725	0.0195312
1726	0.0195312
1727	-0.0351562
1728	-0.0195312
1729	-0.0117188
1730	0.00585938
1731	0.00195312
1732	0.03125
1733	-0.00390625
1734	-0.0292969
1735	-0.0429688
1736	0.015625
1737	0.0195312
1738	-0.0175781
1739	0.00195312
1740	-0.0351562
1741	0.0332031
1742	-0.0371094
1743	-0.0292969
1744	-0.0644531
1745	0.00585938
1746	0.015625
1747	-0.0136719
1748	-0.00585938
1749	-0.0332031
1750	-0.00976562
1751	-0.0410156
1752	0.00390625
1753	0.0175781
1754	-0.015625
1755	-0.00195312
1756	-0.03125
1757	-0.0273438
1758	0
1759	0.00195312
1760	0.0078125
1761	0.00195312
1762	-0.0136719
1763	0.015625
1764	0.0234375
1765	0.0292969
1766	0.0175781
1767	0.00390625
1768	-0.0078125
1769	0.0371094
1770	0.0253906
1771	0.0117188
1772	0.0292969
1773	0.0253906
1774	0.0273438
1775	-0.0410156
1776	-0.0234375
1777	-0.0429688
1778	0.00390625
1779	-0.0117188
1780	-0.0292969
1781	-0.0175781
1782	-0.00195312
1783	-0.0371094
1784	0.00585938
1785	-0.0214844
1786	-0.015625
1787	0.0371094
1788	0.0078125
1789	-0.0253906
1790	-0.0136719
1791	-0.0195312
1792	-0.0253906
1793	0.0175781
1794	-0.0175781
1795	0.0214844
1796	0.015625
1797	-0.0234375
1798	-0.0136719
1799	0.0214844
1800	0.0136719
1801	-0.0371094
1802	-0.0136719
1803	0.00390625
1804	-0.00976562
1805	-0.0117188
1806	0
1807	-0.015625
1808	-0.0136719
1809	-0.00976562
1810	-0.0273438
1811	-0.0351562
1812	-0.00390625
1813	0
1814	0.00195312
1815	0.0234375
1816	0.00585938
1817	0.0390625
1818	0.0117188
1819	0.0410156
1820	0.00585938
1821	-0.0273438
1822	0.0175781
1823	-0.00976562
1824	0.00195312
1825	-0.03125
1826	0.0273438
1827	-0.00390625
1828	-0.0253906
1829	0.0214844
1830	-0.00585938
1831	-0.0234375
1832	-0.00390625
1833	-0.0195312
1834	0.0292969
1835	-0.00585938
1836	-0.0234375
1837	-0.0214844
1838	-0.0175781
1839	-0.0292969
1840	-0.015625
1841	0.015625
1842	-0.00195312
1843	0.00976562
1844	0.0136719
1845	0.00195312
1846	-0.0488281
1847	-0.0429688
1848	-0.0078125
1849	-0.0507812
1850	0.03125
1851	0.0234375
1852	0.0175781
1853	0.0234375
1854	0.00390625
1855	-0.0117188
1856	-0.0292969
1857	-0.015625
1858	-0.0214844
1859	0.00585938
1860	0.03125
1861	0.0117188
1862	0.015625
1863	-0.00976562
1864	-0.00585938
1865	-0.00390625
1866	0.0175781
1867	0.0078125
1868	-0.0078125
1869	-0.046875
1870	-0.0117188
1871	-0.0273438
1872	0.00976562
1873	-0.00390625
1874	0.00585938
1875	-0.00195312
1876	0.0117188
1877	-0.0234375
1878	0.00585938
1879	-0.00976562
1880	-0.00976562
1881	-0.03125
1882	0.00390625
1883	0.0117188
1884	-0.0078125
1885	-0.00390625
1886	0.0136719
1887	-0.0078125
1888	0.00390625
1889	0.03125
1890	0.0429688
1891	-0.015625
1892	-0.0136719
1893	-0.0253906
1894	0.0136719
1895	-0.0332031
1896	0
1897	-0.0136719
1898	0.0214844
1899	0.0195312
1900	0.015625
1901	-0.0175781
1902	-0.0410156
1903	0
1904	0.0371094
1905	0.0410156
1906	-0.015625
1907	-0.0136719
1908	-0.0117188
1909	0.00390625
1910	-0.0234375
1911	0
1912	0.00195312
1913	0.0078125
1914	-0.015625
1915	0.00195312
1916	0.0585938
1917	0.00976562
1918	0.00585938
1919	0.00195312
1920	-0.015625
1921	-0.0117188
1922	-0.00585938
1923	0.0214844
1924	0.00195312
1925	-0.0371094
1926	-0.0078125
1927	0.0136719
1928	0.0214844
1929	-0.00585938
1930	0.0078125
1931	0.015625
1932	-0.00195312
1933	0.0195312
1934	0.00585938
1935	-0.00585938
1936	0.0175781
1937	0.00976562
1938	0.0351562
1939	0.0332031
1940	-0.00390625
1941	0.00585938
1942	-0.0214844
1943	-0.00585938
1944	-0.015625
1945	-0.0175781
1946	-0.0253906
1947	-0.0234375
1948	0.0175781
1949	-0.00976562
1950	-0.00585938
1951	-0.0078125
1952	0.0273438
1953	-0.0371094
1954	-0.0195312
1955	-0.0253906
1956	-0.015625
1957	-0.0078125
1958	-0.0410156
1959	0.00390625
1960	-0.0273438
1961	-0.0195312
1962	-0.00976562
1963	0.00976562
1964	-0.00195312
1965	-0.0175781
1966	-0.00195312
1967	-0.0195312
1968	-0.00585938
1969	-0.00976562
1970	-0.0371094
1971	0.0273438
1972	0.00195312
1973	-0.0820312
1974	0.0078125
1975	-0.00976562
1976	0.03125
1977	-0.0214844
1978	0.00976562
1979	0.0234375
1980	-0.00195312
1981	0.0273438
1982	-0.0449219
1983	0.00390625
1984	-0.0136719
1985	0
1986	-0.0078125
1987	-0.0195312
1988	0.0117188
1989	0.0253906
1990	0.015625
1991	0.00390625
1992	0.00195312
1993	-0.0273438
1994	-0.0351562
1995	-0.0175781
1996	0.0332031
1997	0
1998	-0.0078125
1999	0.015625
