0	0.423828
1	0.509766
2	0.583984
3	0.654297
4	0.679688
5	0.716797
6	0.755859
7	0.798828
8	0.8125
9	0.828125
10	0.84375
11	0.859375
12	0.857422
13	0.880859
14	0.892578
15	0.902344
16	0.904297
17	0.902344
18	0.902344
19	0.904297
20	0.914062
21	0.919922
22	0.923828
23	0.925781
24	0.933594
25	0.943359
26	0.953125
27	0.960938
28	0.964844
29	0.982422
30	0.978516
31	0.978516
32	0.984375
33	0.988281
34	0.996094
35	0.994141
36	1
37	1
38	1
39	1
40	1
41	1
42	1
43	1
44	1
45	1
46	1
47	1
48	1
49	1
50	0.998047
51	1
52	1
53	1
54	1
55	1
56	1
57	1
58	1
59	0.996094
60	0.998047
61	1
62	1
63	0.998047
64	0.998047
65	1
66	1
67	1
68	1
69	0.998047
70	1
71	1
72	1
73	0.998047
74	0.998047
75	1
76	1
77	0.998047
78	0.994141
79	0.992188
80	1
81	1
82	1
83	0.998047
84	0.998047
85	1
86	1
87	0.998047
88	0.998047
89	0.998047
90	0.998047
91	1
92	1
93	1
94	0.998047
95	0.998047
96	0.998047
97	1
98	1
99	1
100	1
101	1
102	0.998047
103	0.996094
104	0.996094
105	1
106	1
107	1
108	1
109	1
110	1
111	1
112	1
113	1
114	1
115	1
116	1
117	1
118	1
119	0.998047
120	0.998047
121	0.998047
122	0.996094
123	0.998047
124	1
125	1
126	1
127	1
128	1
129	1
130	0.998047
131	1
132	0.998047
133	1
134	1
135	1
136	1
137	1
138	1
139	1
140	1
141	0.998047
142	1
143	1
144	1
145	1
146	1
147	1
148	1
149	1
150	1
151	1
152	1
153	1
154	0.998047
155	1
156	1
157	1
158	1
159	1
160	1
161	1
162	1
163	1
164	1
165	0.998047
166	0.998047
167	1
168	1
169	1
170	1
171	0.998047
172	1
173	1
174	1
175	1
176	1
177	1
178	0.996094
179	0.996094
180	0.996094
181	0.998047
182	1
183	1
184	1
185	1
186	1
187	1
188	1
189	1
190	1
191	1
192	0.998047
193	1
194	1
195	0.996094
196	0.998047
197	1
198	1
199	1
200	1
201	1
202	0.994141
203	0.996094
204	0.998047
205	0.998047
206	0.996094
207	0.998047
208	0.998047
209	0.996094
210	0.998047
211	0.998047
212	1
213	1
214	0.998047
215	1
216	1
217	1
218	1
219	1
220	1
221	1
222	0.998047
223	1
224	1
225	1
226	1
227	1
228	1
229	1
230	1
231	1
232	1
233	1
234	1
235	1
236	1
237	1
238	1
239	1
240	1
241	1
242	1
243	1
244	0.998047
245	0.998047
246	1
247	0.998047
248	1
249	0.998047
250	0.998047
251	0.996094
252	0.998047
253	1
254	1
255	0.998047
256	0.998047
257	1
258	1
259	1
260	0.998047
261	0.998047
262	0.998047
263	1
264	0.998047
265	0.998047
266	1
267	1
268	1
269	1
270	1
271	1
272	1
273	1
274	1
275	0.998047
276	0.996094
277	0.998047
278	0.998047
279	1
280	0.998047
281	1
282	1
283	1
284	1
285	1
286	1
287	1
288	1
289	0.998047
290	1
291	1
292	1
293	0.998047
294	1
295	1
296	1
297	1
298	1
299	1
300	1
301	0.996094
302	0.998047
303	1
304	1
305	1
306	1
307	0.998047
308	0.998047
309	0.998047
310	0.998047
311	0.998047
312	0.998047
313	1
314	1
315	1
316	1
317	0.996094
318	0.998047
319	1
320	0.998047
321	0.998047
322	0.998047
323	0.998047
324	0.998047
325	0.998047
326	0.998047
327	0.996094
328	0.998047
329	1
330	1
331	1
332	1
333	1
334	1
335	1
336	1
337	1
338	0.998047
339	0.998047
340	1
341	1
342	0.998047
343	1
344	1
345	0.996094
346	0.998047
347	0.996094
348	1
349	1
350	1
351	1
352	1
353	1
354	1
355	1
356	0.998047
357	0.998047
358	0.998047
359	0.998047
360	0.994141
361	0.998047
362	0.998047
363	0.996094
364	0.998047
365	1
366	1
367	0.998047
368	1
369	1
370	1
371	1
372	1
373	1
374	1
375	1
376	1
377	1
378	1
379	1
380	1
381	1
382	1
383	1
384	1
385	1
386	0.998047
387	1
388	0.998047
389	1
390	1
391	1
392	0.998047
393	1
394	0.998047
395	1
396	1
397	0.998047
398	0.998047
399	1
400	0.998047
401	1
402	1
403	1
404	1
405	1
406	1
407	1
408	1
409	0.998047
410	0.998047
411	0.998047
412	1
413	0.998047
414	0.998047
415	0.998047
416	0.998047
417	1
418	1
419	1
420	1
421	1
422	1
423	1
424	0.998047
425	0.998047
426	1
427	1
428	1
429	1
430	0.998047
431	0.998047
432	0.998047
433	0.998047
434	0.998047
435	0.996094
436	1
437	0.998047
438	0.998047
439	1
440	1
441	1
442	1
443	1
444	1
445	1
446	1
447	1
448	1
449	0.998047
450	0.998047
451	0.996094
452	1
453	1
454	0.998047
455	1
456	1
457	1
458	1
459	1
460	1
461	1
462	1
463	1
464	0.996094
465	0.996094
466	0.996094
467	0.996094
468	0.996094
469	0.998047
470	1
471	1
472	1
473	1
474	1
475	0.998047
476	0.996094
477	0.998047
478	0.998047
479	1
480	1
481	0.998047
482	1
483	1
484	1
485	1
486	1
487	0.998047
488	1
489	1
490	1
491	0.998047
492	1
493	0.998047
494	0.998047
495	0.998047
496	1
497	1
498	1
499	1
500	1
501	0.998047
502	0.998047
503	0.998047
504	0.998047
505	1
506	0.998047
507	1
508	1
509	1
510	1
511	1
512	1
513	1
514	1
515	1
516	1
517	1
518	1
519	0.998047
520	1
521	1
522	1
523	1
524	1
525	1
526	1
527	1
528	1
529	1
530	1
531	1
532	1
533	1
534	1
535	1
536	1
537	1
538	0.998047
539	1
540	0.998047
541	0.998047
542	0.998047
543	1
544	0.998047
545	1
546	0.998047
547	0.998047
548	1
549	1
550	1
551	1
552	1
553	1
554	1
555	1
556	1
557	1
558	0.998047
559	1
560	1
561	1
562	1
563	1
564	1
565	1
566	1
567	1
568	1
569	1
570	1
571	1
572	1
573	1
574	0.998047
575	1
576	0.998047
577	1
578	1
579	1
580	1
581	1
582	1
583	1
584	1
585	1
586	1
587	1
588	1
589	0.998047
590	0.998047
591	1
592	1
593	1
594	1
595	0.998047
596	0.998047
597	0.996094
598	0.996094
599	0.994141
600	1
601	1
602	1
603	1
604	1
605	0.998047
606	1
607	1
608	1
609	1
610	1
611	1
612	1
613	0.998047
614	1
615	1
616	0.998047
617	1
618	1
619	1
620	0.998047
621	1
622	1
623	1
624	1
625	1
626	1
627	1
628	1
629	1
630	1
631	1
632	1
633	1
634	1
635	1
636	1
637	1
638	1
639	1
640	0.998047
641	0.998047
642	1
643	0.998047
644	1
645	1
646	1
647	1
648	1
649	1
650	0.996094
651	1
652	1
653	1
654	1
655	1
656	1
657	1
658	1
659	1
660	1
661	1
662	1
663	1
664	1
665	1
666	1
667	1
668	1
669	1
670	0.998047
671	0.998047
672	0.998047
673	1
674	1
675	1
676	1
677	1
678	1
679	1
680	1
681	1
682	1
683	1
684	1
685	1
686	1
687	1
688	0.998047
689	1
690	1
691	1
692	1
693	1
694	0.998047
695	0.998047
696	1
697	0.998047
698	1
699	0.998047
700	1
701	1
702	1
703	0.998047
704	1
705	1
706	1
707	1
708	1
709	0.998047
710	0.996094
711	1
712	1
713	1
714	1
715	1
716	1
717	0.996094
718	0.998047
719	1
720	0.998047
721	1
722	1
723	1
724	1
725	1
726	1
727	1
728	1
729	1
730	1
731	1
732	1
733	1
734	0.998047
735	1
736	0.998047
737	1
738	1
739	0.998047
740	0.998047
741	1
742	1
743	1
744	1
745	1
746	1
747	1
748	1
749	1
750	1
751	1
752	1
753	1
754	1
755	1
756	1
757	1
758	0.998047
759	1
760	1
761	1
762	1
763	0.998047
764	1
765	1
766	1
767	0.998047
768	0.998047
769	1
770	1
771	1
772	0.998047
773	1
774	1
775	1
776	1
777	1
778	0.998047
779	1
780	0.998047
781	1
782	1
783	1
784	0.998047
785	1
786	1
787	1
788	0.998047
789	1
790	1
791	1
792	1
793	0.998047
794	1
795	1
796	1
797	1
798	0.998047
799	1
800	1
801	1
802	1
803	1
804	0.998047
805	1
806	1
807	0.998047
808	1
809	1
810	0.998047
811	1
812	0.998047
813	1
814	0.998047
815	0.998047
816	0.998047
817	0.996094
818	0.998047
819	1
820	1
821	1
822	1
823	1
824	1
825	0.998047
826	1
827	0.996094
828	0.998047
829	0.998047
830	1
831	1
832	1
833	0.998047
834	1
835	1
836	1
837	1
838	1
839	0.998047
840	0.998047
841	1
842	1
843	1
844	1
845	1
846	1
847	1
848	0.998047
849	1
850	1
851	1
852	1
853	0.998047
854	0.998047
855	1
856	0.998047
857	0.996094
858	0.994141
859	0.996094
860	0.998047
861	0.998047
862	0.998047
863	1
864	1
865	1
866	0.994141
867	0.998047
868	1
869	0.998047
870	1
871	1
872	1
873	1
874	0.998047
875	0.996094
876	0.998047
877	1
878	0.998047
879	1
880	1
881	1
882	1
883	1
884	1
885	0.996094
886	0.996094
887	1
888	1
889	1
890	1
891	0.996094
892	0.998047
893	0.998047
894	1
895	1
896	1
897	1
898	1
899	1
900	1
901	1
902	1
903	1
904	1
905	1
906	0.996094
907	0.998047
908	1
909	1
910	1
911	1
912	1
913	1
914	1
915	1
916	1
917	0.998047
918	0.998047
919	1
920	1
921	1
922	1
923	1
924	1
925	1
926	0.998047
927	0.996094
928	0.996094
929	0.998047
930	1
931	1
932	1
933	0.998047
934	0.994141
935	0.998047
936	1
937	1
938	1
939	1
940	1
941	0.998047
942	1
943	1
944	1
945	1
946	1
947	1
948	1
949	1
950	1
951	1
952	0.998047
953	1
954	1
955	1
956	1
957	0.998047
958	1
959	1
960	1
961	1
962	1
963	1
964	1
965	1
966	1
967	1
968	1
969	1
970	1
971	1
972	1
973	1
974	1
975	1
976	1
977	1
978	1
979	1
980	1
981	1
982	1
983	1
984	0.996094
985	0.998047
986	0.998047
987	1
988	0.998047
989	1
990	1
991	1
992	1
993	0.998047
994	0.998047
995	1
996	1
997	1
998	1
999	1
1000	0.998047
1001	0.996094
1002	0.998047
1003	1
1004	1
1005	1
1006	1
1007	1
1008	0.998047
1009	0.998047
1010	1
1011	1
1012	1
1013	0.998047
1014	0.998047
1015	0.998047
1016	0.998047
1017	0.998047
1018	0.998047
1019	0.998047
1020	1
1021	1
1022	1
1023	1
1024	1
1025	1
1026	1
1027	1
1028	1
1029	1
1030	1
1031	1
1032	1
1033	0.998047
1034	0.998047
1035	1
1036	1
1037	1
1038	0.998047
1039	1
1040	1
1041	1
1042	1
1043	1
1044	1
1045	0.998047
1046	1
1047	1
1048	1
1049	1
1050	1
1051	1
1052	1
1053	1
1054	1
1055	1
1056	1
1057	1
1058	0.998047
1059	0.998047
1060	0.998047
1061	0.998047
1062	1
1063	1
1064	1
1065	1
1066	1
1067	1
1068	1
1069	0.998047
1070	0.998047
1071	1
1072	1
1073	1
1074	1
1075	1
1076	1
1077	1
1078	1
1079	1
1080	1
1081	1
1082	1
1083	1
1084	1
1085	1
1086	1
1087	0.998047
1088	0.998047
1089	1
1090	1
1091	1
1092	1
1093	1
1094	1
1095	1
1096	1
1097	1
1098	0.998047
1099	0.998047
1100	0.998047
1101	1
1102	1
1103	1
1104	1
1105	1
1106	0.998047
1107	1
1108	1
1109	1
1110	0.998047
1111	1
1112	1
1113	1
1114	1
1115	1
1116	1
1117	1
1118	1
1119	0.998047
1120	0.998047
1121	0.996094
1122	1
1123	0.998047
1124	0.998047
1125	1
1126	1
1127	1
1128	1
1129	1
1130	1
1131	0.998047
1132	1
1133	1
1134	1
1135	1
1136	1
1137	1
1138	1
1139	1
1140	0.998047
1141	1
1142	1
1143	1
1144	0.998047
1145	1
1146	0.998047
1147	0.998047
1148	1
1149	1
1150	1
1151	1
1152	1
1153	1
1154	0.998047
1155	1
1156	1
1157	0.998047
1158	0.996094
1159	0.998047
1160	1
1161	1
1162	1
1163	1
1164	0.998047
1165	1
1166	1
1167	1
1168	1
1169	1
1170	0.998047
1171	1
1172	1
1173	1
1174	1
1175	1
1176	1
1177	1
1178	1
1179	0.998047
1180	1
1181	0.998047
1182	0.998047
1183	0.998047
1184	1
1185	1
1186	0.998047
1187	0.998047
1188	0.998047
1189	1
1190	1
1191	1
1192	1
1193	1
1194	1
1195	1
1196	1
1197	1
1198	0.996094
1199	0.994141
1200	0.996094
1201	0.998047
1202	0.998047
1203	0.998047
1204	0.998047
1205	1
1206	1
1207	1
1208	0.998047
1209	1
1210	1
1211	1
1212	0.998047
1213	0.998047
1214	1
1215	0.998047
1216	1
1217	1
1218	0.998047
1219	1
1220	1
1221	1
1222	0.998047
1223	1
1224	1
1225	1
1226	1
1227	0.998047
1228	0.996094
1229	0.998047
1230	1
1231	0.998047
1232	1
1233	1
1234	1
1235	1
1236	1
1237	1
1238	1
1239	0.998047
1240	0.998047
1241	0.998047
1242	1
1243	1
1244	1
1245	1
1246	1
1247	1
1248	1
1249	1
1250	1
1251	1
1252	1
1253	0.998047
1254	0.998047
1255	1
1256	1
1257	1
1258	0.998047
1259	1
1260	1
1261	1
1262	1
1263	0.998047
1264	1
1265	0.998047
1266	0.998047
1267	0.996094
1268	1
1269	1
1270	1
1271	1
1272	1
1273	1
1274	1
1275	1
1276	1
1277	1
1278	1
1279	0.998047
1280	0.998047
1281	0.996094
1282	0.996094
1283	0.998047
1284	0.998047
1285	1
1286	0.998047
1287	1
1288	0.996094
1289	0.998047
1290	0.998047
1291	0.998047
1292	0.998047
1293	1
1294	1
1295	0.998047
1296	1
1297	0.996094
1298	0.994141
1299	1
1300	1
1301	1
1302	1
1303	1
1304	1
1305	1
1306	1
1307	1
1308	1
1309	1
1310	1
1311	1
1312	0.998047
1313	1
1314	1
1315	1
1316	1
1317	1
1318	1
1319	1
1320	1
1321	1
1322	1
1323	1
1324	1
1325	1
1326	0.998047
1327	1
1328	1
1329	1
1330	1
1331	1
1332	0.998047
1333	1
1334	1
1335	1
1336	1
1337	1
1338	1
1339	1
1340	1
1341	1
1342	1
1343	1
1344	0.998047
1345	0.998047
1346	1
1347	1
1348	1
1349	0.998047
1350	1
1351	1
1352	1
1353	1
1354	1
1355	1
1356	1
1357	1
1358	1
1359	1
1360	1
1361	1
1362	1
1363	0.998047
1364	0.998047
1365	1
1366	1
1367	0.998047
1368	1
1369	0.998047
1370	0.998047
1371	0.998047
1372	1
1373	1
1374	1
1375	0.998047
1376	0.996094
1377	0.998047
1378	0.998047
1379	1
1380	0.998047
1381	1
1382	1
1383	1
1384	1
1385	1
1386	0.998047
1387	1
1388	1
1389	1
1390	0.998047
1391	0.998047
1392	0.998047
1393	0.998047
1394	1
1395	1
1396	1
1397	1
1398	0.998047
1399	0.998047
1400	1
1401	1
1402	1
1403	1
1404	1
1405	1
1406	1
1407	1
1408	1
1409	1
1410	1
1411	1
1412	1
1413	1
1414	1
1415	0.998047
1416	0.998047
1417	0.998047
1418	1
1419	0.998047
1420	1
1421	1
1422	0.998047
1423	1
1424	0.996094
1425	0.996094
1426	0.998047
1427	0.998047
1428	1
1429	1
1430	0.998047
1431	1
1432	1
1433	1
1434	0.996094
1435	0.996094
1436	0.998047
1437	1
1438	1
1439	1
1440	1
1441	0.998047
1442	1
1443	0.998047
1444	0.998047
1445	0.998047
1446	1
1447	1
1448	1
1449	1
1450	1
1451	1
1452	1
1453	0.998047
1454	1
1455	1
1456	1
1457	1
1458	1
1459	1
1460	1
1461	0.998047
1462	0.996094
1463	1
1464	1
1465	0.996094
1466	0.994141
1467	0.998047
1468	0.996094
1469	1
1470	1
1471	1
1472	1
1473	0.998047
1474	0.998047
1475	0.998047
1476	0.998047
1477	1
1478	1
1479	0.998047
1480	0.998047
1481	0.998047
1482	1
1483	1
1484	1
1485	1
1486	1
1487	0.998047
1488	0.996094
1489	0.996094
1490	0.998047
1491	0.998047
1492	1
1493	0.996094
1494	0.998047
1495	0.992188
1496	0.998047
1497	0.998047
1498	0.996094
1499	0.996094
1500	1
1501	1
1502	1
1503	1
1504	1
1505	0.996094
1506	0.996094
1507	0.994141
1508	0.994141
1509	0.996094
1510	1
1511	0.998047
1512	0.998047
1513	0.998047
1514	1
1515	1
1516	0.998047
1517	1
1518	0.998047
1519	0.998047
1520	0.996094
1521	0.994141
1522	0.994141
1523	0.996094
1524	0.998047
1525	0.998047
1526	1
1527	1
1528	0.996094
1529	0.998047
1530	1
1531	1
1532	1
1533	1
1534	1
1535	0.998047
1536	1
1537	0.998047
1538	1
1539	0.998047
1540	0.998047
1541	0.998047
1542	1
1543	0.996094
1544	0.998047
1545	0.998047
1546	0.998047
1547	1
1548	1
1549	1
1550	1
1551	0.998047
1552	0.998047
1553	0.998047
1554	0.998047
1555	1
1556	1
1557	1
1558	1
1559	1
1560	1
1561	0.998047
1562	1
1563	1
1564	1
1565	1
1566	1
1567	1
1568	1
1569	1
1570	0.998047
1571	0.998047
1572	0.996094
1573	1
1574	0.998047
1575	1
1576	1
1577	1
1578	1
1579	1
1580	1
1581	1
1582	1
1583	1
1584	1
1585	1
1586	1
1587	1
1588	1
1589	1
1590	1
1591	1
1592	0.998047
1593	1
1594	1
1595	1
1596	1
1597	1
1598	1
1599	1
1600	1
1601	0.998047
1602	0.998047
1603	1
1604	1
1605	0.998047
1606	1
1607	1
1608	1
1609	1
1610	0.998047
1611	0.998047
1612	1
1613	1
1614	1
1615	1
1616	1
1617	1
1618	0.998047
1619	1
1620	1
1621	1
1622	1
1623	0.998047
1624	1
1625	1
1626	0.998047
1627	0.998047
1628	1
1629	1
1630	0.998047
1631	1
1632	1
1633	1
1634	1
1635	0.998047
1636	1
1637	1
1638	1
1639	1
1640	1
1641	0.998047
1642	0.998047
1643	1
1644	1
1645	1
1646	1
1647	1
1648	1
1649	1
1650	1
1651	0.998047
1652	1
1653	0.998047
1654	1
1655	1
1656	0.998047
1657	0.998047
1658	1
1659	1
1660	1
1661	1
1662	1
1663	1
1664	0.998047
1665	0.998047
1666	0.998047
1667	1
1668	1
1669	1
1670	1
1671	1
1672	1
1673	1
1674	1
1675	1
1676	0.998047
1677	1
1678	1
1679	1
1680	1
1681	0.998047
1682	0.998047
1683	0.996094
1684	1
1685	1
1686	1
1687	1
1688	1
1689	1
1690	1
1691	1
1692	1
1693	1
1694	1
1695	1
1696	1
1697	1
1698	1
1699	1
1700	1
1701	1
1702	1
1703	1
1704	1
1705	0.998047
1706	1
1707	1
1708	1
1709	0.998047
1710	1
1711	1
1712	1
1713	1
1714	1
1715	0.998047
1716	1
1717	0.998047
1718	1
1719	1
1720	0.996094
1721	0.998047
1722	1
1723	0.998047
1724	1
1725	1
1726	1
1727	1
1728	1
1729	1
1730	1
1731	0.998047
1732	0.998047
1733	1
1734	1
1735	1
1736	1
1737	0.998047
1738	0.998047
1739	1
1740	1
1741	1
1742	1
1743	1
1744	1
1745	1
1746	1
1747	1
1748	1
1749	1
1750	1
1751	1
1752	0.994141
1753	0.998047
1754	1
1755	1
1756	1
1757	1
1758	1
1759	1
1760	1
1761	1
1762	1
1763	0.998047
1764	0.998047
1765	1
1766	1
1767	1
1768	1
1769	1
1770	0.998047
1771	1
1772	1
1773	1
1774	0.998047
1775	0.996094
1776	0.998047
1777	1
1778	1
1779	1
1780	1
1781	1
1782	1
1783	1
1784	1
1785	1
1786	0.998047
1787	0.998047
1788	0.998047
1789	0.996094
1790	0.998047
1791	1
1792	1
1793	1
1794	1
1795	1
1796	0.998047
1797	1
1798	0.998047
1799	1
1800	1
1801	1
1802	0.998047
1803	0.998047
1804	0.998047
1805	1
1806	1
1807	0.998047
1808	1
1809	1
1810	1
1811	1
1812	1
1813	0.998047
1814	1
1815	1
1816	1
1817	1
1818	1
1819	0.998047
1820	1
1821	1
1822	1
1823	1
1824	1
1825	1
1826	1
1827	1
1828	1
1829	1
1830	1
1831	1
1832	0.998047
1833	1
1834	1
1835	1
1836	1
1837	0.998047
1838	1
1839	1
1840	1
1841	1
1842	1
1843	1
1844	1
1845	1
1846	1
1847	1
1848	1
1849	1
1850	1
1851	1
1852	1
1853	1
1854	1
1855	1
1856	1
1857	1
1858	0.998047
1859	1
1860	1
1861	1
1862	0.998047
1863	1
1864	1
1865	1
1866	0.998047
1867	0.998047
1868	1
1869	1
1870	1
1871	1
1872	1
1873	1
1874	1
1875	1
1876	1
1877	1
1878	1
1879	1
1880	1
1881	1
1882	1
1883	1
1884	0.998047
1885	1
1886	1
1887	1
1888	1
1889	1
1890	1
1891	1
1892	0.996094
1893	0.998047
1894	0.998047
1895	0.998047
1896	0.998047
1897	0.996094
1898	0.996094
1899	0.998047
1900	1
1901	1
1902	1
1903	1
1904	1
1905	0.994141
1906	0.996094
1907	1
1908	1
1909	0.996094
1910	1
1911	1
1912	1
1913	1
1914	1
1915	1
1916	1
1917	1
1918	1
1919	1
1920	0.998047
1921	1
1922	1
1923	1
1924	1
1925	1
1926	1
1927	1
1928	1
1929	1
1930	1
1931	1
1932	1
1933	1
1934	0.998047
1935	1
1936	1
1937	1
1938	1
1939	1
1940	1
1941	1
1942	1
1943	1
1944	1
1945	1
1946	1
1947	1
1948	1
1949	1
1950	1
1951	0.998047
1952	0.998047
1953	0.998047
1954	0.998047
1955	0.998047
1956	0.998047
1957	0.998047
1958	1
1959	1
1960	1
1961	1
1962	1
1963	1
1964	1
1965	1
1966	1
1967	1
1968	0.996094
1969	0.994141
1970	1
1971	1
1972	1
1973	1
1974	1
1975	1
1976	1
1977	1
1978	1
1979	0.998047
1980	1
1981	1
1982	1
1983	0.998047
1984	1
1985	1
1986	0.998047
1987	0.998047
1988	0.996094
1989	0.998047
1990	0.998047
1991	1
1992	1
1993	1
1994	1
1995	1
1996	1
1997	1
1998	1
1999	1
