0	0.337891
1	0.394531
2	0.443359
3	0.470703
4	0.449219
5	0.486328
6	0.542969
7	0.554688
8	0.558594
9	0.589844
10	0.574219
11	0.621094
12	0.654297
13	0.744141
14	0.755859
15	0.78125
16	0.791016
17	0.771484
18	0.818359
19	0.849609
20	0.835938
21	0.800781
22	0.828125
23	0.833984
24	0.845703
25	0.810547
26	0.802734
27	0.814453
28	0.814453
29	0.816406
30	0.806641
31	0.828125
32	0.84375
33	0.855469
34	0.859375
35	0.886719
36	0.867188
37	0.867188
38	0.886719
39	0.916016
40	0.916016
41	0.925781
42	0.919922
43	0.939453
44	0.914062
45	0.943359
46	0.929688
47	0.925781
48	0.923828
49	0.925781
50	0.925781
51	0.912109
52	0.890625
53	0.900391
54	0.894531
55	0.904297
56	0.890625
57	0.908203
58	0.904297
59	0.890625
60	0.863281
61	0.861328
62	0.853516
63	0.880859
64	0.867188
65	0.880859
66	0.884766
67	0.917969
68	0.912109
69	0.925781
70	0.935547
71	0.957031
72	0.927734
73	0.916016
74	0.914062
75	0.935547
76	0.939453
77	0.912109
78	0.923828
79	0.900391
80	0.900391
81	0.927734
82	0.933594
83	0.939453
84	0.951172
85	0.929688
86	0.947266
87	0.931641
88	0.886719
89	0.908203
90	0.925781
91	0.939453
92	0.923828
93	0.927734
94	0.921875
95	0.904297
96	0.9375
97	0.919922
98	0.931641
99	0.9375
100	0.943359
101	0.949219
102	0.943359
103	0.886719
104	0.871094
105	0.880859
106	0.892578
107	0.902344
108	0.902344
109	0.902344
110	0.914062
111	0.90625
112	0.884766
113	0.884766
114	0.888672
115	0.882812
116	0.882812
117	0.853516
118	0.837891
119	0.835938
120	0.820312
121	0.839844
122	0.886719
123	0.900391
124	0.912109
125	0.917969
126	0.935547
127	0.921875
128	0.929688
129	0.931641
130	0.929688
131	0.933594
132	0.9375
133	0.945312
134	0.945312
135	0.958984
136	0.943359
137	0.912109
138	0.910156
139	0.921875
140	0.941406
141	0.933594
142	0.916016
143	0.908203
144	0.900391
145	0.916016
146	0.878906
147	0.90625
148	0.90625
149	0.921875
150	0.921875
151	0.925781
152	0.9375
153	0.955078
154	0.964844
155	0.941406
156	0.931641
157	0.947266
158	0.949219
159	0.957031
160	0.958984
161	0.935547
162	0.9375
163	0.919922
164	0.90625
165	0.890625
166	0.923828
167	0.935547
168	0.945312
169	0.941406
170	0.931641
171	0.917969
172	0.882812
173	0.908203
174	0.896484
175	0.917969
176	0.929688
177	0.914062
178	0.900391
179	0.923828
180	0.90625
181	0.916016
182	0.904297
183	0.919922
184	0.890625
185	0.896484
186	0.888672
187	0.890625
188	0.884766
189	0.900391
190	0.902344
191	0.914062
192	0.912109
193	0.921875
194	0.919922
195	0.929688
196	0.910156
197	0.927734
198	0.917969
199	0.9375
200	0.927734
201	0.910156
202	0.912109
203	0.916016
204	0.902344
205	0.888672
206	0.876953
207	0.914062
208	0.914062
209	0.917969
210	0.912109
211	0.939453
212	0.921875
213	0.90625
214	0.916016
215	0.939453
216	0.943359
217	0.925781
218	0.919922
219	0.908203
220	0.902344
221	0.923828
222	0.914062
223	0.9375
224	0.921875
225	0.910156
226	0.888672
227	0.871094
228	0.878906
229	0.875
230	0.898438
231	0.904297
232	0.908203
233	0.916016
234	0.919922
235	0.933594
236	0.916016
237	0.919922
238	0.931641
239	0.904297
240	0.884766
241	0.898438
242	0.900391
243	0.902344
244	0.888672
245	0.931641
246	0.933594
247	0.951172
248	0.939453
249	0.9375
250	0.908203
251	0.935547
252	0.943359
253	0.925781
254	0.919922
255	0.925781
256	0.945312
257	0.943359
258	0.933594
259	0.904297
260	0.912109
261	0.880859
262	0.894531
263	0.890625
264	0.894531
265	0.896484
266	0.902344
267	0.908203
268	0.908203
269	0.898438
270	0.900391
271	0.925781
272	0.933594
273	0.916016
274	0.919922
275	0.927734
276	0.953125
277	0.921875
278	0.902344
279	0.890625
280	0.878906
281	0.863281
282	0.84375
283	0.84375
284	0.873047
285	0.875
286	0.863281
287	0.873047
288	0.882812
289	0.888672
290	0.916016
291	0.910156
292	0.919922
293	0.921875
294	0.9375
295	0.949219
296	0.958984
297	0.970703
298	0.945312
299	0.939453
300	0.917969
301	0.890625
302	0.894531
303	0.908203
304	0.886719
305	0.910156
306	0.927734
307	0.914062
308	0.917969
309	0.935547
310	0.919922
311	0.939453
312	0.941406
313	0.931641
314	0.925781
315	0.933594
316	0.941406
317	0.955078
318	0.978516
319	0.962891
320	0.955078
321	0.955078
322	0.941406
323	0.904297
324	0.914062
325	0.917969
326	0.894531
327	0.914062
328	0.917969
329	0.902344
330	0.917969
331	0.927734
332	0.929688
333	0.935547
334	0.933594
335	0.935547
336	0.9375
337	0.90625
338	0.908203
339	0.914062
340	0.908203
341	0.908203
342	0.929688
343	0.945312
344	0.953125
345	0.939453
346	0.919922
347	0.882812
348	0.910156
349	0.886719
350	0.90625
351	0.908203
352	0.880859
353	0.876953
354	0.878906
355	0.882812
356	0.876953
357	0.919922
358	0.886719
359	0.914062
360	0.927734
361	0.927734
362	0.916016
363	0.910156
364	0.896484
365	0.912109
366	0.871094
367	0.865234
368	0.84375
369	0.849609
370	0.849609
371	0.888672
372	0.876953
373	0.882812
374	0.888672
375	0.890625
376	0.894531
377	0.871094
378	0.867188
379	0.857422
380	0.833984
381	0.855469
382	0.855469
383	0.902344
384	0.908203
385	0.912109
386	0.90625
387	0.908203
388	0.914062
389	0.902344
390	0.878906
391	0.896484
392	0.927734
393	0.943359
394	0.908203
395	0.941406
396	0.943359
397	0.917969
398	0.919922
399	0.904297
400	0.894531
401	0.894531
402	0.871094
403	0.900391
404	0.919922
405	0.927734
406	0.921875
407	0.933594
408	0.925781
409	0.929688
410	0.939453
411	0.933594
412	0.939453
413	0.914062
414	0.904297
415	0.898438
416	0.910156
417	0.898438
418	0.917969
419	0.90625
420	0.900391
421	0.912109
422	0.919922
423	0.914062
424	0.929688
425	0.941406
426	0.923828
427	0.947266
428	0.955078
429	0.933594
430	0.9375
431	0.9375
432	0.916016
433	0.925781
434	0.912109
435	0.908203
436	0.908203
437	0.900391
438	0.898438
439	0.927734
440	0.900391
441	0.925781
442	0.917969
443	0.929688
444	0.923828
445	0.919922
446	0.914062
447	0.902344
448	0.910156
449	0.923828
450	0.917969
451	0.916016
452	0.917969
453	0.914062
454	0.921875
455	0.925781
456	0.916016
457	0.894531
458	0.888672
459	0.908203
460	0.896484
461	0.884766
462	0.865234
463	0.876953
464	0.857422
465	0.876953
466	0.894531
467	0.884766
468	0.845703
469	0.857422
470	0.863281
471	0.849609
472	0.847656
473	0.84375
474	0.841797
475	0.853516
476	0.847656
477	0.875
478	0.865234
479	0.892578
480	0.921875
481	0.935547
482	0.949219
483	0.921875
484	0.914062
485	0.939453
486	0.923828
487	0.916016
488	0.921875
489	0.896484
490	0.902344
491	0.927734
492	0.923828
493	0.904297
494	0.902344
495	0.914062
496	0.914062
497	0.917969
498	0.949219
499	0.96875
500	0.955078
501	0.953125
502	0.925781
503	0.917969
504	0.917969
505	0.884766
506	0.886719
507	0.908203
508	0.890625
509	0.917969
510	0.873047
511	0.910156
512	0.921875
513	0.943359
514	0.947266
515	0.929688
516	0.953125
517	0.945312
518	0.921875
519	0.919922
520	0.917969
521	0.892578
522	0.900391
523	0.919922
524	0.908203
525	0.908203
526	0.923828
527	0.914062
528	0.873047
529	0.908203
530	0.878906
531	0.890625
532	0.875
533	0.912109
534	0.884766
535	0.910156
536	0.912109
537	0.886719
538	0.892578
539	0.896484
540	0.876953
541	0.900391
542	0.898438
543	0.9375
544	0.898438
545	0.869141
546	0.890625
547	0.925781
548	0.910156
549	0.902344
550	0.888672
551	0.882812
552	0.847656
553	0.849609
554	0.884766
555	0.865234
556	0.890625
557	0.884766
558	0.888672
559	0.861328
560	0.873047
561	0.898438
562	0.878906
563	0.894531
564	0.917969
565	0.917969
566	0.925781
567	0.939453
568	0.923828
569	0.919922
570	0.933594
571	0.925781
572	0.904297
573	0.917969
574	0.919922
575	0.910156
576	0.921875
577	0.910156
578	0.917969
579	0.935547
580	0.914062
581	0.921875
582	0.910156
583	0.908203
584	0.910156
585	0.919922
586	0.902344
587	0.894531
588	0.880859
589	0.888672
590	0.912109
591	0.90625
592	0.917969
593	0.939453
594	0.933594
595	0.958984
596	0.966797
597	0.957031
598	0.945312
599	0.933594
600	0.939453
601	0.941406
602	0.9375
603	0.927734
604	0.919922
605	0.929688
606	0.927734
607	0.929688
608	0.925781
609	0.916016
610	0.90625
611	0.941406
612	0.951172
613	0.927734
614	0.921875
615	0.919922
616	0.923828
617	0.919922
618	0.90625
619	0.890625
620	0.884766
621	0.882812
622	0.888672
623	0.90625
624	0.912109
625	0.910156
626	0.882812
627	0.896484
628	0.894531
629	0.892578
630	0.876953
631	0.892578
632	0.894531
633	0.890625
634	0.876953
635	0.875
636	0.90625
637	0.914062
638	0.898438
639	0.904297
640	0.892578
641	0.919922
642	0.919922
643	0.917969
644	0.925781
645	0.921875
646	0.910156
647	0.910156
648	0.923828
649	0.908203
650	0.878906
651	0.902344
652	0.910156
653	0.929688
654	0.933594
655	0.9375
656	0.945312
657	0.945312
658	0.923828
659	0.910156
660	0.890625
661	0.896484
662	0.900391
663	0.894531
664	0.888672
665	0.882812
666	0.882812
667	0.929688
668	0.917969
669	0.900391
670	0.894531
671	0.894531
672	0.886719
673	0.923828
674	0.925781
675	0.929688
676	0.917969
677	0.929688
678	0.927734
679	0.916016
680	0.927734
681	0.916016
682	0.931641
683	0.914062
684	0.923828
685	0.935547
686	0.935547
687	0.949219
688	0.951172
689	0.955078
690	0.931641
691	0.941406
692	0.919922
693	0.943359
694	0.927734
695	0.900391
696	0.912109
697	0.912109
698	0.923828
699	0.90625
700	0.931641
701	0.927734
702	0.947266
703	0.949219
704	0.957031
705	0.955078
706	0.933594
707	0.923828
708	0.929688
709	0.917969
710	0.927734
711	0.921875
712	0.894531
713	0.890625
714	0.904297
715	0.908203
716	0.898438
717	0.931641
718	0.916016
719	0.910156
720	0.917969
721	0.925781
722	0.939453
723	0.919922
724	0.904297
725	0.888672
726	0.886719
727	0.876953
728	0.84375
729	0.835938
730	0.839844
731	0.824219
732	0.84375
733	0.847656
734	0.839844
735	0.837891
736	0.857422
737	0.845703
738	0.816406
739	0.839844
740	0.828125
741	0.830078
742	0.849609
743	0.839844
744	0.837891
745	0.830078
746	0.828125
747	0.833984
748	0.84375
749	0.818359
750	0.84375
751	0.855469
752	0.873047
753	0.859375
754	0.855469
755	0.837891
756	0.826172
757	0.806641
758	0.800781
759	0.775391
760	0.779297
761	0.837891
762	0.841797
763	0.861328
764	0.871094
765	0.917969
766	0.900391
767	0.886719
768	0.912109
769	0.919922
770	0.908203
771	0.894531
772	0.90625
773	0.890625
774	0.859375
775	0.865234
776	0.886719
777	0.894531
778	0.910156
779	0.914062
780	0.919922
781	0.9375
782	0.910156
783	0.908203
784	0.919922
785	0.917969
786	0.914062
787	0.910156
788	0.925781
789	0.925781
790	0.929688
791	0.933594
792	0.935547
793	0.933594
794	0.943359
795	0.941406
796	0.939453
797	0.933594
798	0.925781
799	0.916016
800	0.935547
801	0.904297
802	0.902344
803	0.931641
804	0.949219
805	0.953125
806	0.939453
807	0.943359
808	0.929688
809	0.9375
810	0.927734
811	0.923828
812	0.935547
813	0.90625
814	0.910156
815	0.898438
816	0.896484
817	0.896484
818	0.886719
819	0.910156
820	0.916016
821	0.925781
822	0.900391
823	0.919922
824	0.90625
825	0.908203
826	0.929688
827	0.941406
828	0.953125
829	0.933594
830	0.917969
831	0.921875
832	0.90625
833	0.875
834	0.880859
835	0.886719
836	0.867188
837	0.886719
838	0.890625
839	0.884766
840	0.898438
841	0.902344
842	0.876953
843	0.876953
844	0.880859
845	0.900391
846	0.919922
847	0.917969
848	0.912109
849	0.921875
850	0.9375
851	0.941406
852	0.910156
853	0.892578
854	0.880859
855	0.873047
856	0.861328
857	0.884766
858	0.886719
859	0.878906
860	0.898438
861	0.904297
862	0.925781
863	0.925781
864	0.945312
865	0.929688
866	0.951172
867	0.921875
868	0.914062
869	0.917969
870	0.931641
871	0.957031
872	0.943359
873	0.929688
874	0.935547
875	0.953125
876	0.921875
877	0.925781
878	0.931641
879	0.914062
880	0.910156
881	0.902344
882	0.888672
883	0.902344
884	0.898438
885	0.908203
886	0.914062
887	0.933594
888	0.925781
889	0.919922
890	0.917969
891	0.904297
892	0.933594
893	0.914062
894	0.902344
895	0.908203
896	0.894531
897	0.900391
898	0.900391
899	0.886719
900	0.888672
901	0.925781
902	0.947266
903	0.941406
904	0.925781
905	0.916016
906	0.935547
907	0.927734
908	0.927734
909	0.925781
910	0.919922
911	0.925781
912	0.947266
913	0.916016
914	0.919922
915	0.896484
916	0.875
917	0.837891
918	0.847656
919	0.859375
920	0.865234
921	0.873047
922	0.865234
923	0.888672
924	0.912109
925	0.916016
926	0.914062
927	0.888672
928	0.919922
929	0.9375
930	0.929688
931	0.908203
932	0.912109
933	0.925781
934	0.958984
935	0.951172
936	0.947266
937	0.9375
938	0.927734
939	0.947266
940	0.943359
941	0.945312
942	0.939453
943	0.919922
944	0.90625
945	0.919922
946	0.929688
947	0.931641
948	0.935547
949	0.935547
950	0.945312
951	0.921875
952	0.914062
953	0.923828
954	0.951172
955	0.951172
956	0.958984
957	0.947266
958	0.957031
959	0.941406
960	0.939453
961	0.931641
962	0.941406
963	0.949219
964	0.945312
965	0.917969
966	0.9375
967	0.933594
968	0.90625
969	0.919922
970	0.914062
971	0.912109
972	0.910156
973	0.90625
974	0.925781
975	0.925781
976	0.923828
977	0.929688
978	0.90625
979	0.904297
980	0.904297
981	0.910156
982	0.898438
983	0.90625
984	0.898438
985	0.921875
986	0.931641
987	0.910156
988	0.941406
989	0.933594
990	0.939453
991	0.931641
992	0.919922
993	0.947266
994	0.90625
995	0.908203
996	0.917969
997	0.919922
998	0.931641
999	0.927734
1000	0.890625
1001	0.90625
1002	0.898438
1003	0.923828
1004	0.914062
1005	0.917969
1006	0.931641
1007	0.916016
1008	0.916016
1009	0.912109
1010	0.898438
1011	0.900391
1012	0.898438
1013	0.910156
1014	0.921875
1015	0.941406
1016	0.933594
1017	0.921875
1018	0.916016
1019	0.935547
1020	0.953125
1021	0.939453
1022	0.931641
1023	0.945312
1024	0.941406
1025	0.921875
1026	0.90625
1027	0.886719
1028	0.894531
1029	0.90625
1030	0.892578
1031	0.888672
1032	0.884766
1033	0.894531
1034	0.916016
1035	0.912109
1036	0.890625
1037	0.875
1038	0.894531
1039	0.927734
1040	0.910156
1041	0.919922
1042	0.929688
1043	0.931641
1044	0.941406
1045	0.945312
1046	0.943359
1047	0.927734
1048	0.908203
1049	0.916016
1050	0.929688
1051	0.933594
1052	0.949219
1053	0.927734
1054	0.921875
1055	0.908203
1056	0.925781
1057	0.931641
1058	0.919922
1059	0.90625
1060	0.914062
1061	0.914062
1062	0.904297
1063	0.931641
1064	0.912109
1065	0.916016
1066	0.951172
1067	0.939453
1068	0.935547
1069	0.935547
1070	0.945312
1071	0.925781
1072	0.943359
1073	0.951172
1074	0.955078
1075	0.945312
1076	0.953125
1077	0.9375
1078	0.943359
1079	0.941406
1080	0.933594
1081	0.912109
1082	0.902344
1083	0.884766
1084	0.898438
1085	0.908203
1086	0.898438
1087	0.908203
1088	0.892578
1089	0.894531
1090	0.892578
1091	0.888672
1092	0.894531
1093	0.857422
1094	0.845703
1095	0.892578
1096	0.880859
1097	0.875
1098	0.886719
1099	0.878906
1100	0.833984
1101	0.863281
1102	0.880859
1103	0.892578
1104	0.90625
1105	0.914062
1106	0.917969
1107	0.929688
1108	0.916016
1109	0.914062
1110	0.894531
1111	0.882812
1112	0.898438
1113	0.904297
1114	0.900391
1115	0.882812
1116	0.916016
1117	0.904297
1118	0.929688
1119	0.931641
1120	0.947266
1121	0.941406
1122	0.947266
1123	0.933594
1124	0.923828
1125	0.908203
1126	0.917969
1127	0.917969
1128	0.908203
1129	0.933594
1130	0.935547
1131	0.929688
1132	0.90625
1133	0.896484
1134	0.916016
1135	0.904297
1136	0.908203
1137	0.919922
1138	0.917969
1139	0.896484
1140	0.904297
1141	0.888672
1142	0.890625
1143	0.896484
1144	0.912109
1145	0.939453
1146	0.935547
1147	0.941406
1148	0.945312
1149	0.931641
1150	0.945312
1151	0.929688
1152	0.919922
1153	0.912109
1154	0.902344
1155	0.904297
1156	0.914062
1157	0.921875
1158	0.925781
1159	0.929688
1160	0.933594
1161	0.931641
1162	0.896484
1163	0.917969
1164	0.927734
1165	0.921875
1166	0.910156
1167	0.912109
1168	0.880859
1169	0.904297
1170	0.904297
1171	0.912109
1172	0.892578
1173	0.898438
1174	0.90625
1175	0.912109
1176	0.923828
1177	0.933594
1178	0.933594
1179	0.949219
1180	0.953125
1181	0.957031
1182	0.935547
1183	0.912109
1184	0.910156
1185	0.9375
1186	0.939453
1187	0.953125
1188	0.957031
1189	0.951172
1190	0.955078
1191	0.947266
1192	0.9375
1193	0.919922
1194	0.910156
1195	0.935547
1196	0.923828
1197	0.933594
1198	0.923828
1199	0.925781
1200	0.951172
1201	0.941406
1202	0.929688
1203	0.880859
1204	0.892578
1205	0.892578
1206	0.882812
1207	0.912109
1208	0.912109
1209	0.914062
1210	0.878906
1211	0.888672
1212	0.898438
1213	0.929688
1214	0.923828
1215	0.925781
1216	0.923828
1217	0.9375
1218	0.9375
1219	0.935547
1220	0.931641
1221	0.943359
1222	0.927734
1223	0.923828
1224	0.925781
1225	0.949219
1226	0.970703
1227	0.958984
1228	0.949219
1229	0.943359
1230	0.9375
1231	0.917969
1232	0.931641
1233	0.935547
1234	0.931641
1235	0.939453
1236	0.927734
1237	0.917969
1238	0.908203
1239	0.894531
1240	0.914062
1241	0.878906
1242	0.878906
1243	0.876953
1244	0.865234
1245	0.847656
1246	0.873047
1247	0.884766
1248	0.861328
1249	0.912109
1250	0.914062
1251	0.919922
1252	0.90625
1253	0.867188
1254	0.886719
1255	0.888672
1256	0.900391
1257	0.900391
1258	0.90625
1259	0.892578
1260	0.90625
1261	0.910156
1262	0.923828
1263	0.916016
1264	0.902344
1265	0.90625
1266	0.917969
1267	0.9375
1268	0.939453
1269	0.923828
1270	0.935547
1271	0.933594
1272	0.929688
1273	0.9375
1274	0.933594
1275	0.919922
1276	0.935547
1277	0.945312
1278	0.9375
1279	0.943359
1280	0.951172
1281	0.941406
1282	0.9375
1283	0.9375
1284	0.933594
1285	0.925781
1286	0.941406
1287	0.947266
1288	0.958984
1289	0.949219
1290	0.9375
1291	0.931641
1292	0.939453
1293	0.927734
1294	0.908203
1295	0.927734
1296	0.898438
1297	0.916016
1298	0.90625
1299	0.931641
1300	0.910156
1301	0.900391
1302	0.902344
1303	0.902344
1304	0.875
1305	0.894531
1306	0.898438
1307	0.898438
1308	0.929688
1309	0.9375
1310	0.939453
1311	0.949219
1312	0.935547
1313	0.931641
1314	0.923828
1315	0.951172
1316	0.9375
1317	0.943359
1318	0.949219
1319	0.9375
1320	0.931641
1321	0.912109
1322	0.890625
1323	0.910156
1324	0.912109
1325	0.919922
1326	0.923828
1327	0.921875
1328	0.931641
1329	0.933594
1330	0.943359
1331	0.916016
1332	0.916016
1333	0.910156
1334	0.912109
1335	0.933594
1336	0.931641
1337	0.9375
1338	0.927734
1339	0.933594
1340	0.925781
1341	0.912109
1342	0.916016
1343	0.912109
1344	0.917969
1345	0.908203
1346	0.917969
1347	0.9375
1348	0.945312
1349	0.939453
1350	0.912109
1351	0.953125
1352	0.955078
1353	0.949219
1354	0.951172
1355	0.929688
1356	0.921875
1357	0.923828
1358	0.917969
1359	0.880859
1360	0.898438
1361	0.898438
1362	0.904297
1363	0.884766
1364	0.867188
1365	0.892578
1366	0.900391
1367	0.890625
1368	0.900391
1369	0.882812
1370	0.914062
1371	0.919922
1372	0.894531
1373	0.865234
1374	0.902344
1375	0.898438
1376	0.917969
1377	0.880859
1378	0.869141
1379	0.873047
1380	0.882812
1381	0.894531
1382	0.892578
1383	0.884766
1384	0.859375
1385	0.869141
1386	0.882812
1387	0.871094
1388	0.894531
1389	0.900391
1390	0.9375
1391	0.917969
1392	0.910156
1393	0.916016
1394	0.908203
1395	0.908203
1396	0.880859
1397	0.892578
1398	0.916016
1399	0.941406
1400	0.947266
1401	0.923828
1402	0.9375
1403	0.902344
1404	0.894531
1405	0.914062
1406	0.914062
1407	0.921875
1408	0.923828
1409	0.925781
1410	0.916016
1411	0.919922
1412	0.953125
1413	0.951172
1414	0.949219
1415	0.935547
1416	0.921875
1417	0.910156
1418	0.912109
1419	0.927734
1420	0.927734
1421	0.916016
1422	0.925781
1423	0.933594
1424	0.9375
1425	0.921875
1426	0.923828
1427	0.9375
1428	0.947266
1429	0.935547
1430	0.917969
1431	0.916016
1432	0.916016
1433	0.927734
1434	0.929688
1435	0.902344
1436	0.912109
1437	0.892578
1438	0.917969
1439	0.916016
1440	0.904297
1441	0.888672
1442	0.904297
1443	0.884766
1444	0.867188
1445	0.878906
1446	0.871094
1447	0.914062
1448	0.90625
1449	0.923828
1450	0.951172
1451	0.925781
1452	0.947266
1453	0.921875
1454	0.923828
1455	0.917969
1456	0.916016
1457	0.894531
1458	0.892578
1459	0.900391
1460	0.908203
1461	0.912109
1462	0.90625
1463	0.898438
1464	0.884766
1465	0.902344
1466	0.923828
1467	0.929688
1468	0.904297
1469	0.912109
1470	0.917969
1471	0.933594
1472	0.921875
1473	0.912109
1474	0.917969
1475	0.917969
1476	0.896484
1477	0.921875
1478	0.943359
1479	0.931641
1480	0.929688
1481	0.949219
1482	0.949219
1483	0.941406
1484	0.910156
1485	0.921875
1486	0.921875
1487	0.921875
1488	0.921875
1489	0.912109
1490	0.931641
1491	0.935547
1492	0.917969
1493	0.925781
1494	0.916016
1495	0.898438
1496	0.917969
1497	0.916016
1498	0.898438
1499	0.890625
1500	0.919922
1501	0.898438
1502	0.896484
1503	0.880859
1504	0.90625
1505	0.888672
1506	0.90625
1507	0.929688
1508	0.894531
1509	0.890625
1510	0.910156
1511	0.927734
1512	0.910156
1513	0.921875
1514	0.943359
1515	0.914062
1516	0.921875
1517	0.933594
1518	0.929688
1519	0.919922
1520	0.898438
1521	0.931641
1522	0.939453
1523	0.914062
1524	0.925781
1525	0.941406
1526	0.945312
1527	0.949219
1528	0.925781
1529	0.923828
1530	0.927734
1531	0.949219
1532	0.943359
1533	0.933594
1534	0.884766
1535	0.888672
1536	0.869141
1537	0.888672
1538	0.884766
1539	0.898438
1540	0.892578
1541	0.908203
1542	0.910156
1543	0.90625
1544	0.908203
1545	0.886719
1546	0.894531
1547	0.851562
1548	0.863281
1549	0.888672
1550	0.880859
1551	0.919922
1552	0.90625
1553	0.894531
1554	0.90625
1555	0.921875
1556	0.945312
1557	0.908203
1558	0.916016
1559	0.939453
1560	0.943359
1561	0.933594
1562	0.933594
1563	0.941406
1564	0.921875
1565	0.960938
1566	0.951172
1567	0.943359
1568	0.9375
1569	0.925781
1570	0.916016
1571	0.933594
1572	0.925781
1573	0.914062
1574	0.898438
1575	0.898438
1576	0.894531
1577	0.890625
1578	0.892578
1579	0.914062
1580	0.910156
1581	0.917969
1582	0.931641
1583	0.941406
1584	0.916016
1585	0.908203
1586	0.929688
1587	0.929688
1588	0.933594
1589	0.939453
1590	0.949219
1591	0.953125
1592	0.957031
1593	0.935547
1594	0.933594
1595	0.9375
1596	0.9375
1597	0.929688
1598	0.9375
1599	0.945312
1600	0.945312
1601	0.919922
1602	0.908203
1603	0.912109
1604	0.927734
1605	0.953125
1606	0.931641
1607	0.90625
1608	0.927734
1609	0.912109
1610	0.908203
1611	0.939453
1612	0.929688
1613	0.9375
1614	0.939453
1615	0.933594
1616	0.939453
1617	0.912109
1618	0.880859
1619	0.875
1620	0.853516
1621	0.806641
1622	0.849609
1623	0.857422
1624	0.884766
1625	0.875
1626	0.867188
1627	0.865234
1628	0.835938
1629	0.839844
1630	0.855469
1631	0.839844
1632	0.855469
1633	0.84375
1634	0.851562
1635	0.855469
1636	0.865234
1637	0.873047
1638	0.892578
1639	0.917969
1640	0.890625
1641	0.892578
1642	0.876953
1643	0.912109
1644	0.898438
1645	0.898438
1646	0.916016
1647	0.900391
1648	0.912109
1649	0.943359
1650	0.943359
1651	0.951172
1652	0.945312
1653	0.939453
1654	0.923828
1655	0.902344
1656	0.902344
1657	0.884766
1658	0.923828
1659	0.917969
1660	0.914062
1661	0.890625
1662	0.882812
1663	0.888672
1664	0.904297
1665	0.892578
1666	0.894531
1667	0.884766
1668	0.871094
1669	0.892578
1670	0.880859
1671	0.904297
1672	0.923828
1673	0.919922
1674	0.898438
1675	0.892578
1676	0.890625
1677	0.925781
1678	0.912109
1679	0.910156
1680	0.923828
1681	0.917969
1682	0.917969
1683	0.919922
1684	0.941406
1685	0.935547
1686	0.939453
1687	0.923828
1688	0.939453
1689	0.933594
1690	0.947266
1691	0.931641
1692	0.917969
1693	0.927734
1694	0.921875
1695	0.927734
1696	0.925781
1697	0.917969
1698	0.939453
1699	0.931641
1700	0.912109
1701	0.917969
1702	0.919922
1703	0.908203
1704	0.884766
1705	0.919922
1706	0.933594
1707	0.947266
1708	0.949219
1709	0.96875
1710	0.953125
1711	0.957031
1712	0.935547
1713	0.947266
1714	0.9375
1715	0.927734
1716	0.933594
1717	0.947266
1718	0.919922
1719	0.914062
1720	0.910156
1721	0.90625
1722	0.904297
1723	0.923828
1724	0.933594
1725	0.931641
1726	0.939453
1727	0.955078
1728	0.931641
1729	0.919922
1730	0.933594
1731	0.931641
1732	0.925781
1733	0.9375
1734	0.939453
1735	0.933594
1736	0.910156
1737	0.931641
1738	0.9375
1739	0.919922
1740	0.902344
1741	0.908203
1742	0.919922
1743	0.912109
1744	0.894531
1745	0.890625
1746	0.914062
1747	0.902344
1748	0.916016
1749	0.90625
1750	0.90625
1751	0.898438
1752	0.902344
1753	0.888672
1754	0.910156
1755	0.931641
1756	0.927734
1757	0.912109
1758	0.917969
1759	0.90625
1760	0.914062
1761	0.919922
1762	0.921875
1763	0.898438
1764	0.859375
1765	0.876953
1766	0.90625
1767	0.914062
1768	0.925781
1769	0.927734
1770	0.908203
1771	0.898438
1772	0.921875
1773	0.935547
1774	0.953125
1775	0.929688
1776	0.933594
1777	0.931641
1778	0.916016
1779	0.90625
1780	0.917969
1781	0.925781
1782	0.919922
1783	0.929688
1784	0.925781
1785	0.947266
1786	0.921875
1787	0.941406
1788	0.931641
1789	0.919922
1790	0.931641
1791	0.931641
1792	0.935547
1793	0.958984
1794	0.935547
1795	0.90625
1796	0.890625
1797	0.916016
1798	0.931641
1799	0.941406
1800	0.929688
1801	0.935547
1802	0.935547
1803	0.919922
1804	0.902344
1805	0.910156
1806	0.873047
1807	0.888672
1808	0.865234
1809	0.884766
1810	0.888672
1811	0.890625
1812	0.890625
1813	0.84375
1814	0.863281
1815	0.853516
1816	0.849609
1817	0.853516
1818	0.873047
1819	0.875
1820	0.878906
1821	0.890625
1822	0.886719
1823	0.890625
1824	0.892578
1825	0.933594
1826	0.925781
1827	0.935547
1828	0.951172
1829	0.957031
1830	0.941406
1831	0.941406
1832	0.949219
1833	0.941406
1834	0.939453
1835	0.908203
1836	0.919922
1837	0.939453
1838	0.925781
1839	0.917969
1840	0.919922
1841	0.900391
1842	0.886719
1843	0.912109
1844	0.900391
1845	0.880859
1846	0.892578
1847	0.867188
1848	0.878906
1849	0.878906
1850	0.90625
1851	0.916016
1852	0.921875
1853	0.925781
1854	0.943359
1855	0.933594
1856	0.943359
1857	0.960938
1858	0.943359
1859	0.939453
1860	0.9375
1861	0.916016
1862	0.90625
1863	0.910156
1864	0.90625
1865	0.898438
1866	0.873047
1867	0.849609
1868	0.894531
1869	0.886719
1870	0.882812
1871	0.910156
1872	0.931641
1873	0.9375
1874	0.935547
1875	0.933594
1876	0.9375
1877	0.917969
1878	0.894531
1879	0.888672
1880	0.890625
1881	0.890625
1882	0.890625
1883	0.910156
1884	0.898438
1885	0.896484
1886	0.912109
1887	0.898438
1888	0.904297
1889	0.919922
1890	0.912109
1891	0.921875
1892	0.90625
1893	0.884766
1894	0.886719
1895	0.916016
1896	0.917969
1897	0.953125
1898	0.945312
1899	0.943359
1900	0.931641
1901	0.894531
1902	0.894531
1903	0.878906
1904	0.855469
1905	0.867188
1906	0.888672
1907	0.900391
1908	0.947266
1909	0.941406
1910	0.923828
1911	0.953125
1912	0.927734
1913	0.908203
1914	0.925781
1915	0.925781
1916	0.929688
1917	0.902344
1918	0.871094
1919	0.880859
1920	0.851562
1921	0.851562
1922	0.808594
1923	0.832031
1924	0.814453
1925	0.800781
1926	0.832031
1927	0.863281
1928	0.847656
1929	0.851562
1930	0.857422
1931	0.84375
1932	0.857422
1933	0.873047
1934	0.867188
1935	0.847656
1936	0.884766
1937	0.892578
1938	0.867188
1939	0.837891
1940	0.853516
1941	0.84375
1942	0.867188
1943	0.871094
1944	0.900391
1945	0.894531
1946	0.876953
1947	0.890625
1948	0.888672
1949	0.888672
1950	0.900391
1951	0.908203
1952	0.927734
1953	0.935547
1954	0.908203
1955	0.910156
1956	0.935547
1957	0.917969
1958	0.902344
1959	0.912109
1960	0.935547
1961	0.931641
1962	0.931641
1963	0.953125
1964	0.941406
1965	0.941406
1966	0.939453
1967	0.916016
1968	0.9375
1969	0.910156
1970	0.904297
1971	0.914062
1972	0.927734
1973	0.917969
1974	0.914062
1975	0.898438
1976	0.916016
1977	0.927734
1978	0.929688
1979	0.941406
1980	0.929688
1981	0.925781
1982	0.908203
1983	0.916016
1984	0.935547
1985	0.939453
1986	0.949219
1987	0.945312
1988	0.9375
1989	0.947266
1990	0.935547
1991	0.929688
1992	0.929688
1993	0.921875
1994	0.941406
1995	0.935547
1996	0.910156
1997	0.9375
1998	0.933594
1999	0.919922
