0	0.238281
1	0.236328
2	0.226562
3	0.246094
4	0.160156
5	0.123047
6	0.09375
7	0.09375
8	0.101562
9	0.101562
10	0.146484
11	0.105469
12	0.0917969
13	0.046875
14	-0.0371094
15	-0.0566406
16	-0.0390625
17	-0.0488281
18	-0.0390625
19	-0.0410156
20	-0.0566406
21	-0.015625
22	0.0175781
23	0.0566406
24	-0.00195312
25	0.0761719
26	0.140625
27	0.119141
28	0.103516
29	0.119141
30	0.0898438
31	0.179688
32	0.152344
33	0.0976562
34	0.105469
35	0.117188
36	0.177734
37	0.199219
38	0.21875
39	0.185547
40	0.232422
41	0.132812
42	0.0820312
43	0.0859375
44	0.0273438
45	0.0410156
46	0.0253906
47	0.00976562
48	-0.0253906
49	0.0117188
50	-0.0644531
51	-0.0449219
52	-0.0449219
53	-0.0410156
54	-0.0585938
55	-0.0546875
56	-0.0117188
57	0.03125
58	-0.0175781
59	0.00195312
60	0.103516
61	0.0820312
62	0.119141
63	0.171875
64	0.105469
65	0.101562
66	0.00195312
67	-0.0234375
68	-0.0644531
69	-0.0820312
70	-0.00976562
71	0.0136719
72	-0.0351562
73	-0.0117188
74	0.0292969
75	0.0117188
76	-0.046875
77	-0.0449219
78	-0.0136719
79	-0.0136719
80	-0.0410156
81	-0.0449219
82	-0.0703125
83	-0.0429688
84	-0.0625
85	0.0292969
86	-0.0605469
87	-0.142578
88	-0.162109
89	-0.179688
90	-0.128906
91	-0.09375
92	-0.0566406
93	-0.078125
94	-0.166016
95	-0.177734
96	-0.177734
97	-0.150391
98	-0.0996094
99	-0.0898438
100	-0.0878906
101	-0.0078125
102	-0.0195312
103	-0.0429688
104	0.0195312
105	0.0078125
106	0.0136719
107	0.0117188
108	0.0859375
109	0.0976562
110	0.140625
111	0.154297
112	0.167969
113	0.15625
114	0.111328
115	0.0859375
116	0.183594
117	0.136719
118	0.105469
119	0.103516
120	0.0664062
121	0.0195312
122	0.00195312
123	-0.0859375
124	-0.136719
125	-0.125
126	-0.0488281
127	0.0214844
128	-0.0253906
129	-0.105469
130	-0.0390625
131	-0.115234
132	-0.164062
133	-0.136719
134	-0.105469
135	-0.0898438
136	-0.0644531
137	-0.0410156
138	-0.0390625
139	-0.0253906
140	-0.0488281
141	-0.0253906
142	0.0234375
143	0.0332031
144	-0.0195312
145	-0.0644531
146	-0.078125
147	-0.152344
148	-0.126953
149	-0.125
150	-0.162109
151	-0.234375
152	-0.183594
153	-0.15625
154	-0.160156
155	-0.130859
156	-0.0976562
157	-0.0566406
158	-0.0175781
159	0.015625
160	0.046875
161	0.0917969
162	0.0605469
163	0.0214844
164	-0.0117188
165	-0.0390625
166	-0.123047
167	-0.166016
168	-0.214844
169	-0.181641
170	-0.228516
171	-0.210938
172	-0.232422
173	-0.224609
174	-0.205078
175	-0.228516
176	-0.222656
177	-0.203125
178	-0.169922
179	-0.210938
180	-0.152344
181	-0.185547
182	-0.130859
183	-0.125
184	-0.146484
185	-0.0957031
186	-0.0566406
187	-0.109375
188	-0.123047
189	-0.101562
190	-0.123047
191	-0.111328
192	-0.103516
193	-0.09375
194	-0.132812
195	-0.208984
196	-0.238281
197	-0.201172
198	-0.177734
199	-0.169922
200	-0.107422
201	-0.0996094
202	-0.130859
203	-0.115234
204	-0.134766
205	-0.0917969
206	-0.0761719
207	-0.119141
208	-0.132812
209	-0.0722656
210	-0.0839844
211	-0.0839844
212	-0.138672
213	-0.138672
214	-0.0917969
215	-0.111328
216	-0.0332031
217	-0.0527344
218	-0.0351562
219	-0.0429688
220	-0.130859
221	-0.154297
222	-0.150391
223	-0.146484
224	-0.113281
225	-0.128906
226	-0.103516
227	-0.0722656
228	0.00195312
229	-0.0332031
230	0.0195312
231	-0.00390625
232	-0.0253906
233	0.0371094
234	0.015625
235	0.0683594
236	-0.0078125
237	-0.0371094
238	-0.0371094
239	0.0390625
240	0.0917969
241	0.134766
242	0.205078
243	0.226562
244	0.21875
245	0.189453
246	0.189453
247	0.214844
248	0.257812
249	0.267578
250	0.25
251	0.263672
252	0.240234
253	0.271484
254	0.267578
255	0.226562
256	0.132812
257	0.138672
258	0.154297
259	0.150391
260	0.207031
261	0.179688
262	0.113281
263	0.0292969
264	0.0429688
265	0.0917969
266	0.0527344
267	0.0878906
268	0.0898438
269	0.0117188
270	0.0546875
271	0.0214844
272	0.046875
273	0.0878906
274	0.0507812
275	0.0703125
276	0.0527344
277	0.0664062
278	-0.0332031
279	-0.111328
280	-0.078125
281	-0.111328
282	-0.140625
283	-0.208984
284	-0.191406
285	-0.126953
286	-0.154297
287	-0.078125
288	-0.0625
289	-0.0351562
290	-0.0546875
291	-0.0800781
292	-0.0488281
293	0.0253906
294	0.0429688
295	0.0136719
296	0.0429688
297	0.0820312
298	0.109375
299	0.0664062
300	0.0449219
301	0.101562
302	0.0625
303	0.0234375
304	0.0449219
305	0.0429688
306	0.0507812
307	-0.0234375
308	-0.0175781
309	0.0078125
310	-0.0410156
311	-0.0234375
312	-0.046875
313	-0.0292969
314	-0.0449219
315	-0.0683594
316	-0.0664062
317	-0.0507812
318	-0.046875
319	-0.0136719
320	-0.0839844
321	-0.0390625
322	-0.00195312
323	-0.0449219
324	-0.0976562
325	-0.101562
326	-0.123047
327	-0.130859
328	-0.117188
329	-0.0664062
330	-0.03125
331	-0.0136719
332	0.0253906
333	0.0234375
334	0.0078125
335	-0.0507812
336	0.0410156
337	0.0117188
338	0.0488281
339	0.0605469
340	0.0722656
341	0.0546875
342	0.109375
343	0.128906
344	0.103516
345	0.0976562
346	0.0800781
347	0.0722656
348	0.0625
349	0.0585938
350	0.0527344
351	0.0878906
352	0.130859
353	0.0410156
354	0.0273438
355	-0.00390625
356	-0.0527344
357	-0.0683594
358	-0.0214844
359	-0.0351562
360	0.0078125
361	0.046875
362	0.0585938
363	0.09375
364	0.0195312
365	0.0195312
366	0.00195312
367	-0.0214844
368	0.0253906
369	0.0429688
370	0.0722656
371	0.128906
372	0.183594
373	0.1875
374	0.107422
375	0.115234
376	0.0546875
377	0.144531
378	0.121094
379	0.152344
380	0.105469
381	0.0917969
382	0.132812
383	0.0722656
384	0.046875
385	0.015625
386	0.0234375
387	0.0976562
388	0.0351562
389	-0.09375
390	-0.117188
391	-0.113281
392	-0.078125
393	-0.0800781
394	0.0351562
395	0.0605469
396	0.0488281
397	0.00390625
398	0.0507812
399	-0.00585938
400	-0.00195312
401	0.0195312
402	0.078125
403	0.132812
404	0.0761719
405	0.0371094
406	0.0566406
407	0.03125
408	0.0546875
409	0.015625
410	0.00585938
411	-0.0664062
412	-0.0644531
413	-0.0800781
414	-0.109375
415	-0.0820312
416	-0.0996094
417	-0.0957031
418	-0.128906
419	-0.0976562
420	-0.15625
421	-0.107422
422	-0.0996094
423	-0.0878906
424	-0.0605469
425	-0.0292969
426	-0.0703125
427	-0.0292969
428	0.0078125
429	-0.00195312
430	0.046875
431	-0.0566406
432	-0.0332031
433	-0.0996094
434	-0.205078
435	-0.181641
436	-0.160156
437	-0.134766
438	-0.0820312
439	-0.0371094
440	-0.078125
441	-0.150391
442	-0.207031
443	-0.197266
444	-0.158203
445	-0.119141
446	-0.09375
447	-0.0410156
448	-0.0390625
449	-0.0214844
450	-0.0371094
451	-0.0683594
452	-0.0605469
453	-0.00976562
454	-0.0605469
455	-0.0546875
456	-0.0390625
457	0.00390625
458	-0.0605469
459	-0.0800781
460	-0.0703125
461	-0.0371094
462	-0.078125
463	-0.0195312
464	0.0820312
465	0.117188
466	0.166016
467	0.144531
468	0.15625
469	0.0996094
470	0.0585938
471	0.111328
472	0.09375
473	0.103516
474	0.00195312
475	-0.03125
476	0.0234375
477	0.0175781
478	0.0722656
479	0.0546875
480	0.00585938
481	0.0253906
482	0.09375
483	0.09375
484	0.0195312
485	0.0566406
486	0.0410156
487	0.0664062
488	0.107422
489	0.0917969
490	0.173828
491	0.0546875
492	0.0117188
493	0.00390625
494	0.0371094
495	0.0507812
496	0.0390625
497	0.0703125
498	0.00195312
499	-0.146484
500	-0.115234
501	-0.0175781
502	-0.0527344
503	0.00585938
504	-0.0273438
505	-0.0214844
506	-0.0742188
507	-0.09375
508	-0.109375
509	-0.0664062
510	-0.0292969
511	-0.0488281
512	0.00390625
513	-0.0585938
514	-0.0546875
515	-0.0136719
516	-0.00976562
517	0.0371094
518	0.0429688
519	0.0800781
520	0.136719
521	0.164062
522	0.167969
523	0.183594
524	0.173828
525	0.119141
526	0.107422
527	0.078125
528	0.0507812
529	-0.0136719
530	-0.0429688
531	-0.00390625
532	0.046875
533	0.0390625
534	0.0371094
535	0.0683594
536	0.0859375
537	0.111328
538	0.0996094
539	0.160156
540	0.181641
541	0.146484
542	0.189453
543	0.160156
544	0.132812
545	0.0839844
546	0.046875
547	0.0820312
548	0.130859
549	0.119141
550	0.046875
551	0.0722656
552	0.0527344
553	0.0175781
554	0.0839844
555	0.0898438
556	0.0996094
557	0.164062
558	0.134766
559	0.164062
560	0.158203
561	0.126953
562	0.140625
563	0.117188
564	0.136719
565	0.0976562
566	0.126953
567	0.134766
568	0.0683594
569	0.111328
570	0.0859375
571	0.0859375
572	0.0644531
573	0.0898438
574	0.0214844
575	0.0605469
576	0.0332031
577	0.0117188
578	0.0117188
579	0.00195312
580	0.0449219
581	0
582	0.0078125
583	0.0429688
584	0.0253906
585	0.0136719
586	-0.0429688
587	-0.0390625
588	-0.0742188
589	-0.046875
590	0.0234375
591	0.0292969
592	0.0234375
593	0.0292969
594	0.00585938
595	-0.00195312
596	-0.0234375
597	-0.0195312
598	-0.119141
599	-0.0546875
600	-0.0761719
601	0.0234375
602	0.0390625
603	0.123047
604	0.185547
605	0.154297
606	0.15625
607	0.117188
608	0.09375
609	0.0917969
610	0.0859375
611	0.0878906
612	0.0722656
613	0.0859375
614	0.0664062
615	0.0898438
616	0.0175781
617	-0.0214844
618	-0.00390625
619	-0.0722656
620	-0.0761719
621	-0.00976562
622	-0.00976562
623	-0.0859375
624	-0.0996094
625	-0.0664062
626	-0.09375
627	-0.0820312
628	-0.0957031
629	-0.154297
630	-0.0644531
631	-0.0410156
632	-0.0371094
633	-0.046875
634	-0.126953
635	-0.0605469
636	-0.0273438
637	0.00976562
638	0.0390625
639	0
640	0.0507812
641	0.0957031
642	0.0332031
643	-0.0351562
644	-0.0683594
645	-0.0488281
646	-0.107422
647	-0.0234375
648	0
649	-0.0273438
650	-0.0507812
651	-0.0605469
652	-0.107422
653	-0.164062
654	-0.183594
655	-0.162109
656	-0.203125
657	-0.214844
658	-0.240234
659	-0.203125
660	-0.234375
661	-0.189453
662	-0.214844
663	-0.146484
664	-0.152344
665	-0.132812
666	-0.0976562
667	-0.0917969
668	-0.130859
669	-0.046875
670	-0.125
671	-0.0839844
672	-0.119141
673	-0.0585938
674	-0.0292969
675	-0.0703125
676	-0.0722656
677	-0.0722656
678	-0.0625
679	-0.0898438
680	-0.115234
681	-0.136719
682	-0.140625
683	-0.0917969
684	-0.0429688
685	-0.0820312
686	-0.0800781
687	-0.140625
688	-0.0859375
689	-0.105469
690	-0.136719
691	-0.15625
692	-0.132812
693	-0.123047
694	-0.134766
695	-0.0898438
696	-0.105469
697	-0.103516
698	-0.128906
699	-0.142578
700	-0.123047
701	-0.0664062
702	0.0644531
703	0.0488281
704	0.0273438
705	0.0664062
706	0.105469
707	0.0976562
708	0.0371094
709	0.0214844
710	0.113281
711	0.0488281
712	0.0253906
713	0.00976562
714	-0.00195312
715	-0.015625
716	-0.046875
717	-0.0351562
718	-0.03125
719	-0.0527344
720	-0.0390625
721	-0.0390625
722	-0.109375
723	-0.109375
724	-0.130859
725	-0.123047
726	-0.0722656
727	-0.0644531
728	-0.0410156
729	-0.0976562
730	-0.0859375
731	-0.0878906
732	-0.0625
733	-0.0761719
734	-0.0449219
735	-0.0351562
736	-0.0507812
737	-0.0273438
738	0.0351562
739	0.0273438
740	-0.00195312
741	-0.0546875
742	-0.103516
743	-0.078125
744	-0.0449219
745	0.0273438
746	0.0644531
747	0.0449219
748	0.078125
749	0.0761719
750	0.0605469
751	0.0449219
752	0.0605469
753	0.0371094
754	0.0546875
755	0.0878906
756	0.0859375
757	0.128906
758	0.130859
759	0.123047
760	0.251953
761	0.248047
762	0.246094
763	0.248047
764	0.257812
765	0.248047
766	0.255859
767	0.341797
768	0.322266
769	0.238281
770	0.177734
771	0.107422
772	0.105469
773	0.0898438
774	0.136719
775	0.146484
776	0.189453
777	0.203125
778	0.173828
779	0.208984
780	0.267578
781	0.199219
782	0.220703
783	0.271484
784	0.259766
785	0.265625
786	0.207031
787	0.191406
788	0.179688
789	0.123047
790	0.132812
791	0.15625
792	0.117188
793	0.171875
794	0.181641
795	0.222656
796	0.21875
797	0.171875
798	0.134766
799	0.162109
800	0.119141
801	0.115234
802	0.0332031
803	0.0605469
804	0.0878906
805	0.101562
806	0.0722656
807	0.09375
808	0.0703125
809	0.0996094
810	0.0957031
811	0.0625
812	0.0683594
813	0.00390625
814	-0.0234375
815	-0.0644531
816	-0.0957031
817	-0.078125
818	-0.015625
819	-0.0664062
820	0.0410156
821	0.0878906
822	-0.0117188
823	-0.0488281
824	-0.0253906
825	-0.0507812
826	-0.103516
827	-0.0917969
828	-0.119141
829	-0.0605469
830	-0.0585938
831	-0.0722656
832	-0.0507812
833	-0.0449219
834	-0.138672
835	-0.162109
836	-0.126953
837	-0.154297
838	-0.103516
839	-0.162109
840	-0.189453
841	-0.216797
842	-0.216797
843	-0.144531
844	-0.140625
845	-0.160156
846	-0.169922
847	-0.167969
848	-0.115234
849	-0.0800781
850	-0.0664062
851	-0.0507812
852	-0.105469
853	-0.125
854	-0.113281
855	-0.117188
856	-0.0585938
857	-0.113281
858	-0.134766
859	-0.0820312
860	-0.078125
861	-0.0546875
862	-0.0429688
863	-0.0625
864	-0.0742188
865	-0.107422
866	-0.105469
867	-0.0390625
868	-0.0371094
869	-0.0117188
870	0.00195312
871	-0.0566406
872	-0.0273438
873	-0.00585938
874	0.0234375
875	0.0234375
876	-0.00390625
877	0.00585938
878	0.0214844
879	0.0820312
880	0.0996094
881	0.128906
882	0.138672
883	0.193359
884	0.212891
885	0.181641
886	0.199219
887	0.199219
888	0.15625
889	0.169922
890	0.162109
891	0.0957031
892	0.160156
893	0.09375
894	0.15625
895	0.117188
896	0.103516
897	0.132812
898	0.125
899	0.138672
900	0.101562
901	0.123047
902	0.0859375
903	0.0371094
904	-0.0292969
905	-0.0742188
906	-0.134766
907	-0.0996094
908	-0.0605469
909	-0.0429688
910	-0.0917969
911	-0.0605469
912	-0.0839844
913	-0.0664062
914	-0.0996094
915	-0.130859
916	-0.119141
917	-0.0449219
918	-0.0585938
919	-0.0175781
920	0.0898438
921	0.113281
922	0.0273438
923	-0.046875
924	-0.0351562
925	-0.0390625
926	-0.0332031
927	-0.03125
928	0.00390625
929	0.0175781
930	-0.0136719
931	-0.0488281
932	-0.015625
933	-0.0273438
934	-0.0292969
935	-0.0585938
936	-0.142578
937	-0.144531
938	-0.0117188
939	-0.0429688
940	-0.0839844
941	-0.0566406
942	-0.107422
943	-0.0644531
944	-0.175781
945	-0.177734
946	-0.148438
947	-0.158203
948	-0.126953
949	-0.111328
950	-0.150391
951	-0.214844
952	-0.242188
953	-0.201172
954	-0.271484
955	-0.265625
956	-0.228516
957	-0.267578
958	-0.273438
959	-0.246094
960	-0.216797
961	-0.173828
962	-0.197266
963	-0.132812
964	-0.205078
965	-0.253906
966	-0.150391
967	-0.121094
968	-0.136719
969	-0.107422
970	-0.0957031
971	-0.138672
972	-0.0898438
973	-0.0488281
974	-0.00976562
975	-0.00390625
976	0.0078125
977	0.0429688
978	0.0234375
979	0.0488281
980	0.0527344
981	0.0644531
982	0.0078125
983	-0.015625
984	-0.0332031
985	-0.0234375
986	-0.0410156
987	-0.0429688
988	-0.126953
989	-0.0761719
990	-0.00585938
991	-0.0390625
992	-0.0566406
993	-0.0664062
994	-0.0800781
995	-0.0605469
996	-0.0253906
997	-0.0488281
998	-0.0957031
999	-0.150391
1000	-0.115234
1001	-0.181641
1002	-0.25
1003	-0.296875
1004	-0.316406
1005	-0.316406
1006	-0.285156
1007	-0.275391
1008	-0.197266
1009	-0.189453
1010	-0.21875
1011	-0.222656
1012	-0.234375
1013	-0.234375
1014	-0.244141
1015	-0.21875
1016	-0.222656
1017	-0.232422
1018	-0.169922
1019	-0.107422
1020	-0.0703125
1021	-0.03125
1022	0.00195312
1023	0.0390625
1024	0.09375
1025	0.09375
1026	0.0976562
1027	0.119141
1028	0.111328
1029	0.107422
1030	0.173828
1031	0.171875
1032	0.207031
1033	0.0917969
1034	0.0605469
1035	0.0195312
1036	-0.0214844
1037	-0.0332031
1038	0.0410156
1039	0.0722656
1040	-0.00390625
1041	-0.0605469
1042	-0.0214844
1043	0.0839844
1044	0.167969
1045	0.158203
1046	0.134766
1047	0.15625
1048	0.105469
1049	0.136719
1050	0.169922
1051	0.15625
1052	0.148438
1053	0.111328
1054	0.119141
1055	0.0996094
1056	0.142578
1057	0.134766
1058	0.126953
1059	0.0996094
1060	0.09375
1061	0.117188
1062	0.121094
1063	0.0683594
1064	0.109375
1065	0.0234375
1066	0.0800781
1067	0.0664062
1068	0.0429688
1069	0.0644531
1070	0.0546875
1071	0
1072	-0.00585938
1073	0.0410156
1074	0.0683594
1075	0.0839844
1076	0.0878906
1077	0.0195312
1078	0.00585938
1079	-0.0390625
1080	-0.0292969
1081	-0.0996094
1082	-0.0605469
1083	-0.03125
1084	-0.0253906
1085	-0.0625
1086	-0.0527344
1087	-0.0351562
1088	-0.0351562
1089	-0.03125
1090	0.0585938
1091	0.0703125
1092	0.0839844
1093	0.0820312
1094	0.0683594
1095	0.0742188
1096	0.0625
1097	0.0117188
1098	-0.0410156
1099	-0.0136719
1100	-0.0273438
1101	-0.0527344
1102	-0.0683594
1103	-0.0761719
1104	-0.0527344
1105	-0.0527344
1106	-0.0585938
1107	-0.119141
1108	-0.160156
1109	-0.214844
1110	-0.111328
1111	-0.128906
1112	-0.140625
1113	-0.0820312
1114	-0.0527344
1115	-0.0527344
1116	-0.138672
1117	-0.0605469
1118	-0.0683594
1119	-0.0117188
1120	-0.0371094
1121	-0.0859375
1122	-0.0957031
1123	-0.0683594
1124	-0.0390625
1125	-0.0351562
1126	-0.0683594
1127	-0.0449219
1128	-0.0859375
1129	-0.146484
1130	-0.105469
1131	-0.123047
1132	-0.154297
1133	-0.103516
1134	-0.0996094
1135	-0.046875
1136	0.00195312
1137	-0.0332031
1138	-0.00976562
1139	0.0449219
1140	0.101562
1141	0.125
1142	0.132812
1143	0.0644531
1144	0.00976562
1145	0.0410156
1146	0.0859375
1147	0.00195312
1148	0.00585938
1149	-0.00585938
1150	-0.0117188
1151	-0.0605469
1152	-0.113281
1153	-0.171875
1154	-0.166016
1155	-0.183594
1156	-0.175781
1157	-0.191406
1158	-0.0488281
1159	-0.0605469
1160	-0.0527344
1161	-0.078125
1162	-0.0605469
1163	-0.0644531
1164	-0.0449219
1165	-0.0625
1166	0.00390625
1167	-0.0195312
1168	-0.0351562
1169	-0.0527344
1170	-0.0703125
1171	-0.09375
1172	-0.078125
1173	-0.113281
1174	-0.119141
1175	-0.109375
1176	-0.0878906
1177	-0.0429688
1178	0
1179	-0.0585938
1180	-0.0859375
1181	-0.0800781
1182	-0.0605469
1183	-0.0664062
1184	-0.0390625
1185	-0.0507812
1186	0.0429688
1187	0.0507812
1188	-0.0078125
1189	0.046875
1190	-0.00976562
1191	0.0429688
1192	0.0742188
1193	0.0996094
1194	0.117188
1195	0.111328
1196	0.166016
1197	0.115234
1198	0.0859375
1199	0.0859375
1200	0.0859375
1201	0.0292969
1202	0.0273438
1203	-0.0117188
1204	0.03125
1205	0.109375
1206	0.105469
1207	0.115234
1208	0.119141
1209	0.0722656
1210	0.09375
1211	0.191406
1212	0.224609
1213	0.181641
1214	0.144531
1215	0.0800781
1216	0.0332031
1217	0.0917969
1218	0.0859375
1219	0.0859375
1220	0.0507812
1221	0.0390625
1222	0.0078125
1223	-0.0175781
1224	0.0117188
1225	-0.0136719
1226	0.0351562
1227	0.0507812
1228	-0.00585938
1229	0.00976562
1230	0.0859375
1231	0.0839844
1232	0.0664062
1233	0
1234	-0.00390625
1235	-0.0292969
1236	-0.0742188
1237	-0.00976562
1238	0.00585938
1239	0.0292969
1240	-0.0078125
1241	0.0175781
1242	0.0429688
1243	0.00195312
1244	0.0371094
1245	0.0253906
1246	0.0273438
1247	-0.00390625
1248	-0.00390625
1249	0.0664062
1250	0.0683594
1251	0.111328
1252	0.160156
1253	0.119141
1254	0.0683594
1255	0.111328
1256	0.136719
1257	0.158203
1258	0.166016
1259	0.1875
1260	0.236328
1261	0.208984
1262	0.232422
1263	0.201172
1264	0.185547
1265	0.146484
1266	0.154297
1267	0.162109
1268	0.144531
1269	0.134766
1270	0.148438
1271	0.158203
1272	0.0996094
1273	0.101562
1274	0.121094
1275	0.0839844
1276	0.0800781
1277	0.0917969
1278	0
1279	0.0722656
1280	0.105469
1281	0.0820312
1282	0.09375
1283	0.0761719
1284	0.126953
1285	0.123047
1286	0.126953
1287	0.1875
1288	0.101562
1289	0.111328
1290	0.169922
1291	0.0898438
1292	0.0957031
1293	0.078125
1294	0.0488281
1295	0.0390625
1296	-0.0449219
1297	-0.0898438
1298	0.0214844
1299	0.0878906
1300	0.0917969
1301	0.0722656
1302	0.0527344
1303	0.0585938
1304	0.0664062
1305	0.0585938
1306	0.0839844
1307	0.0292969
1308	-0.015625
1309	0.00390625
1310	0.0175781
1311	-0.00390625
1312	-0.0195312
1313	-0.046875
1314	-0.0820312
1315	-0.0507812
1316	-0.0410156
1317	-0.00976562
1318	-0.0214844
1319	-0.0234375
1320	-0.00585938
1321	-0.0234375
1322	0.0078125
1323	0.0292969
1324	0.0449219
1325	0.0742188
1326	0.0996094
1327	0.0429688
1328	0.015625
1329	0.00585938
1330	-0.00195312
1331	0.015625
1332	0.0195312
1333	0.0703125
1334	0.0351562
1335	0.107422
1336	0.203125
1337	0.179688
1338	0.203125
1339	0.164062
1340	0.162109
1341	0.167969
1342	0.0859375
1343	0.107422
1344	0.109375
1345	0.169922
1346	0.169922
1347	0.134766
1348	0.0742188
1349	0.0625
1350	0.150391
1351	0.154297
1352	0.121094
1353	0.0976562
1354	0.181641
1355	0.130859
1356	0.166016
1357	0.195312
1358	0.148438
1359	0.154297
1360	0.125
1361	0.0957031
1362	-0.0117188
1363	-0.0664062
1364	-0.0351562
1365	0.00976562
1366	-0.0175781
1367	0.00585938
1368	0.0117188
1369	0.00390625
1370	0.0546875
1371	0.0859375
1372	0.0234375
1373	0.0390625
1374	0.0351562
1375	0.0722656
1376	0.0859375
1377	0.0546875
1378	0.0410156
1379	0.158203
1380	0.09375
1381	0.0273438
1382	-0.00585938
1383	0.0722656
1384	0.119141
1385	0.0820312
1386	0.0175781
1387	0.0195312
1388	0.0449219
1389	0.015625
1390	0.0332031
1391	0.0566406
1392	0.0078125
1393	-0.0390625
1394	-0.0351562
1395	-0.0117188
1396	-0.0078125
1397	-0.0449219
1398	-0.0292969
1399	-0.0566406
1400	-0.0859375
1401	-0.0585938
1402	-0.103516
1403	-0.0957031
1404	-0.160156
1405	-0.130859
1406	-0.130859
1407	-0.119141
1408	-0.0800781
1409	-0.0683594
1410	-0.0292969
1411	-0.0175781
1412	0.0390625
1413	0.0507812
1414	0.0820312
1415	0.0175781
1416	0.0332031
1417	0.046875
1418	0.0761719
1419	0.0878906
1420	0.0566406
1421	0.0527344
1422	0.0683594
1423	0.0703125
1424	0.160156
1425	0.134766
1426	0.140625
1427	0.15625
1428	0.146484
1429	0.0859375
1430	0.107422
1431	0.0898438
1432	0.105469
1433	0.00390625
1434	-0.03125
1435	-0.0234375
1436	-0.0820312
1437	-0.0527344
1438	-0.0195312
1439	0.015625
1440	-0.0488281
1441	-0.0429688
1442	-0.015625
1443	-0.0527344
1444	-0.046875
1445	0.0390625
1446	0.03125
1447	0.015625
1448	-0.00390625
1449	0.103516
1450	0.119141
1451	0.0996094
1452	0.0859375
1453	0.0761719
1454	0.107422
1455	0.105469
1456	0.181641
1457	0.171875
1458	0.228516
1459	0.183594
1460	0.125
1461	0.0898438
1462	0.123047
1463	0.0898438
1464	0.0742188
1465	0.0742188
1466	0
1467	0.0332031
1468	-0.00390625
1469	0.0175781
1470	0.0507812
1471	0.0273438
1472	0.0234375
1473	0.0253906
1474	0.0664062
1475	0.0214844
1476	0.0371094
1477	0.015625
1478	-0.0175781
1479	-0.0800781
1480	-0.0507812
1481	-0.0449219
1482	-0.103516
1483	-0.0859375
1484	-0.0507812
1485	-0.0957031
1486	-0.111328
1487	-0.0917969
1488	-0.0761719
1489	-0.078125
1490	-0.0820312
1491	-0.0820312
1492	-0.0859375
1493	-0.126953
1494	-0.173828
1495	-0.289062
1496	-0.240234
1497	-0.171875
1498	-0.15625
1499	-0.142578
1500	-0.0625
1501	-0.0429688
1502	-0.0488281
1503	-0.0800781
1504	-0.0195312
1505	-0.0761719
1506	-0.0605469
1507	-0.0449219
1508	-0.101562
1509	-0.0507812
1510	-0.0722656
1511	-0.103516
1512	-0.154297
1513	-0.197266
1514	-0.310547
1515	-0.330078
1516	-0.294922
1517	-0.285156
1518	-0.228516
1519	-0.212891
1520	-0.265625
1521	-0.166016
1522	-0.146484
1523	-0.121094
1524	-0.0683594
1525	-0.0546875
1526	-0.0722656
1527	-0.0507812
1528	-0.0449219
1529	-0.0527344
1530	-0.0722656
1531	-0.0859375
1532	-0.0800781
1533	-0.101562
1534	-0.130859
1535	-0.148438
1536	-0.167969
1537	-0.150391
1538	-0.150391
1539	-0.175781
1540	-0.130859
1541	-0.146484
1542	-0.117188
1543	-0.115234
1544	-0.126953
1545	-0.130859
1546	-0.101562
1547	-0.119141
1548	-0.0996094
1549	-0.0292969
1550	-0.0449219
1551	-0.0859375
1552	-0.0683594
1553	-0.105469
1554	-0.109375
1555	-0.0761719
1556	-0.0507812
1557	0.0117188
1558	0.0214844
1559	0.0273438
1560	-0.0273438
1561	-0.0625
1562	0.0078125
1563	0.0488281
1564	0.0351562
1565	0.121094
1566	0.0429688
1567	0.0566406
1568	0.101562
1569	0.0839844
1570	0.0605469
1571	0.0703125
1572	0.0527344
1573	0.0507812
1574	0.117188
1575	0.117188
1576	0.105469
1577	0.0507812
1578	0.0488281
1579	0.0292969
1580	0.0722656
1581	0.123047
1582	0.125
1583	0.214844
1584	0.183594
1585	0.173828
1586	0.134766
1587	0.0859375
1588	0.101562
1589	0.03125
1590	0.00976562
1591	-0.0351562
1592	-0.0390625
1593	-0.0625
1594	-0.0546875
1595	-0.0585938
1596	-0.115234
1597	-0.109375
1598	-0.046875
1599	-0.183594
1600	-0.154297
1601	-0.0898438
1602	-0.00976562
1603	0.00976562
1604	0.00976562
1605	0.0175781
1606	0.0507812
1607	0
1608	0.0234375
1609	-0.0078125
1610	-0.0429688
1611	-0.154297
1612	-0.160156
1613	-0.142578
1614	-0.169922
1615	-0.15625
1616	-0.162109
1617	-0.166016
1618	-0.195312
1619	-0.189453
1620	-0.179688
1621	-0.169922
1622	-0.115234
1623	-0.138672
1624	-0.103516
1625	-0.0839844
1626	-0.109375
1627	-0.125
1628	-0.179688
1629	-0.21875
1630	-0.173828
1631	-0.138672
1632	-0.130859
1633	-0.136719
1634	-0.166016
1635	-0.234375
1636	-0.228516
1637	-0.210938
1638	-0.167969
1639	-0.171875
1640	-0.101562
1641	-0.0449219
1642	0.0605469
1643	-0.0078125
1644	-0.0273438
1645	-0.0371094
1646	-0.0175781
1647	-0.03125
1648	-0.0761719
1649	-0.0957031
1650	-0.0722656
1651	-0.0351562
1652	-0.0488281
1653	-0.0898438
1654	-0.0585938
1655	-0.0195312
1656	-0.0253906
1657	0.0136719
1658	0.00976562
1659	-0.0546875
1660	-0.0253906
1661	-0.00585938
1662	-0.0800781
1663	-0.105469
1664	-0.130859
1665	-0.136719
1666	-0.0625
1667	-0.0253906
1668	0.00195312
1669	0.00585938
1670	-0.0117188
1671	-0.0898438
1672	-0.0722656
1673	-0.0390625
1674	-0.0234375
1675	-0.0625
1676	-0.134766
1677	-0.0859375
1678	-0.0605469
1679	0
1680	-0.0488281
1681	-0.046875
1682	-0.0449219
1683	-0.0527344
1684	-0.0820312
1685	-0.0136719
1686	0.0195312
1687	0.0214844
1688	0.0253906
1689	0.0429688
1690	0.0332031
1691	0.119141
1692	0.130859
1693	0.1875
1694	0.171875
1695	0.158203
1696	0.167969
1697	0.21875
1698	0.267578
1699	0.208984
1700	0.199219
1701	0.181641
1702	0.175781
1703	0.0820312
1704	0.0546875
1705	0.0507812
1706	0.111328
1707	0.134766
1708	0.15625
1709	0.183594
1710	0.189453
1711	0.152344
1712	0.197266
1713	0.1875
1714	0.0820312
1715	0.0449219
1716	0.0078125
1717	0.0585938
1718	0.0585938
1719	0.0703125
1720	0.0117188
1721	-0.046875
1722	-0.0390625
1723	-0.144531
1724	-0.121094
1725	-0.103516
1726	-0.210938
1727	-0.234375
1728	-0.189453
1729	-0.105469
1730	-0.0703125
1731	-0.148438
1732	-0.160156
1733	-0.214844
1734	-0.226562
1735	-0.193359
1736	-0.134766
1737	-0.132812
1738	-0.119141
1739	-0.0683594
1740	-0.177734
1741	-0.162109
1742	-0.150391
1743	-0.148438
1744	-0.0839844
1745	-0.126953
1746	-0.132812
1747	-0.158203
1748	-0.0839844
1749	-0.09375
1750	-0.140625
1751	-0.111328
1752	-0.105469
1753	-0.105469
1754	-0.00585938
1755	-0.03125
1756	0.0390625
1757	-0.0449219
1758	-0.0390625
1759	-0.0292969
1760	-0.00976562
1761	0.00195312
1762	0.0390625
1763	-0.0273438
1764	0.0175781
1765	0.046875
1766	0.00195312
1767	0.00585938
1768	-0.0820312
1769	-0.0429688
1770	-0.03125
1771	-0.046875
1772	0.0351562
1773	0.0410156
1774	0.0332031
1775	0.0253906
1776	-0.0175781
1777	-0.0234375
1778	-0.00976562
1779	0.0546875
1780	0.0878906
1781	0.0644531
1782	0.0976562
1783	0.132812
1784	0.222656
1785	0.207031
1786	0.212891
1787	0.212891
1788	0.167969
1789	0.212891
1790	0.292969
1791	0.296875
1792	0.294922
1793	0.261719
1794	0.142578
1795	0.138672
1796	0.09375
1797	0.0742188
1798	0.136719
1799	0.125
1800	0.134766
1801	0.138672
1802	0.134766
1803	0.142578
1804	0.115234
1805	0.150391
1806	0.144531
1807	0.115234
1808	0.0820312
1809	0.125
1810	0.132812
1811	0.0742188
1812	0.0078125
1813	0.0175781
1814	-0.0566406
1815	-0.0136719
1816	-0.0136719
1817	0.0292969
1818	0.0742188
1819	0.103516
1820	0.117188
1821	0.0898438
1822	0.142578
1823	0.162109
1824	0.0488281
1825	0.0214844
1826	0
1827	-0.0332031
1828	-0.0195312
1829	-0.0546875
1830	-0.0820312
1831	0.00390625
1832	0.0253906
1833	0.0175781
1834	0.0195312
1835	0.0722656
1836	0.03125
1837	0.0117188
1838	0.0078125
1839	0.00195312
1840	0.0429688
1841	0.0898438
1842	0.15625
1843	0.191406
1844	0.130859
1845	0.132812
1846	0.09375
1847	0.115234
1848	0.121094
1849	0.00585938
1850	0.00976562
1851	-0.0527344
1852	-0.0644531
1853	-0.0664062
1854	-0.123047
1855	-0.109375
1856	-0.0507812
1857	-0.0683594
1858	-0.0742188
1859	-0.128906
1860	-0.0722656
1861	-0.0410156
1862	-0.136719
1863	-0.0761719
1864	-0.0898438
1865	-0.0195312
1866	0.0136719
1867	-0.0253906
1868	-0.0214844
1869	-0.0351562
1870	-0.0742188
1871	-0.078125
1872	-0.0527344
1873	-0.0625
1874	-0.0410156
1875	-0.0585938
1876	-0.103516
1877	-0.0703125
1878	-0.0625
1879	-0.0644531
1880	-0.0917969
1881	-0.0664062
1882	-0.09375
1883	-0.0117188
1884	-0.0429688
1885	0.03125
1886	0.0351562
1887	0.0957031
1888	0.0800781
1889	0.0742188
1890	0.0234375
1891	0.0175781
1892	0
1893	0.0488281
1894	0.0449219
1895	0.00976562
1896	-0.0332031
1897	-0.0214844
1898	-0.0390625
1899	-0.0507812
1900	-0.0390625
1901	-0.0605469
1902	-0.0117188
1903	-0.00585938
1904	0.00585938
1905	0.03125
1906	0.0332031
1907	-0.00195312
1908	0.00585938
1909	-0.00585938
1910	0.0292969
1911	0.0292969
1912	0
1913	0.0234375
1914	-0.046875
1915	-0.00195312
1916	-0.0429688
1917	-0.078125
1918	-0.111328
1919	-0.105469
1920	-0.103516
1921	-0.160156
1922	-0.146484
1923	-0.128906
1924	-0.160156
1925	-0.132812
1926	-0.121094
1927	-0.126953
1928	-0.117188
1929	-0.0898438
1930	-0.0800781
1931	-0.0449219
1932	-0.0449219
1933	-0.113281
1934	-0.183594
1935	-0.15625
1936	-0.142578
1937	-0.0546875
1938	-0.0488281
1939	-0.0410156
1940	-0.0644531
1941	-0.0546875
1942	-0.0742188
1943	-0.0527344
1944	-0.0820312
1945	-0.0996094
1946	-0.0800781
1947	-0.115234
1948	-0.0429688
1949	-0.0214844
1950	0.0429688
1951	0.0292969
1952	-0.0175781
1953	-0.09375
1954	-0.0546875
1955	-0.00195312
1956	-0.0253906
1957	-0.0273438
1958	-0.0820312
1959	-0.125
1960	-0.126953
1961	-0.146484
1962	-0.121094
1963	-0.0839844
1964	-0.09375
1965	-0.0117188
1966	-0.00585938
1967	-0.00390625
1968	-0.0136719
1969	-0.0273438
1970	0
1971	-0.046875
1972	-0.03125
1973	-0.0429688
1974	-0.0761719
1975	-0.0488281
1976	-0.0859375
1977	0.0234375
1978	0.00976562
1979	0
1980	0.0136719
1981	0.0136719
1982	0.0898438
1983	0.0546875
1984	0.0644531
1985	0.0898438
1986	0.0820312
1987	0.0566406
1988	0.0214844
1989	-0.015625
1990	-0.00195312
1991	-0.00976562
1992	-0.0566406
1993	-0.0410156
1994	-0.0683594
1995	-0.0898438
1996	-0.109375
1997	-0.130859
1998	-0.160156
1999	-0.140625
