0	0.15625
1	0.140625
2	0.132812
3	0.195312
4	0.128906
5	0.103516
6	0.183594
7	0.121094
8	0.0429688
9	0.00976562
10	0.0429688
11	0.0546875
12	0.00390625
13	0.0175781
14	-0.0195312
15	0.0429688
16	0.0507812
17	0.00390625
18	0.0410156
19	0.0488281
20	0.046875
21	-0.0507812
22	0.046875
23	-0.0351562
24	-0.0136719
25	-0.0292969
26	-0.0273438
27	0.0625
28	0.171875
29	0.191406
30	0.078125
31	0.015625
32	0.0332031
33	0.0507812
34	0.0996094
35	0.123047
36	0.117188
37	0.0820312
38	0.146484
39	0.142578
40	0.171875
41	0.0878906
42	0.0332031
43	0.015625
44	0.0371094
45	0.00976562
46	0.0078125
47	0.00976562
48	-0.0234375
49	-0.0507812
50	-0.0644531
51	0.00390625
52	0.0078125
53	0.0410156
54	0.09375
55	0.115234
56	0.107422
57	0.0546875
58	0.0742188
59	0.0390625
60	0.0175781
61	-0.0585938
62	-0.0527344
63	0.0175781
64	0.0214844
65	0.0390625
66	-0.0175781
67	-0.0449219
68	0.0234375
69	0.0371094
70	-0.0332031
71	0.00976562
72	-0.0292969
73	-0.109375
74	-0.103516
75	-0.128906
76	-0.0371094
77	-0.101562
78	-0.119141
79	-0.0605469
80	-0.121094
81	-0.0859375
82	-0.132812
83	-0.111328
84	-0.0976562
85	-0.148438
86	-0.09375
87	-0.0898438
88	-0.0292969
89	0.0546875
90	0.0253906
91	0.0742188
92	0.0078125
93	0.00585938
94	0.015625
95	0.046875
96	0.0351562
97	0.0859375
98	0.0839844
99	0.0800781
100	0.0449219
101	0.113281
102	0.0761719
103	-0.0273438
104	-0.0585938
105	-0.00390625
106	0.00390625
107	-0.0371094
108	-0.0507812
109	-0.0351562
110	0.00390625
111	-0.00195312
112	0.0273438
113	0.0429688
114	-0.0253906
115	-0.0722656
116	-0.0898438
117	-0.0839844
118	-0.0976562
119	0.0078125
120	-0.0253906
121	0.103516
122	0.0507812
123	0.078125
124	0.00976562
125	-0.0332031
126	-0.0390625
127	-0.00976562
128	-0.0078125
129	0.0214844
130	0.0703125
131	0.0351562
132	0.0214844
133	0.0722656
134	-0.0234375
135	-0.0351562
136	-0.0214844
137	-0.0546875
138	-0.0625
139	-0.0644531
140	-0.0253906
141	-0.0429688
142	-0.078125
143	-0.0742188
144	-0.0605469
145	0.0175781
146	0.0546875
147	0.0078125
148	0.0332031
149	0.0957031
150	0.0546875
151	0.0410156
152	0.0195312
153	0.0546875
154	0.113281
155	0.0742188
156	0.0664062
157	0.0332031
158	0.0527344
159	0.0722656
160	0.103516
161	0.0644531
162	0.0078125
163	0.0878906
164	0.126953
165	0.0253906
166	0.0898438
167	0.203125
168	0.212891
169	0.132812
170	0.158203
171	0.103516
172	0.0507812
173	0.0839844
174	0.140625
175	0.103516
176	0.0996094
177	0.0371094
178	0.0351562
179	0.0390625
180	0.0820312
181	0.0800781
182	0.103516
183	0.144531
184	0.138672
185	0.0351562
186	0.0722656
187	0.0683594
188	0.0957031
189	0.103516
190	0.09375
191	0.121094
192	0.162109
193	0.201172
194	0.160156
195	0.142578
196	0.144531
197	0.171875
198	0.146484
199	0.0683594
200	0.0722656
201	0.0371094
202	0.0429688
203	0.0722656
204	0.078125
205	-0.0390625
206	-0.0800781
207	-0.0351562
208	0.0410156
209	0.03125
210	0.103516
211	0.0761719
212	0.0625
213	0.0390625
214	0.0527344
215	0.0332031
216	0.0371094
217	0.0820312
218	0.0507812
219	0.0585938
220	0.134766
221	0.0957031
222	0.0605469
223	-0.00976562
224	0.0625
225	0.113281
226	0.0527344
227	0.078125
228	-0.0078125
229	0.0566406
230	-0.00976562
231	0.00585938
232	-0.0527344
233	-0.0527344
234	-0.0527344
235	-0.0566406
236	-0.0527344
237	0.0117188
238	-0.0625
239	-0.0292969
240	0.0117188
241	0.0332031
242	0.00585938
243	0.0234375
244	0.0449219
245	-0.00195312
246	0.00390625
247	0.0234375
248	0.0566406
249	-0.0117188
250	0.0253906
251	-0.0605469
252	0.0253906
253	0.03125
254	0.132812
255	0.0839844
256	0.0410156
257	0.130859
258	0.0957031
259	0.144531
260	0.126953
261	0.0644531
262	0.0507812
263	-0.00390625
264	0.0136719
265	0.0449219
266	0.0351562
267	0.015625
268	0
269	-0.0214844
270	0.0527344
271	0.0332031
272	-0.0488281
273	-0.0292969
274	0.03125
275	0.078125
276	0.0761719
277	0.0351562
278	0.0117188
279	0.0449219
280	0.0117188
281	0.03125
282	0.00195312
283	-0.0488281
284	-0.09375
285	-0.105469
286	0.015625
287	-0.0175781
288	0.0136719
289	0.00585938
290	0.0253906
291	-0.0117188
292	-0.0078125
293	0.101562
294	0.105469
295	0.0917969
296	0.0859375
297	0.0429688
298	0.115234
299	0.0800781
300	-0.0351562
301	-0.0273438
302	0.0390625
303	0.0605469
304	0.0761719
305	0.0800781
306	0.0859375
307	0.160156
308	0.154297
309	0.115234
310	0.115234
311	0.0957031
312	0.0253906
313	0.0175781
314	-0.0839844
315	-0.0410156
316	-0.0878906
317	-0.0429688
318	-0.0429688
319	-0.0410156
320	-0.0410156
321	-0.0703125
322	-0.0703125
323	0.0175781
324	0.0078125
325	-0.00976562
326	-0.0195312
327	0.0273438
328	0.0878906
329	0.0273438
330	-0.0195312
331	0.00976562
332	0.0488281
333	0.0683594
334	0.103516
335	0.0605469
336	0.107422
337	0.0761719
338	0.0957031
339	0.0175781
340	-0.0605469
341	-0.0625
342	-0.0214844
343	-0.03125
344	-0.0410156
345	-0.078125
346	-0.101562
347	-0.0527344
348	0.0390625
349	0.015625
350	0.0566406
351	0.0976562
352	0.0859375
353	0.0957031
354	0.0390625
355	0.0136719
356	0.046875
357	0.0683594
358	0.0078125
359	0.00195312
360	-0.0449219
361	0.0351562
362	0.0292969
363	-0.015625
364	0.0234375
365	0.144531
366	0.0976562
367	0.103516
368	0.0976562
369	0.144531
370	0.0878906
371	0.0664062
372	0.0078125
373	-0.0292969
374	-0.0957031
375	-0.0527344
376	-0.0390625
377	-0.0332031
378	-0.0527344
379	-0.0488281
380	-0.00585938
381	0.0136719
382	-0.0078125
383	-0.0136719
384	-0.0136719
385	-0.03125
386	-0.0605469
387	-0.0507812
388	-0.00390625
389	0.0253906
390	0.0292969
391	0.0136719
392	-0.0253906
393	0.0566406
394	0.0507812
395	0.0625
396	0.0273438
397	0.0234375
398	-0.0175781
399	0.0449219
400	0.101562
401	0.132812
402	0.0878906
403	0.107422
404	0.105469
405	0.166016
406	0.126953
407	0.119141
408	0.0976562
409	0.0292969
410	-0.00976562
411	-0.121094
412	-0.101562
413	-0.134766
414	-0.0234375
415	0.0546875
416	0.125
417	0.107422
418	0.0742188
419	0.0761719
420	0.134766
421	0.160156
422	0.113281
423	0.0683594
424	0.119141
425	0.0644531
426	-0.0234375
427	0.0332031
428	-0.0136719
429	0.0078125
430	-0.0644531
431	-0.0449219
432	-0.0820312
433	-0.0859375
434	-0.0273438
435	-0.00976562
436	0.00976562
437	-0.0234375
438	-0.0136719
439	0.00585938
440	-0.078125
441	-0.078125
442	-0.0507812
443	0.0117188
444	-0.0410156
445	-0.0214844
446	-0.0742188
447	-0.00195312
448	0.0253906
449	-0.0703125
450	-0.117188
451	-0.0898438
452	-0.0644531
453	-0.105469
454	-0.0683594
455	-0.126953
456	-0.0429688
457	-0.0703125
458	0.0429688
459	-0.0390625
460	-0.0722656
461	-0.0449219
462	0.0214844
463	-0.103516
464	-0.0722656
465	-0.115234
466	-0.0527344
467	-0.00195312
468	0.00976562
469	0.0351562
470	-0.0371094
471	-0.0371094
472	-0.0195312
473	0.00390625
474	-0.078125
475	-0.0703125
476	-0.015625
477	-0.0078125
478	0.0605469
479	0.0703125
480	0.0175781
481	0.0273438
482	0.015625
483	0.00390625
484	-0.00585938
485	-0.0136719
486	-0.0429688
487	-0.0527344
488	0.0351562
489	-0.0332031
490	-0.0839844
491	-0.0273438
492	-0.0371094
493	-0.0253906
494	0.046875
495	-0.0292969
496	-0.00195312
497	-0.0136719
498	-0.0332031
499	0.0488281
500	0.03125
501	0.0195312
502	0.0507812
503	0.0507812
504	0.0292969
505	0.0546875
506	0.0214844
507	0.0507812
508	0.0644531
509	0.107422
510	0.0996094
511	0.0585938
512	-0.0273438
513	-0.0234375
514	-0.0390625
515	-0.0683594
516	-0.0664062
517	-0.107422
518	-0.0566406
519	-0.00585938
520	-0.00390625
521	-0.0273438
522	0.0175781
523	-0.0195312
524	-0.0292969
525	-0.0175781
526	-0.0292969
527	-0.0722656
528	-0.0175781
529	0.015625
530	0.0253906
531	0.015625
532	0.0917969
533	0.103516
534	0.0351562
535	0.0371094
536	0.0585938
537	0.0234375
538	0.00195312
539	0.0351562
540	0
541	-0.0117188
542	-0.00390625
543	-0.0214844
544	0.0195312
545	0.0117188
546	0.0546875
547	0.103516
548	0.015625
549	0.0703125
550	0.0839844
551	0.0195312
552	0.00195312
553	0.0390625
554	0.0585938
555	0.015625
556	0.00195312
557	0.00195312
558	0.00390625
559	-0.0546875
560	-0.00195312
561	-0.0136719
562	-0.0546875
563	-0.0332031
564	0.0214844
565	0.121094
566	0.078125
567	0.0625
568	0.0449219
569	-0.0253906
570	-0.00390625
571	-0.0253906
572	-0.09375
573	-0.0859375
574	0.0253906
575	0.0742188
576	0.0859375
577	0.0527344
578	0.0175781
579	-0.0371094
580	0.0332031
581	0.046875
582	0.0625
583	0.0175781
584	0.0644531
585	0.0292969
586	0.0839844
587	0.0390625
588	0.0859375
589	0.046875
590	-0.0253906
591	0.00976562
592	-0.0371094
593	0.00976562
594	0.0136719
595	-0.0507812
596	-0.0625
597	-0.0253906
598	-0.00976562
599	-0.00390625
600	0.0371094
601	-0.0332031
602	-0.0214844
603	-0.0253906
604	-0.0390625
605	0.00195312
606	-0.00976562
607	-0.00390625
608	0.0234375
609	0.00585938
610	-0.00195312
611	-0.0292969
612	0.015625
613	-0.015625
614	-0.0292969
615	-0.0195312
616	0.0410156
617	0.0332031
618	0.0800781
619	0.0898438
620	-0.0136719
621	-0.0117188
622	-0.0839844
623	-0.0625
624	-0.00976562
625	-0.0488281
626	-0.0625
627	0.00195312
628	0.00390625
629	0.0078125
630	-0.0332031
631	-0.0625
632	-0.0625
633	-0.0683594
634	-0.0273438
635	0
636	0.0253906
637	-0.0429688
638	-0.046875
639	-0.0722656
640	-0.0800781
641	-0.0371094
642	0.00976562
643	-0.0078125
644	-0.00195312
645	-0.0292969
646	0.00195312
647	0.0410156
648	0
649	-0.0332031
650	-0.0585938
651	-0.0761719
652	-0.015625
653	-0.0273438
654	-0.0117188
655	0.0625
656	0.0546875
657	0.00976562
658	-0.0351562
659	-0.0507812
660	-0.0683594
661	-0.0175781
662	0.0117188
663	0.0292969
664	0.0664062
665	0.0585938
666	0.00976562
667	-0.0078125
668	-0.0410156
669	-0.0117188
670	-0.0625
671	-0.0820312
672	-0.169922
673	-0.1875
674	-0.21875
675	-0.140625
676	-0.0917969
677	-0.0859375
678	0.0117188
679	-0.0234375
680	-0.0292969
681	-0.0742188
682	-0.00976562
683	0
684	0.00195312
685	-0.0117188
686	0.00976562
687	-0.03125
688	-0.113281
689	-0.105469
690	0.0117188
691	0.00390625
692	0.015625
693	0.00585938
694	0.0234375
695	0.0371094
696	0.0761719
697	0.0527344
698	0.0683594
699	0.113281
700	0.0957031
701	0.0957031
702	0.0917969
703	0.148438
704	0.0683594
705	-0.0117188
706	-0.0566406
707	-0.0410156
708	-0.0664062
709	-0.0800781
710	-0.078125
711	-0.0722656
712	-0.015625
713	0.0078125
714	0.0644531
715	0.109375
716	0.111328
717	0.103516
718	0.0820312
719	0.0351562
720	0.0527344
721	0
722	0.0234375
723	0.0625
724	0.0214844
725	0.0214844
726	0.0488281
727	-0.0136719
728	-0.03125
729	-0.0117188
730	-0.0410156
731	-0.0878906
732	-0.0722656
733	0.0136719
734	0.0351562
735	0.0429688
736	0.0410156
737	0.0175781
738	-0.0585938
739	-0.0625
740	-0.0253906
741	-0.0664062
742	-0.0546875
743	-0.00976562
744	0.0292969
745	0.0292969
746	0.0703125
747	0.0351562
748	0.0742188
749	0.00390625
750	0.144531
751	0.0742188
752	0.0898438
753	0.078125
754	0.015625
755	0.0253906
756	-0.0429688
757	-0.0820312
758	-0.0117188
759	-0.03125
760	-0.0371094
761	-0.0234375
762	-0.0957031
763	-0.0683594
764	-0.0644531
765	-0.0449219
766	-0.0078125
767	0.0703125
768	0.0332031
769	-0.0527344
770	0.0292969
771	-0.0175781
772	-0.0175781
773	-0.0683594
774	-0.0742188
775	0.0371094
776	0.0390625
777	0.0371094
778	0.0507812
779	-0.00195312
780	0.00976562
781	0.109375
782	-0.0078125
783	-0.0605469
784	-0.0761719
785	-0.0214844
786	0.0253906
787	-0.0273438
788	0.0078125
789	-0.0253906
790	0.0234375
791	0.0390625
792	0.0410156
793	0.00976562
794	0.0371094
795	0.0976562
796	0.0820312
797	0.0449219
798	-0.0332031
799	-0.0507812
800	-0.0605469
801	0.0253906
802	0.0722656
803	0.0292969
804	-0.00390625
805	0
806	0.160156
807	0.148438
808	0.0839844
809	0.0957031
810	0.0722656
811	0.0546875
812	0.0859375
813	0.0371094
814	-0.0371094
815	0.00390625
816	-0.0136719
817	-0.0332031
818	0.0273438
819	-0.03125
820	-0.0136719
821	-0.0585938
822	-0.0234375
823	-0.0449219
824	0.0214844
825	-0.0273438
826	0.0117188
827	-0.00390625
828	-0.0078125
829	0.0351562
830	0.0390625
831	0.0292969
832	-0.00976562
833	0.0078125
834	0.0703125
835	0.0234375
836	0.0351562
837	0.0488281
838	0.0351562
839	0.00390625
840	0.03125
841	0.046875
842	0.0566406
843	0.0488281
844	0.00195312
845	0.0585938
846	0.101562
847	0.0585938
848	0.0722656
849	0.0351562
850	-0.0605469
851	-0.128906
852	-0.103516
853	-0.0410156
854	0.0351562
855	0.0625
856	0.0800781
857	0.00585938
858	0.0800781
859	0.0273438
860	-0.0117188
861	0.0078125
862	-0.0449219
863	0.00585938
864	-0.00390625
865	0.0390625
866	0
867	0.00585938
868	0.0195312
869	0.0625
870	0.0449219
871	-0.00390625
872	-0.0839844
873	-0.146484
874	-0.121094
875	-0.0410156
876	0.00195312
877	-0.0253906
878	-0.0371094
879	-0.0488281
880	-0.0292969
881	-0.0820312
882	-0.0390625
883	0.00585938
884	0.0292969
885	0.0664062
886	0.0234375
887	0.0703125
888	0.101562
889	0.0351562
890	0.0683594
891	0.0117188
892	0.0703125
893	0.0859375
894	0.0742188
895	0.00976562
896	-0.0234375
897	-0.0175781
898	0.0625
899	-0.0078125
900	-0.0351562
901	-0.0214844
902	-0.00585938
903	-0.0488281
904	0.0292969
905	-0.00585938
906	0.00390625
907	-0.0507812
908	0.00390625
909	0.00390625
910	-0.0273438
911	-0.0078125
912	-0.0234375
913	-0.0214844
914	-0.0078125
915	-0.0195312
916	-0.0078125
917	0.0175781
918	-0.0292969
919	-0.0332031
920	-0.0195312
921	0.0273438
922	0.0683594
923	0.078125
924	0.101562
925	0.0527344
926	-0.00585938
927	0.0839844
928	0.00585938
929	0.0585938
930	0.0351562
931	0.00585938
932	0.00585938
933	-0.0742188
934	0
935	-0.0078125
936	-0.046875
937	-0.0488281
938	-0.0996094
939	-0.0742188
940	-0.0136719
941	0.0527344
942	0.0253906
943	0.107422
944	0.0449219
945	0.0429688
946	-0.0742188
947	-0.0566406
948	-0.00585938
949	-0.0351562
950	-0.0566406
951	-0.0507812
952	-0.0761719
953	0.015625
954	0.0117188
955	0.0117188
956	0.0136719
957	0.015625
958	0.00195312
959	-0.0546875
960	0.00585938
961	-0.0332031
962	-0.078125
963	-0.0273438
964	0.0195312
965	0.0390625
966	0.00976562
967	-0.0253906
968	0.00976562
969	-0.078125
970	-0.0195312
971	0.00585938
972	0.0175781
973	-0.00195312
974	0.0703125
975	0.00195312
976	0.0390625
977	0.0546875
978	0.00585938
979	0.015625
980	0.00976562
981	0.0566406
982	0.0957031
983	0.130859
984	0.03125
985	0.078125
986	0.0410156
987	0.0429688
988	0.0078125
989	-0.046875
990	-0.03125
991	-0.0214844
992	-0.0117188
993	-0.0332031
994	-0.0371094
995	-0.0429688
996	0.00390625
997	-0.0117188
998	0.0136719
999	-0.0117188
1000	-0.121094
1001	-0.0722656
1002	-0.0488281
1003	-0.0546875
1004	-0.0195312
1005	-0.0488281
1006	-0.0507812
1007	-0.0664062
1008	-0.0722656
1009	0.0175781
1010	-0.0351562
1011	-0.0117188
1012	-0.0507812
1013	-0.0820312
1014	-0.0761719
1015	-0.0917969
1016	-0.109375
1017	-0.121094
1018	-0.105469
1019	-0.175781
1020	-0.125
1021	-0.121094
1022	-0.0273438
1023	-0.0292969
1024	-0.0429688
1025	0.0253906
1026	0.0214844
1027	0.0585938
1028	-0.046875
1029	-0.0136719
1030	-0.0429688
1031	-0.0683594
1032	0
1033	0.0273438
1034	0.0351562
1035	0.0136719
1036	-0.03125
1037	0.00585938
1038	0.0078125
1039	0.0117188
1040	-0.0371094
1041	-0.0644531
1042	-0.0644531
1043	-0.0546875
1044	-0.0117188
1045	0.078125
1046	0.113281
1047	0.0214844
1048	-0.00195312
1049	0.0644531
1050	0.015625
1051	-0.0390625
1052	-0.0195312
1053	-0.0175781
1054	-0.0585938
1055	-0.0703125
1056	-0.0722656
1057	-0.0410156
1058	-0.0664062
1059	-0.0429688
1060	-0.0703125
1061	-0.0292969
1062	-0.0449219
1063	-0.0371094
1064	-0.0566406
1065	-0.0078125
1066	-0.00195312
1067	0.00585938
1068	0.00976562
1069	0.00195312
1070	-0.03125
1071	-0.0292969
1072	-0.09375
1073	-0.0175781
1074	-0.0800781
1075	-0.0371094
1076	-0.0234375
1077	0.0175781
1078	0.00585938
1079	0.0585938
1080	0.00390625
1081	0.0253906
1082	0.00585938
1083	-0.0078125
1084	-0.0410156
1085	-0.0429688
1086	-0.0917969
1087	-0.0761719
1088	-0.0371094
1089	0.0605469
1090	0.0273438
1091	-0.0351562
1092	0.0410156
1093	-0.00390625
1094	-0.0800781
1095	-0.03125
1096	0.0390625
1097	-0.0234375
1098	-0.0878906
1099	-0.078125
1100	-0.0839844
1101	-0.0410156
1102	-0.0371094
1103	-0.0175781
1104	0.0078125
1105	0
1106	-0.0078125
1107	-0.0195312
1108	0.00195312
1109	0.0136719
1110	0.0429688
1111	-0.0175781
1112	-0.00976562
1113	-0.0117188
1114	0.0898438
1115	0.00195312
1116	-0.0742188
1117	-0.0390625
1118	0.00195312
1119	-0.0332031
1120	-0.0585938
1121	-0.0410156
1122	-0.0742188
1123	-0.0703125
1124	-0.0273438
1125	-0.0488281
1126	0.00390625
1127	-0.0273438
1128	-0.0175781
1129	-0.119141
1130	-0.0195312
1131	0.015625
1132	0.0332031
1133	0.0566406
1134	-0.0351562
1135	-0.0117188
1136	-0.0527344
1137	0.0292969
1138	-0.0664062
1139	-0.03125
1140	-0.167969
1141	-0.191406
1142	-0.0976562
1143	-0.00976562
1144	-0.0214844
1145	-0.0253906
1146	-0.046875
1147	-0.0566406
1148	-0.0585938
1149	-0.0273438
1150	-0.0078125
1151	-0.0214844
1152	0.00195312
1153	0
1154	-0.0117188
1155	-0.00195312
1156	-0.0332031
1157	-0.123047
1158	-0.0996094
1159	-0.105469
1160	-0.117188
1161	0.0253906
1162	-0.00390625
1163	0.00585938
1164	0.0644531
1165	0.111328
1166	0.0527344
1167	0.0078125
1168	0.0546875
1169	0.0351562
1170	-0.0488281
1171	-0.0117188
1172	-0.0390625
1173	-0.0390625
1174	-0.0234375
1175	0.0546875
1176	-0.0136719
1177	0.0625
1178	-0.0253906
1179	-0.00976562
1180	0.0175781
1181	-0.0117188
1182	-0.0449219
1183	-0.0664062
1184	-0.0390625
1185	-0.0839844
1186	-0.136719
1187	-0.0703125
1188	-0.117188
1189	-0.0761719
1190	-0.0253906
1191	0.0292969
1192	0.0410156
1193	-0.00585938
1194	-0.00390625
1195	-0.109375
1196	-0.0996094
1197	-0.03125
1198	-0.0546875
1199	-0.0683594
1200	-0.0234375
1201	0.0546875
1202	0.09375
1203	0.0683594
1204	0.125
1205	0.109375
1206	0.101562
1207	0.125
1208	0.105469
1209	0.107422
1210	0.164062
1211	0.0839844
1212	0.103516
1213	0.125
1214	0.0859375
1215	0.00390625
1216	-0.0175781
1217	-0.0234375
1218	-0.00585938
1219	0.101562
1220	0.0742188
1221	0.0253906
1222	0.0664062
1223	0.0234375
1224	0.0488281
1225	0.0703125
1226	0.132812
1227	0.0800781
1228	0.107422
1229	0.0800781
1230	0.0976562
1231	0.166016
1232	0.207031
1233	0.208984
1234	0.175781
1235	0.126953
1236	0.0429688
1237	0.0410156
1238	0.0253906
1239	0.00195312
1240	0.0878906
1241	0.113281
1242	0.0566406
1243	0.015625
1244	-0.0332031
1245	0.015625
1246	0.0625
1247	0.03125
1248	0.0175781
1249	-0.0195312
1250	0.015625
1251	-0.0175781
1252	-0.046875
1253	0.0117188
1254	0.00390625
1255	-0.03125
1256	0.0507812
1257	0.0585938
1258	0.0234375
1259	0
1260	0.0292969
1261	0.0253906
1262	0.0488281
1263	0.0605469
1264	0.0175781
1265	-0.0332031
1266	-0.0371094
1267	-0.0839844
1268	-0.0976562
1269	-0.0761719
1270	-0.0546875
1271	-0.0644531
1272	-0.0546875
1273	-0.0253906
1274	-0.0253906
1275	0.0195312
1276	0.0449219
1277	0.00585938
1278	0.0136719
1279	-0.0449219
1280	0.0117188
1281	0.107422
1282	0.0722656
1283	0.0527344
1284	0.0585938
1285	-0.0605469
1286	-0.0429688
1287	-0.03125
1288	-0.0585938
1289	-0.0410156
1290	-0.0429688
1291	-0.00390625
1292	0
1293	0.0605469
1294	0.046875
1295	-0.0136719
1296	0.0449219
1297	-0.0175781
1298	0.0253906
1299	-0.00195312
1300	0.0214844
1301	0.0488281
1302	0.0839844
1303	0.00976562
1304	0.046875
1305	-0.0351562
1306	-0.015625
1307	0.00976562
1308	-0.0136719
1309	-0.0390625
1310	0.0214844
1311	0.0449219
1312	0.00390625
1313	0.109375
1314	0.0683594
1315	0.0742188
1316	-0.0800781
1317	-0.0195312
1318	-0.0605469
1319	-0.0371094
1320	-0.0351562
1321	0.03125
1322	0.0175781
1323	0.0253906
1324	0.0136719
1325	-0.115234
1326	-0.09375
1327	-0.0898438
1328	-0.0820312
1329	-0.0703125
1330	-0.015625
1331	-0.0605469
1332	-0.0527344
1333	-0.0410156
1334	-0.046875
1335	-0.0996094
1336	-0.0722656
1337	-0.0195312
1338	0.03125
1339	-0.0292969
1340	-0.0273438
1341	-0.0644531
1342	-0.078125
1343	-0.0507812
1344	-0.0546875
1345	-0.0292969
1346	-0.0136719
1347	0.0214844
1348	0.015625
1349	0.0078125
1350	0.107422
1351	0.0644531
1352	0.0722656
1353	0.0273438
1354	0.015625
1355	-0.0527344
1356	-0.0078125
1357	0.0253906
1358	0.0917969
1359	0.0585938
1360	0.0527344
1361	0.0234375
1362	0.0761719
1363	0.00390625
1364	-0.0664062
1365	-0.105469
1366	-0.0898438
1367	-0.00976562
1368	0.0253906
1369	0.00195312
1370	0.00585938
1371	-0.03125
1372	0.00195312
1373	-0.0332031
1374	-0.0332031
1375	-0.00195312
1376	-0.0214844
1377	-0.0117188
1378	0.0898438
1379	0.101562
1380	0.140625
1381	0.142578
1382	0.125
1383	0.0878906
1384	0.03125
1385	-0.00585938
1386	0.0625
1387	0.130859
1388	0.152344
1389	0.142578
1390	0.15625
1391	0.123047
1392	0.0761719
1393	0.0742188
1394	0.0292969
1395	-0.0117188
1396	-0.0234375
1397	-0.0527344
1398	-0.0175781
1399	-0.015625
1400	-0.015625
1401	-0.0117188
1402	0.0175781
1403	-0.0390625
1404	-0.0195312
1405	0.0195312
1406	-0.0527344
1407	0.0195312
1408	-0.00390625
1409	-0.00195312
1410	0
1411	0.0214844
1412	0.0292969
1413	-0.0214844
1414	-0.0117188
1415	-0.0839844
1416	-0.0644531
1417	0.0214844
1418	-0.0117188
1419	0.015625
1420	0.0214844
1421	0.0546875
1422	0.0703125
1423	0.0527344
1424	0.0839844
1425	-0.0351562
1426	0.0234375
1427	-0.0429688
1428	-0.0742188
1429	-0.00585938
1430	0.0117188
1431	0.0136719
1432	0.0644531
1433	0.0488281
1434	0.0644531
1435	0.0507812
1436	-0.00195312
1437	-0.0253906
1438	0.00390625
1439	-0.0234375
1440	0.0136719
1441	-0.00390625
1442	-0.0195312
1443	0.0195312
1444	0.0136719
1445	0.0332031
1446	-0.00390625
1447	-0.0273438
1448	-0.126953
1449	-0.126953
1450	-0.138672
1451	-0.0761719
1452	0.00390625
1453	-0.0488281
1454	-0.0605469
1455	-0.0273438
1456	0.00390625
1457	0.00195312
1458	-0.0273438
1459	0.0351562
1460	0.0253906
1461	0.0117188
1462	-0.0625
1463	-0.0390625
1464	-0.0625
1465	-0.0859375
1466	-0.0195312
1467	-0.0878906
1468	-0.0371094
1469	-0.0644531
1470	-0.0566406
1471	-0.015625
1472	-0.0703125
1473	-0.0371094
1474	-0.0410156
1475	-0.0214844
1476	-0.0546875
1477	-0.0371094
1478	-0.0390625
1479	0.0390625
1480	-0.0253906
1481	0.0234375
1482	0.0703125
1483	0.0292969
1484	0.0195312
1485	-0.0214844
1486	-0.0214844
1487	-0.0351562
1488	-0.0078125
1489	-0.0507812
1490	-0.0429688
1491	-0.00976562
1492	-0.0390625
1493	-0.0507812
1494	-0.0546875
1495	-0.113281
1496	-0.109375
1497	-0.0839844
1498	-0.0195312
1499	-0.0410156
1500	0.0527344
1501	-0.0136719
1502	0.0195312
1503	-0.0078125
1504	-0.00585938
1505	-0.0195312
1506	0.0214844
1507	0.00976562
1508	-0.015625
1509	-0.0117188
1510	0.0078125
1511	-0.0507812
1512	-0.111328
1513	-0.0449219
1514	0.0273438
1515	0.0117188
1516	0.00976562
1517	-0.0917969
1518	-0.0449219
1519	-0.0839844
1520	-0.0371094
1521	-0.00976562
1522	0.0234375
1523	0.0078125
1524	0.0292969
1525	0.0664062
1526	0.142578
1527	0.128906
1528	0.101562
1529	0.117188
1530	0.142578
1531	0.0996094
1532	0.0488281
1533	-0.0292969
1534	-0.0859375
1535	-0.0996094
1536	0.0273438
1537	0.179688
1538	0.164062
1539	0.146484
1540	0.126953
1541	0.0917969
1542	0.0175781
1543	0.0117188
1544	-0.0332031
1545	-0.0429688
1546	-0.0664062
1547	-0.115234
1548	-0.107422
1549	-0.0644531
1550	-0.0722656
1551	0.00585938
1552	0.00195312
1553	0.0117188
1554	0.0234375
1555	0.0078125
1556	-0.00390625
1557	0.0722656
1558	-0.0078125
1559	-0.0351562
1560	-0.00976562
1561	-0.0449219
1562	-0.0820312
1563	-0.0761719
1564	-0.0117188
1565	0.00390625
1566	0.0429688
1567	0.0253906
1568	-0.0371094
1569	-0.101562
1570	-0.0625
1571	-0.015625
1572	-0.0585938
1573	-0.125
1574	-0.0683594
1575	-0.101562
1576	-0.0332031
1577	0.0253906
1578	0.0332031
1579	0.0546875
1580	0.0644531
1581	0.0351562
1582	-0.00195312
1583	0.0273438
1584	-0.00195312
1585	-0.00390625
1586	-0.0253906
1587	-0.0703125
1588	-0.0390625
1589	-0.0449219
1590	-0.0234375
1591	0.00195312
1592	-0.0371094
1593	-0.109375
1594	-0.101562
1595	-0.0410156
1596	-0.0371094
1597	-0.015625
1598	-0.0820312
1599	-0.0917969
1600	0.0195312
1601	0.0507812
1602	-0.0273438
1603	-0.0878906
1604	-0.09375
1605	-0.0917969
1606	-0.09375
1607	-0.0683594
1608	-0.0898438
1609	-0.0507812
1610	-0.0527344
1611	-0.0429688
1612	-0.0644531
1613	0.0273438
1614	0.0078125
1615	0.0351562
1616	-0.0371094
1617	-0.03125
1618	-0.015625
1619	-0.0761719
1620	-0.0800781
1621	-0.0527344
1622	-0.0195312
1623	-0.0429688
1624	-0.0273438
1625	0.0234375
1626	0.0957031
1627	0.0488281
1628	0.0703125
1629	0.142578
1630	0.0859375
1631	0.0878906
1632	0.0273438
1633	0.0292969
1634	0.0390625
1635	0.078125
1636	0.0234375
1637	0.0292969
1638	0.00390625
1639	-0.0214844
1640	-0.0683594
1641	-0.0703125
1642	-0.09375
1643	-0.0527344
1644	-0.046875
1645	-0.0332031
1646	-0.0507812
1647	0.0253906
1648	-0.015625
1649	-0.0410156
1650	-0.0996094
1651	-0.0195312
1652	-0.0195312
1653	-0.00390625
1654	-0.00390625
1655	-0.0175781
1656	0.0273438
1657	0.03125
1658	-0.0273438
1659	0
1660	-0.0078125
1661	-0.0390625
1662	0.00195312
1663	-0.0136719
1664	0.0214844
1665	-0.0625
1666	-0.0703125
1667	0.101562
1668	0.078125
1669	0.03125
1670	-0.00390625
1671	-0.03125
1672	-0.0234375
1673	-0.0800781
1674	0.00976562
1675	0
1676	-0.0507812
1677	-0.0253906
1678	0.0253906
1679	0.109375
1680	0.144531
1681	0.0957031
1682	0.123047
1683	0.078125
1684	0
1685	-0.0117188
1686	-0.0371094
1687	-0.0761719
1688	-0.0234375
1689	0.0390625
1690	0.0292969
1691	-0.00390625
1692	0.0273438
1693	0.0722656
1694	0.0429688
1695	0.0234375
1696	0.0332031
1697	0.0585938
1698	0.0546875
1699	0.0214844
1700	0.0292969
1701	0.0390625
1702	0.0234375
1703	0.0527344
1704	0.078125
1705	-0.0507812
1706	0.00585938
1707	-0.0117188
1708	0.0078125
1709	-0.0253906
1710	-0.0644531
1711	-0.00390625
1712	-0.0371094
1713	-0.0839844
1714	0.00390625
1715	-0.00195312
1716	-0.0117188
1717	-0.0117188
1718	-0.0566406
1719	-0.0917969
1720	-0.0976562
1721	-0.0234375
1722	0.0234375
1723	-0.00976562
1724	-0.0527344
1725	-0.0195312
1726	-0.0195312
1727	-0.0390625
1728	-0.0253906
1729	-0.03125
1730	0.0253906
1731	0.0175781
1732	-0.0332031
1733	0.03125
1734	0.0449219
1735	-0.00195312
1736	0.0507812
1737	-0.00195312
1738	0.015625
1739	0.0507812
1740	0.0410156
1741	0.0566406
1742	0.0429688
1743	-0.00195312
1744	-0.0625
1745	-0.0839844
1746	-0.0253906
1747	-0.046875
1748	0
1749	-0.0253906
1750	-0.0214844
1751	-0.046875
1752	0.0136719
1753	0.0839844
1754	0.0332031
1755	-0.0234375
1756	-0.123047
1757	-0.0546875
1758	0.0136719
1759	0
1760	-0.0839844
1761	-0.09375
1762	-0.123047
1763	-0.132812
1764	-0.0351562
1765	0.0253906
1766	0.0761719
1767	0.0839844
1768	0.0722656
1769	0.0332031
1770	0.00390625
1771	0.03125
1772	-0.0898438
1773	-0.00390625
1774	-0.0742188
1775	-0.0332031
1776	-0.0820312
1777	-0.0820312
1778	-0.0371094
1779	-0.0195312
1780	-0.0332031
1781	-0.105469
1782	-0.0800781
1783	-0.0703125
1784	-0.0332031
1785	0.0175781
1786	-0.0605469
1787	0.0371094
1788	-0.00390625
1789	0.00585938
1790	0
1791	-0.0234375
1792	0.0390625
1793	-0.0292969
1794	0.0117188
1795	-0.00585938
1796	0.0117188
1797	-0.0078125
1798	-0.0351562
1799	-0.0253906
1800	-0.0234375
1801	0.0488281
1802	-0.0136719
1803	0.0273438
1804	-0.00390625
1805	0.03125
1806	-0.0371094
1807	0.00390625
1808	0.015625
1809	-0.0605469
1810	-0.0820312
1811	-0.0761719
1812	-0.0605469
1813	-0.117188
1814	-0.105469
1815	-0.128906
1816	-0.0839844
1817	-0.0136719
1818	-0.046875
1819	-0.0332031
1820	-0.0644531
1821	-0.107422
1822	-0.0898438
1823	-0.0449219
1824	0.00976562
1825	-0.0078125
1826	0.0820312
1827	0.0976562
1828	0.0800781
1829	0.0625
1830	0.0917969
1831	0.046875
1832	0.0703125
1833	0.0820312
1834	0.0332031
1835	0.0117188
1836	0.0703125
1837	0.107422
1838	0.154297
1839	0.0800781
1840	0.0664062
1841	0.03125
1842	0.046875
1843	0.0488281
1844	0.00195312
1845	-0.0136719
1846	-0.0351562
1847	-0.0742188
1848	-0.0976562
1849	-0.0703125
1850	-0.0371094
1851	-0.0664062
1852	-0.0273438
1853	0.0527344
1854	-0.00585938
1855	-0.0292969
1856	-0.0507812
1857	-0.0292969
1858	0.0117188
1859	0.0253906
1860	0.03125
1861	0.078125
1862	0.0332031
1863	0.0449219
1864	0.134766
1865	0.0976562
1866	0.117188
1867	0.0625
1868	0.0214844
1869	0.0429688
1870	0.0429688
1871	0.0332031
1872	0.00585938
1873	-0.0078125
1874	-0.0722656
1875	-0.103516
1876	-0.03125
1877	-0.0761719
1878	-0.0117188
1879	-0.0410156
1880	-0.0390625
1881	0.0117188
1882	-0.0195312
1883	-0.0175781
1884	0.0234375
1885	0.0644531
1886	-0.0273438
1887	-0.0605469
1888	-0.0175781
1889	-0.0800781
1890	-0.015625
1891	-0.0332031
1892	-0.0136719
1893	-0.0078125
1894	0.00976562
1895	-0.0410156
1896	-0.0390625
1897	-0.046875
1898	0
1899	0.0703125
1900	-0.0234375
1901	-0.046875
1902	-0.0839844
1903	-0.0976562
1904	-0.126953
1905	-0.0253906
1906	-0.0117188
1907	-0.00390625
1908	-0.117188
1909	-0.0742188
1910	-0.101562
1911	-0.0703125
1912	-0.09375
1913	-0.105469
1914	-0.0800781
1915	-0.117188
1916	-0.0820312
1917	-0.0820312
1918	-0.0800781
1919	-0.0644531
1920	-0.0390625
1921	-0.0429688
1922	0.0214844
1923	0.0566406
1924	0.0410156
1925	0.0742188
1926	0.00976562
1927	0.0253906
1928	0.0488281
1929	0.0566406
1930	0.0761719
1931	0.0761719
1932	0.046875
1933	0.0332031
1934	0.0292969
1935	0.0253906
1936	0.0332031
1937	-0.00976562
1938	-0.0839844
1939	-0.0644531
1940	-0.132812
1941	-0.09375
1942	-0.0273438
1943	0.00195312
1944	0.0253906
1945	0.0527344
1946	0.0722656
1947	0.0136719
1948	0.0585938
1949	0.0234375
1950	-0.03125
1951	-0.0527344
1952	-0.0214844
1953	-0.00195312
1954	-0.03125
1955	-0.015625
1956	-0.046875
1957	-0.0605469
1958	-0.0625
1959	-0.132812
1960	-0.107422
1961	-0.0957031
1962	-0.0332031
1963	0
1964	0.0371094
1965	-0.0820312
1966	-0.0371094
1967	-0.0488281
1968	-0.0859375
1969	-0.0722656
1970	-0.119141
1971	-0.0527344
1972	-0.0273438
1973	0.0273438
1974	0.0351562
1975	0.0566406
1976	-0.0429688
1977	-0.0585938
1978	0.0175781
1979	-0.0820312
1980	-0.136719
1981	-0.046875
1982	-0.00585938
1983	0.0253906
1984	0.0410156
1985	0.0605469
1986	0.0742188
1987	0.0703125
1988	0.0390625
1989	0.046875
1990	0.0742188
1991	0.0429688
1992	0.00976562
1993	0.0136719
1994	0.0136719
1995	0.0429688
1996	-0.0507812
1997	-0.0332031
1998	-0.00585938
1999	0.03125
