0	0
-0.0332031	0.0105
-0.0136719	0.021
-0.0117188	0.0315
-0.046875	0.042
-0.0703125	0.0525
-0.0605469	0.063
-0.0839844	0.0735
-0.119141	0.084
-0.148438	0.0945
-0.1875	0.105
-0.224609	0.1155
-0.246094	0.126
-0.287109	0.1365
-0.335938	0.147
-0.365234	0.1575
-0.402344	0.168
-0.425781	0.1785
-0.478516	0.189
-0.513672	0.1995
-0.550781	0.21
-0.587891	0.2205
-0.650391	0.231
-0.695312	0.2415
-0.681641	0.252
-0.6875	0.2625
-0.753906	0.273
-0.779297	0.2835
-0.804688	0.294
-0.833984	0.3045
-0.855469	0.315
-0.902344	0.3255
-0.902344	0.336
-0.919922	0.3465
-0.914062	0.357
-0.955078	0.3675
-0.941406	0.378
-0.957031	0.3885
-0.964844	0.399
-0.970703	0.4095
-0.978516	0.42
-0.982422	0.4305
-0.974609	0.441
-0.988281	0.4515
-0.986328	0.462
-0.992188	0.4725
-0.990234	0.483
-0.990234	0.4935
-1	0.504
-0.996094	0.5145
-1	0.525
-1	0.5355
-0.998047	0.546
-0.996094	0.5565
-0.998047	0.567
-1	0.5775
-1	0.588
-0.998047	0.5985
-1	0.609
-1	0.6195
-1	0.63
-1	0.6405
-1	0.651
-1	0.6615
-1	0.672
-1	0.6825
-1	0.693
-1	0.7035
-1	0.714
-1	0.7245
-1	0.735
-1	0.7455
-1	0.756
-1	0.7665
-1	0.777
-1	0.7875
-1	0.798
-1	0.8085
-1	0.819
-1	0.8295
-1	0.84
-1	0.8505
-1	0.861
-1	0.8715
-1	0.882
-1	0.8925
-1	0.903
-1	0.9135
-1	0.924
-1	0.9345
-1	0.945
-1	0.9555
-1	0.966
-1	0.9765
-1	0.987
-1	0.9975
-1	1.008
-1	1.0185
-1	1.029
-1	1.0395
-1	1.05
-1	1.0605
-1	1.05
-1	1.0395
-1	1.029
-1	1.0185
-1	1.008
-1	0.9975
-1	0.987
-1	0.9765
-1	0.966
-1	0.9555
-1	0.945
-1	0.9345
-1	0.924
-1	0.9135
-1	0.903
-1	0.8925
-1	0.882
-1	0.8715
-1	0.861
-1	0.8505
-1	0.84
-1	0.8295
-1	0.819
-1	0.8085
-1	0.798
-1	0.7875
-1	0.777
-1	0.7665
-1	0.756
-1	0.7455
-1	0.735
-0.998047	0.7245
-1	0.714
-1	0.7035
-1	0.693
-1	0.6825
-1	0.672
-1	0.6615
-1	0.651
-1	0.6405
-1	0.63
-1	0.6195
-1	0.609
-0.998047	0.5985
-0.998047	0.588
-1	0.5775
-0.998047	0.567
-0.996094	0.5565
-0.996094	0.546
-0.996094	0.5355
-0.998047	0.525
-0.998047	0.5145
-0.998047	0.504
-0.998047	0.4935
-0.994141	0.483
-0.988281	0.4725
-0.992188	0.462
-0.990234	0.4515
-0.992188	0.441
-0.986328	0.4305
-0.966797	0.42
-0.970703	0.4095
-0.957031	0.399
-0.958984	0.3885
-0.941406	0.378
-0.9375	0.3675
-0.919922	0.357
-0.916016	0.3465
-0.898438	0.336
-0.871094	0.3255
-0.855469	0.315
-0.818359	0.3045
-0.826172	0.294
-0.777344	0.2835
-0.724609	0.273
-0.703125	0.2625
-0.697266	0.252
-0.638672	0.2415
-0.607422	0.231
-0.587891	0.2205
-0.515625	0.21
-0.509766	0.1995
-0.476562	0.189
-0.441406	0.1785
-0.400391	0.168
-0.369141	0.1575
-0.330078	0.147
-0.285156	0.1365
-0.271484	0.126
-0.238281	0.1155
-0.171875	0.105
-0.164062	0.0945
-0.101562	0.084
-0.0742188	0.0735
-0.0878906	0.063
-0.0449219	0.0525
-0.0625	0.042
-0.0195312	0.0315
-0.0234375	0.021
-0.00390625	0.0105
0.00585938	-9.36751e-17
0.0117188	-0.0105
0.00976562	-0.021
0.015625	-0.0315
0.0507812	-0.042
0.0410156	-0.0525
0.0742188	-0.063
0.0800781	-0.0735
0.132812	-0.084
0.132812	-0.0945
0.179688	-0.105
0.201172	-0.1155
0.248047	-0.126
0.263672	-0.1365
0.310547	-0.147
0.375	-0.1575
0.369141	-0.168
0.457031	-0.1785
0.494141	-0.189
0.476562	-0.1995
0.546875	-0.21
0.603516	-0.2205
0.607422	-0.231
0.662109	-0.2415
0.679688	-0.252
0.736328	-0.2625
0.775391	-0.273
0.785156	-0.2835
0.816406	-0.294
0.84375	-0.3045
0.861328	-0.315
0.845703	-0.3255
0.892578	-0.336
0.890625	-0.3465
0.916016	-0.357
0.925781	-0.3675
0.957031	-0.378
0.951172	-0.3885
0.957031	-0.399
0.976562	-0.4095
0.972656	-0.42
0.978516	-0.4305
0.994141	-0.441
0.982422	-0.4515
0.994141	-0.462
0.992188	-0.4725
0.998047	-0.483
0.994141	-0.4935
0.994141	-0.504
0.994141	-0.5145
0.992188	-0.525
1	-0.5355
1	-0.546
1	-0.5565
0.998047	-0.567
0.998047	-0.5775
0.998047	-0.588
1	-0.5985
1	-0.609
1	-0.6195
1	-0.63
1	-0.6405
1	-0.651
1	-0.6615
1	-0.672
1	-0.6825
1	-0.693
1	-0.7035
1	-0.714
1	-0.7245
1	-0.735
1	-0.7455
1	-0.756
1	-0.7665
1	-0.777
1	-0.7875
1	-0.798
1	-0.8085
1	-0.819
1	-0.8295
1	-0.84
1	-0.8505
1	-0.861
1	-0.8715
1	-0.882
1	-0.8925
1	-0.903
1	-0.9135
1	-0.924
1	-0.9345
1	-0.945
1	-0.9555
1	-0.966
1	-0.9765
1	-0.987
1	-0.9975
1	-1.008
1	-1.0185
1	-1.029
1	-1.0395
1	-1.05
1	-1.0605
1	-1.05
1	-1.0395
1	-1.029
1	-1.0185
1	-1.008
1	-0.9975
1	-0.987
1	-0.9765
1	-0.966
1	-0.9555
1	-0.945
1	-0.9345
1	-0.924
1	-0.9135
1	-0.903
1	-0.8925
1	-0.882
1	-0.8715
1	-0.861
1	-0.8505
1	-0.84
1	-0.8295
1	-0.819
1	-0.8085
1	-0.798
1	-0.7875
1	-0.777
1	-0.7665
1	-0.756
1	-0.7455
1	-0.735
1	-0.7245
1	-0.714
1	-0.7035
1	-0.693
1	-0.6825
1	-0.672
1	-0.6615
1	-0.651
1	-0.6405
0.998047	-0.63
0.996094	-0.6195
1	-0.609
0.998047	-0.5985
1	-0.588
1	-0.5775
1	-0.567
0.998047	-0.5565
1	-0.546
0.996094	-0.5355
0.998047	-0.525
0.998047	-0.5145
0.996094	-0.504
0.990234	-0.4935
0.990234	-0.483
0.988281	-0.4725
0.994141	-0.462
0.992188	-0.4515
0.976562	-0.441
0.988281	-0.4305
0.978516	-0.42
0.962891	-0.4095
0.964844	-0.399
0.958984	-0.3885
0.953125	-0.378
0.933594	-0.3675
0.935547	-0.357
0.90625	-0.3465
0.900391	-0.336
0.875	-0.3255
0.841797	-0.315
0.820312	-0.3045
0.818359	-0.294
0.75	-0.2835
0.759766	-0.273
0.748047	-0.2625
0.699219	-0.252
0.634766	-0.2415
0.589844	-0.231
0.615234	-0.2205
0.521484	-0.21
0.515625	-0.1995
0.460938	-0.189
0.429688	-0.1785
0.408203	-0.168
0.410156	-0.1575
0.332031	-0.147
0.28125	-0.1365
0.257812	-0.126
0.208984	-0.1155
0.195312	-0.105
0.154297	-0.0945
0.123047	-0.084
0.0917969	-0.0735
0.0546875	-0.063
0.0742188	-0.0525
0.0488281	-0.042
0.0390625	-0.0315
0.0234375	-0.021
0.00390625	-0.0105
0.00195312	-1.2837e-16
