0.0136719	0
-0.0273438	0.0105
-0.0625	0.021
-0.0527344	0.0315
-0.0605469	0.042
-0.107422	0.0525
-0.115234	0.063
-0.171875	0.0735
-0.181641	0.084
-0.214844	0.0945
-0.236328	0.105
-0.242188	0.1155
-0.291016	0.126
-0.34375	0.1365
-0.361328	0.147
-0.357422	0.1575
-0.394531	0.168
-0.404297	0.1785
-0.435547	0.189
-0.476562	0.1995
-0.470703	0.21
-0.539062	0.2205
-0.552734	0.231
-0.578125	0.2415
-0.621094	0.252
-0.591797	0.2625
-0.673828	0.273
-0.673828	0.2835
-0.695312	0.294
-0.712891	0.3045
-0.734375	0.315
-0.767578	0.3255
-0.808594	0.336
-0.818359	0.3465
-0.841797	0.357
-0.865234	0.3675
-0.865234	0.378
-0.882812	0.3885
-0.900391	0.399
-0.880859	0.4095
-0.914062	0.42
-0.933594	0.4305
-0.939453	0.441
-0.941406	0.4515
-0.947266	0.462
-0.939453	0.4725
-0.953125	0.483
-0.964844	0.4935
-0.960938	0.504
-0.976562	0.5145
-0.982422	0.525
-0.972656	0.5355
-0.974609	0.546
-0.984375	0.5565
-0.982422	0.567
-0.988281	0.5775
-0.994141	0.588
-0.998047	0.5985
-0.992188	0.609
-0.988281	0.6195
-0.998047	0.63
-0.996094	0.6405
-0.998047	0.651
-0.998047	0.6615
-1	0.672
-0.996094	0.6825
-1	0.693
-1	0.7035
-0.998047	0.714
-0.996094	0.7245
-0.998047	0.735
-0.998047	0.7455
-1	0.756
-0.998047	0.7665
-1	0.777
-1	0.7875
-1	0.798
-1	0.8085
-1	0.819
-1	0.8295
-1	0.84
-1	0.8505
-1	0.861
-1	0.8715
-1	0.882
-1	0.8925
-1	0.903
-1	0.9135
-1	0.924
-1	0.9345
-1	0.945
-1	0.9555
-1	0.966
-1	0.9765
-1	0.987
-0.998047	0.9975
-1	1.008
-1	1.0185
-1	1.029
-1	1.0395
-1	1.05
-1	1.0605
-1	1.05
-1	1.0395
-1	1.029
-1	1.0185
-1	1.008
-1	0.9975
-1	0.987
-1	0.9765
-1	0.966
-1	0.9555
-1	0.945
-1	0.9345
-0.998047	0.924
-1	0.9135
-1	0.903
-1	0.8925
-1	0.882
-1	0.8715
-1	0.861
-1	0.8505
-1	0.84
-1	0.8295
-1	0.819
-1	0.8085
-1	0.798
-0.998047	0.7875
-1	0.777
-1	0.7665
-1	0.756
-1	0.7455
-0.998047	0.735
-1	0.7245
-0.996094	0.714
-0.986328	0.7035
-0.996094	0.693
-0.998047	0.6825
-1	0.672
-0.994141	0.6615
-0.996094	0.651
-1	0.6405
-0.996094	0.63
-0.986328	0.6195
-0.996094	0.609
-0.992188	0.5985
-0.984375	0.588
-0.988281	0.5775
-0.978516	0.567
-0.990234	0.5565
-0.986328	0.546
-0.980469	0.5355
-0.980469	0.525
-0.978516	0.5145
-0.970703	0.504
-0.957031	0.4935
-0.970703	0.483
-0.951172	0.4725
-0.957031	0.462
-0.958984	0.4515
-0.929688	0.441
-0.914062	0.4305
-0.925781	0.42
-0.914062	0.4095
-0.890625	0.399
-0.888672	0.3885
-0.841797	0.378
-0.837891	0.3675
-0.84375	0.357
-0.798828	0.3465
-0.792969	0.336
-0.771484	0.3255
-0.769531	0.315
-0.736328	0.3045
-0.716797	0.294
-0.671875	0.2835
-0.632812	0.273
-0.597656	0.2625
-0.650391	0.252
-0.613281	0.2415
-0.539062	0.231
-0.517578	0.2205
-0.492188	0.21
-0.46875	0.1995
-0.470703	0.189
-0.421875	0.1785
-0.365234	0.168
-0.347656	0.1575
-0.326172	0.147
-0.302734	0.1365
-0.269531	0.126
-0.240234	0.1155
-0.242188	0.105
-0.207031	0.0945
-0.195312	0.084
-0.150391	0.0735
-0.117188	0.063
-0.15625	0.0525
-0.140625	0.042
-0.0957031	0.0315
-0.0546875	0.021
-0.0429688	0.0105
0.0117188	-9.36751e-17
0.015625	-0.0105
0.0292969	-0.021
0.0800781	-0.0315
0.103516	-0.042
0.101562	-0.0525
0.140625	-0.063
0.177734	-0.0735
0.154297	-0.084
0.234375	-0.0945
0.232422	-0.105
0.253906	-0.1155
0.277344	-0.126
0.314453	-0.1365
0.337891	-0.147
0.373047	-0.1575
0.425781	-0.168
0.410156	-0.1785
0.416016	-0.189
0.470703	-0.1995
0.46875	-0.21
0.509766	-0.2205
0.554688	-0.231
0.576172	-0.2415
0.583984	-0.252
0.666016	-0.2625
0.652344	-0.273
0.679688	-0.2835
0.71875	-0.294
0.744141	-0.3045
0.734375	-0.315
0.757812	-0.3255
0.791016	-0.336
0.826172	-0.3465
0.84375	-0.357
0.857422	-0.3675
0.869141	-0.378
0.880859	-0.3885
0.90625	-0.399
0.916016	-0.4095
0.925781	-0.42
0.929688	-0.4305
0.921875	-0.441
0.927734	-0.4515
0.960938	-0.462
0.943359	-0.4725
0.966797	-0.483
0.958984	-0.4935
0.960938	-0.504
0.970703	-0.5145
0.974609	-0.525
0.970703	-0.5355
0.974609	-0.546
0.982422	-0.5565
0.994141	-0.567
0.994141	-0.5775
0.986328	-0.588
0.986328	-0.5985
0.996094	-0.609
0.994141	-0.6195
0.992188	-0.63
0.996094	-0.6405
0.998047	-0.651
0.992188	-0.6615
0.998047	-0.672
0.994141	-0.6825
1	-0.693
0.998047	-0.7035
1	-0.714
1	-0.7245
0.996094	-0.735
0.998047	-0.7455
1	-0.756
1	-0.7665
1	-0.777
1	-0.7875
0.998047	-0.798
1	-0.8085
1	-0.819
1	-0.8295
1	-0.84
1	-0.8505
1	-0.861
1	-0.8715
1	-0.882
1	-0.8925
1	-0.903
1	-0.9135
1	-0.924
1	-0.9345
1	-0.945
1	-0.9555
1	-0.966
1	-0.9765
0.998047	-0.987
1	-0.9975
1	-1.008
1	-1.0185
1	-1.029
1	-1.0395
1	-1.05
1	-1.0605
1	-1.05
1	-1.0395
1	-1.029
1	-1.0185
1	-1.008
1	-0.9975
1	-0.987
1	-0.9765
1	-0.966
1	-0.9555
1	-0.945
1	-0.9345
1	-0.924
1	-0.9135
1	-0.903
1	-0.8925
1	-0.882
1	-0.8715
1	-0.861
1	-0.8505
0.998047	-0.84
0.998047	-0.8295
1	-0.819
0.998047	-0.8085
1	-0.798
1	-0.7875
1	-0.777
0.998047	-0.7665
0.996094	-0.756
1	-0.7455
0.996094	-0.735
1	-0.7245
1	-0.714
1	-0.7035
0.996094	-0.693
0.996094	-0.6825
0.994141	-0.672
0.996094	-0.6615
0.998047	-0.651
0.992188	-0.6405
0.996094	-0.63
0.990234	-0.6195
0.990234	-0.609
0.990234	-0.5985
0.992188	-0.588
0.984375	-0.5775
0.992188	-0.567
0.980469	-0.5565
0.980469	-0.546
0.988281	-0.5355
0.984375	-0.525
0.976562	-0.5145
0.962891	-0.504
0.970703	-0.4935
0.958984	-0.483
0.943359	-0.4725
0.943359	-0.462
0.935547	-0.4515
0.9375	-0.441
0.929688	-0.4305
0.910156	-0.42
0.890625	-0.4095
0.878906	-0.399
0.875	-0.3885
0.837891	-0.378
0.84375	-0.3675
0.828125	-0.357
0.822266	-0.3465
0.777344	-0.336
0.779297	-0.3255
0.736328	-0.315
0.683594	-0.3045
0.712891	-0.294
0.689453	-0.2835
0.632812	-0.273
0.623047	-0.2625
0.634766	-0.252
0.595703	-0.2415
0.542969	-0.231
0.541016	-0.2205
0.490234	-0.21
0.501953	-0.1995
0.441406	-0.189
0.447266	-0.1785
0.376953	-0.168
0.367188	-0.1575
0.361328	-0.147
0.294922	-0.1365
0.294922	-0.126
0.291016	-0.1155
0.232422	-0.105
0.212891	-0.0945
0.154297	-0.084
0.181641	-0.0735
0.173828	-0.063
0.136719	-0.0525
0.0898438	-0.042
0.078125	-0.0315
0.0488281	-0.021
0.00976562	-0.0105
0.00195312	-1.2837e-16
