-0.00585938	0
-0.0195312	0.0105
-0.0390625	0.021
-0.0527344	0.0315
-0.0957031	0.042
-0.128906	0.0525
-0.140625	0.063
-0.148438	0.0735
-0.191406	0.084
-0.226562	0.0945
-0.228516	0.105
-0.248047	0.1155
-0.269531	0.126
-0.261719	0.1365
-0.339844	0.147
-0.359375	0.1575
-0.363281	0.168
-0.380859	0.1785
-0.414062	0.189
-0.429688	0.1995
-0.425781	0.21
-0.462891	0.2205
-0.490234	0.231
-0.498047	0.2415
-0.503906	0.252
-0.570312	0.2625
-0.597656	0.273
-0.632812	0.2835
-0.580078	0.294
-0.666016	0.3045
-0.6875	0.315
-0.681641	0.3255
-0.683594	0.336
-0.751953	0.3465
-0.771484	0.357
-0.755859	0.3675
-0.791016	0.378
-0.794922	0.3885
-0.794922	0.399
-0.794922	0.4095
-0.863281	0.42
-0.861328	0.4305
-0.882812	0.441
-0.884766	0.4515
-0.880859	0.462
-0.869141	0.4725
-0.894531	0.483
-0.904297	0.4935
-0.921875	0.504
-0.904297	0.5145
-0.927734	0.525
-0.929688	0.5355
-0.941406	0.546
-0.947266	0.5565
-0.957031	0.567
-0.964844	0.5775
-0.96875	0.588
-0.970703	0.5985
-0.972656	0.609
-0.958984	0.6195
-0.958984	0.63
-0.964844	0.6405
-0.96875	0.651
-0.984375	0.6615
-0.982422	0.672
-0.974609	0.6825
-0.982422	0.693
-0.990234	0.7035
-0.994141	0.714
-0.990234	0.7245
-0.992188	0.735
-0.992188	0.7455
-0.996094	0.756
-0.996094	0.7665
-0.996094	0.777
-0.990234	0.7875
-1	0.798
-0.990234	0.8085
-0.996094	0.819
-0.998047	0.8295
-0.996094	0.84
-1	0.8505
-0.996094	0.861
-0.998047	0.8715
-1	0.882
-0.998047	0.8925
-0.996094	0.903
-0.996094	0.9135
-0.996094	0.924
-0.998047	0.9345
-0.998047	0.945
-1	0.9555
-1	0.966
-0.996094	0.9765
-1	0.987
-1	0.9975
-0.998047	1.008
-1	1.0185
-1	1.029
-1	1.0395
-1	1.05
-1	1.0605
-1	1.05
-1	1.0395
-1	1.029
-1	1.0185
-1	1.008
-1	0.9975
-1	0.987
-1	0.9765
-1	0.966
-0.996094	0.9555
-1	0.945
-0.998047	0.9345
-0.998047	0.924
-0.992188	0.9135
-1	0.903
-1	0.8925
-0.998047	0.882
-0.992188	0.8715
-0.998047	0.861
-0.998047	0.8505
-0.994141	0.84
-0.998047	0.8295
-0.996094	0.819
-0.994141	0.8085
-0.994141	0.798
-1	0.7875
-0.996094	0.777
-0.996094	0.7665
-0.990234	0.756
-0.996094	0.7455
-0.994141	0.735
-0.994141	0.7245
-0.994141	0.714
-0.986328	0.7035
-0.970703	0.693
-0.980469	0.6825
-0.978516	0.672
-0.978516	0.6615
-0.988281	0.651
-0.984375	0.6405
-0.970703	0.63
-0.978516	0.6195
-0.955078	0.609
-0.951172	0.5985
-0.962891	0.588
-0.960938	0.5775
-0.951172	0.567
-0.9375	0.5565
-0.947266	0.546
-0.917969	0.5355
-0.933594	0.525
-0.921875	0.5145
-0.921875	0.504
-0.914062	0.4935
-0.900391	0.483
-0.896484	0.4725
-0.878906	0.462
-0.875	0.4515
-0.845703	0.441
-0.867188	0.4305
-0.835938	0.42
-0.828125	0.4095
-0.804688	0.399
-0.789062	0.3885
-0.796875	0.378
-0.755859	0.3675
-0.75	0.357
-0.726562	0.3465
-0.712891	0.336
-0.701172	0.3255
-0.6875	0.315
-0.677734	0.3045
-0.634766	0.294
-0.628906	0.2835
-0.603516	0.273
-0.572266	0.2625
-0.544922	0.252
-0.552734	0.2415
-0.509766	0.231
-0.476562	0.2205
-0.443359	0.21
-0.416016	0.1995
-0.400391	0.189
-0.390625	0.1785
-0.351562	0.168
-0.335938	0.1575
-0.324219	0.147
-0.326172	0.1365
-0.267578	0.126
-0.232422	0.1155
-0.207031	0.105
-0.208984	0.0945
-0.189453	0.084
-0.126953	0.0735
-0.134766	0.063
-0.130859	0.0525
-0.0820312	0.042
-0.0742188	0.0315
-0.0214844	0.021
-0.0292969	0.0105
-0.0292969	-9.36751e-17
0.0371094	-0.0105
0.0390625	-0.021
0.0625	-0.0315
0.0820312	-0.042
0.0996094	-0.0525
0.166016	-0.063
0.175781	-0.0735
0.162109	-0.084
0.191406	-0.0945
0.238281	-0.105
0.220703	-0.1155
0.275391	-0.126
0.310547	-0.1365
0.296875	-0.147
0.371094	-0.1575
0.373047	-0.168
0.380859	-0.1785
0.412109	-0.189
0.433594	-0.1995
0.443359	-0.21
0.457031	-0.2205
0.515625	-0.231
0.535156	-0.2415
0.533203	-0.252
0.611328	-0.2625
0.589844	-0.273
0.615234	-0.2835
0.611328	-0.294
0.65625	-0.3045
0.685547	-0.315
0.662109	-0.3255
0.701172	-0.336
0.712891	-0.3465
0.71875	-0.357
0.755859	-0.3675
0.771484	-0.378
0.804688	-0.3885
0.783203	-0.399
0.832031	-0.4095
0.845703	-0.42
0.828125	-0.4305
0.863281	-0.441
0.859375	-0.4515
0.882812	-0.462
0.880859	-0.4725
0.921875	-0.483
0.943359	-0.4935
0.921875	-0.504
0.917969	-0.5145
0.945312	-0.525
0.935547	-0.5355
0.953125	-0.546
0.943359	-0.5565
0.964844	-0.567
0.953125	-0.5775
0.960938	-0.588
0.980469	-0.5985
0.964844	-0.609
0.974609	-0.6195
0.980469	-0.63
0.980469	-0.6405
0.974609	-0.651
0.976562	-0.6615
0.976562	-0.672
0.982422	-0.6825
0.990234	-0.693
0.988281	-0.7035
0.990234	-0.714
0.988281	-0.7245
0.992188	-0.735
0.992188	-0.7455
0.988281	-0.756
0.992188	-0.7665
0.992188	-0.777
0.998047	-0.7875
0.990234	-0.798
0.992188	-0.8085
0.998047	-0.819
0.996094	-0.8295
0.996094	-0.84
1	-0.8505
0.992188	-0.861
0.998047	-0.8715
0.996094	-0.882
1	-0.8925
1	-0.903
0.996094	-0.9135
0.996094	-0.924
1	-0.9345
1	-0.945
1	-0.9555
0.998047	-0.966
1	-0.9765
1	-0.987
0.998047	-0.9975
1	-1.008
0.998047	-1.0185
1	-1.029
0.998047	-1.0395
1	-1.05
0.998047	-1.0605
0.998047	-1.05
1	-1.0395
1	-1.029
1	-1.0185
0.998047	-1.008
1	-0.9975
1	-0.987
1	-0.9765
1	-0.966
0.998047	-0.9555
1	-0.945
1	-0.9345
0.998047	-0.924
1	-0.9135
0.998047	-0.903
1	-0.8925
1	-0.882
0.994141	-0.8715
0.996094	-0.861
0.994141	-0.8505
0.998047	-0.84
0.996094	-0.8295
0.998047	-0.819
0.994141	-0.8085
0.996094	-0.798
0.998047	-0.7875
0.998047	-0.777
0.998047	-0.7665
0.994141	-0.756
0.996094	-0.7455
0.988281	-0.735
0.984375	-0.7245
0.976562	-0.714
0.992188	-0.7035
0.990234	-0.693
0.978516	-0.6825
0.990234	-0.672
0.980469	-0.6615
0.978516	-0.651
0.982422	-0.6405
0.978516	-0.63
0.982422	-0.6195
0.953125	-0.609
0.984375	-0.5985
0.964844	-0.588
0.947266	-0.5775
0.957031	-0.567
0.955078	-0.5565
0.945312	-0.546
0.933594	-0.5355
0.929688	-0.525
0.912109	-0.5145
0.945312	-0.504
0.904297	-0.4935
0.904297	-0.483
0.900391	-0.4725
0.869141	-0.462
0.865234	-0.4515
0.867188	-0.441
0.857422	-0.4305
0.847656	-0.42
0.837891	-0.4095
0.785156	-0.399
0.789062	-0.3885
0.814453	-0.378
0.753906	-0.3675
0.765625	-0.357
0.708984	-0.3465
0.697266	-0.336
0.65625	-0.3255
0.652344	-0.315
0.646484	-0.3045
0.603516	-0.294
0.597656	-0.2835
0.574219	-0.273
0.568359	-0.2625
0.533203	-0.252
0.525391	-0.2415
0.513672	-0.231
0.505859	-0.2205
0.453125	-0.21
0.445312	-0.1995
0.398438	-0.189
0.384766	-0.1785
0.384766	-0.168
0.339844	-0.1575
0.341797	-0.147
0.308594	-0.1365
0.289062	-0.126
0.269531	-0.1155
0.210938	-0.105
0.193359	-0.0945
0.193359	-0.084
0.144531	-0.0735
0.134766	-0.063
0.123047	-0.0525
0.0839844	-0.042
0.0683594	-0.0315
0.0351562	-0.021
0	-0.0105
-0.00585938	-1.2837e-16
