1514.39	0.0429688
1514.39	-0.00976562
1514.39	-0.00390625
1514.39	0.0273438
1514.39	0.00976562
1514.39	-0.015625
1514.39	-0.0214844
1514.39	-0.0253906
1514.39	-0.00195312
1514.39	-0.0136719
1514.39	-0.00976562
1514.39	-0.00390625
1514.39	-0.0117188
1514.39	-0.0078125
1514.39	0.0078125
1514.39	0.0332031
1514.39	-0.0078125
1514.39	0.0078125
1514.39	0.03125
1514.39	0.0136719
1514.39	0
1514.39	-0.015625
1514.39	0.0195312
1514.39	-0.03125
1514.39	-0.0253906
1514.39	-0.00390625
1514.39	-0.00976562
1514.39	-0.0371094
1514.39	-0.00390625
1514.39	0.0117188
1514.39	0.00390625
1514.39	-0.0078125
1514.39	0.0253906
1514.39	-0.0351562
1514.39	-0.0195312
1514.39	0.00390625
1514.39	0.0234375
1514.39	-0.00585938
1514.39	0.0078125
1514.39	-0.0175781
1514.39	0.00390625
1514.39	0.00390625
1514.39	0.0078125
1514.39	-0.015625
1514.39	-0.00585938
1514.39	-0.015625
1514.39	-0.00585938
1514.39	0.0078125
1514.39	0.00195312
1514.39	0.015625
1514.39	-0.0273438
1514.39	0.00585938
1514.39	-0.015625
1514.39	0.00390625
1514.39	0.00390625
1514.39	0.0234375
1514.39	-0.0214844
1514.39	0.0195312
1514.39	-0.00390625
1514.39	-0.0234375
1514.39	-0.0175781
1514.39	-0.0117188
1514.39	-0.0214844
1514.39	0
1514.39	-0.00585938
1514.39	-0.0253906
1514.39	0.0214844
1514.39	0.0371094
1514.39	-0.0078125
1514.39	0.0273438
1514.39	-0.0136719
1514.39	0.0175781
1514.39	0.0136719
1514.39	0.00195312
1514.39	-0.0195312
1514.39	0.00976562
1514.39	0.0078125
1514.39	-0.0253906
1514.39	-0.0117188
1514.39	-0.00585938
1514.39	-0.00585938
1514.39	-0.0078125
1514.39	0.00195312
1514.39	-0.0371094
1514.39	0
1514.39	-0.00585938
1514.39	-0.0292969
1514.39	0.0117188
1514.39	0.0234375
1514.39	-0.00585938
1514.39	-0.0214844
1514.39	0.0351562
1514.39	0.0117188
1514.39	-0.00390625
1514.39	0.00195312
1514.39	0.00195312
1514.39	-0.00390625
1514.39	0.00390625
1514.39	-0.0078125
1514.39	0.0136719
