966.076	0.0195312
966.076	-0.00585938
966.076	0.0214844
966.076	-0.0078125
966.076	-0.0078125
966.076	0.0175781
966.076	-0.00390625
966.076	-0.00390625
966.076	0.00585938
966.076	0.0136719
966.076	0.00585938
966.076	0.00976562
966.076	0.00585938
966.076	-0.00195312
966.076	0.015625
966.076	-0.00585938
966.076	-0.00585938
966.076	0.0078125
966.076	-0.00195312
966.076	0.00976562
966.076	0.00390625
966.076	0.00390625
966.076	0.00390625
966.076	-0.015625
966.076	-0.0078125
966.076	-0.0136719
966.076	-0.00390625
966.076	0
966.076	0.00976562
966.076	0.00390625
966.076	0.00585938
966.076	0.00390625
966.076	-0.00390625
966.076	0.00976562
966.076	0.015625
966.076	0.00585938
966.076	0.00390625
966.076	0.00390625
966.076	0
966.076	0.00390625
966.076	0.0078125
966.076	0.015625
966.076	-0.00976562
966.076	0
966.076	-0.0214844
966.076	-0.00390625
966.076	-0.00195312
966.076	-0.00976562
966.076	-0.0136719
966.076	-0.00195312
966.076	0.00390625
966.076	0.0078125
966.076	0.00976562
966.076	-0.00390625
966.076	-0.00195312
966.076	0.0117188
966.076	0.00195312
966.076	-0.0117188
966.076	0.0117188
966.076	0.00976562
966.076	0.00390625
966.076	0.0117188
966.076	0.00976562
966.076	0.00195312
966.076	0.00390625
966.076	-0.0078125
966.076	0
966.076	0.00585938
966.076	-0.00390625
966.076	-0.00390625
966.076	0.00976562
966.076	-0.00195312
966.076	-0.0078125
966.076	-0.00976562
966.076	-0.00390625
966.076	0
966.076	-0.00585938
966.076	-0.00195312
966.076	-0.00390625
966.076	-0.00195312
966.076	0.00976562
966.076	-0.0078125
966.076	-0.00195312
966.076	0
966.076	0.00195312
966.076	-0.00195312
966.076	0.00976562
966.076	0.00195312
966.076	-0.00585938
966.076	-0.00195312
966.076	-0.00390625
966.076	0.00195312
966.076	-0.00195312
966.076	-0.015625
966.076	-0.00976562
966.076	-0.00585938
966.076	-0.0078125
966.076	-0.0136719
966.076	-0.00195312
966.076	-0.0136719
