931.263	0.00976562
931.263	0.00976562
931.263	0.015625
931.263	0.00390625
931.263	0.015625
931.263	-0.0078125
931.263	0.015625
931.263	0.00390625
931.263	-0.0078125
931.263	0.0175781
931.263	0.00585938
931.263	-0.00976562
931.263	0.00390625
931.263	0.00976562
931.263	0.0136719
931.263	0.015625
931.263	0.00585938
931.263	0.00390625
931.263	0.015625
931.263	-0.0078125
931.263	-0.00585938
931.263	-0.00195312
931.263	0.00390625
931.263	0.00390625
931.263	0.00976562
931.263	-0.00195312
931.263	0
931.263	0.00195312
931.263	0.00195312
931.263	-0.00585938
931.263	0
931.263	-0.00976562
931.263	0.00195312
931.263	-0.00585938
931.263	-0.015625
931.263	-0.00585938
931.263	-0.00195312
931.263	0
931.263	-0.00976562
931.263	-0.0078125
931.263	0.00195312
931.263	0
931.263	-0.00390625
931.263	0.00585938
931.263	0
931.263	0.0078125
931.263	-0.00195312
931.263	-0.0078125
931.263	0
931.263	-0.00195312
931.263	-0.00195312
931.263	0.00390625
931.263	0.00195312
931.263	-0.00195312
931.263	-0.00390625
931.263	-0.0078125
931.263	-0.00976562
931.263	-0.00390625
931.263	-0.00390625
931.263	0
931.263	-0.0078125
931.263	-0.00195312
931.263	0.00195312
931.263	0
931.263	0.00195312
931.263	0.00195312
931.263	-0.00585938
931.263	0.00390625
931.263	-0.0078125
931.263	0
931.263	-0.00390625
931.263	0.00195312
931.263	-0.0136719
931.263	-0.00195312
931.263	0
931.263	0
931.263	0
931.263	0
931.263	-0.00390625
931.263	0.00585938
931.263	0.00390625
931.263	0.00195312
931.263	-0.0078125
931.263	-0.00976562
931.263	0
931.263	0.0078125
931.263	0.0078125
931.263	0.00390625
931.263	0
931.263	-0.0078125
931.263	-0.00390625
931.263	0.00585938
931.263	0.00585938
931.263	0.0078125
931.263	-0.00390625
931.263	0
931.263	-0.00585938
931.263	-0.00585938
931.263	0.00976562
931.263	0
