1679.75	0.0234375
1679.75	0.0136719
1679.75	0.00195312
1679.75	0.0175781
1679.75	0.0175781
1679.75	0.0253906
1679.75	0
1679.75	0.0195312
1679.75	0.00195312
1679.75	0.0195312
1679.75	0.0136719
1679.75	0.015625
1679.75	0.0136719
1679.75	-0.0175781
1679.75	-0.015625
1679.75	0.00585938
1679.75	0.0273438
1679.75	0.0273438
1679.75	-0.015625
1679.75	-0.00390625
1679.75	0.0175781
1679.75	0.0078125
1679.75	0
1679.75	-0.0078125
1679.75	0
1679.75	0.015625
1679.75	0.0078125
1679.75	-0.0234375
1679.75	-0.0332031
1679.75	-0.0136719
1679.75	-0.0175781
1679.75	-0.00195312
1679.75	-0.00390625
1679.75	-0.0117188
1679.75	-0.0214844
1679.75	0.00390625
1679.75	-0.0117188
1679.75	-0.00585938
1679.75	-0.0078125
1679.75	0.0253906
1679.75	-0.0117188
1679.75	0.00585938
1679.75	-0.0429688
1679.75	-0.00195312
1679.75	0.0078125
1679.75	-0.0117188
1679.75	0.00390625
1679.75	-0.0078125
1679.75	0
1679.75	-0.00195312
1679.75	0.0234375
1679.75	-0.00585938
1679.75	-0.00390625
1679.75	-0.00585938
1679.75	0.0195312
1679.75	-0.015625
1679.75	-0.0332031
1679.75	0
1679.75	0.015625
1679.75	0.0332031
1679.75	-0.00976562
1679.75	0
1679.75	0
1679.75	0.0488281
1679.75	0.0078125
1679.75	-0.00390625
1679.75	0.0253906
1679.75	0.00976562
1679.75	0.0175781
1679.75	-0.0332031
1679.75	0.0234375
1679.75	0.0136719
1679.75	-0.0078125
1679.75	-0.0195312
1679.75	-0.00976562
1679.75	0.0292969
1679.75	-0.00585938
1679.75	0.0078125
1679.75	0.015625
1679.75	0.0234375
1679.75	-0.0136719
1679.75	0.00585938
1679.75	0.015625
1679.75	0.00976562
1679.75	-0.00390625
1679.75	0.0078125
1679.75	-0.0195312
1679.75	0.0078125
1679.75	0.00390625
1679.75	-0.0195312
1679.75	0.0117188
1679.75	-0.0292969
1679.75	-0.0253906
1679.75	0
1679.75	0.00195312
1679.75	0.0117188
1679.75	-0.0136719
1679.75	0.00195312
1679.75	0.0136719
1679.75	-0.0234375
