1070.52	0.0234375
1070.52	0.0195312
1070.52	0.00976562
1070.52	0.0078125
1070.52	-0.0195312
1070.52	-0.0136719
1070.52	0.0117188
1070.52	-0.015625
1070.52	0.00390625
1070.52	-0.0136719
1070.52	0.0175781
1070.52	0
1070.52	0.0214844
1070.52	0.0214844
1070.52	-0.00976562
1070.52	-0.0117188
1070.52	-0.00390625
1070.52	-0.0078125
1070.52	-0.0078125
1070.52	-0.00195312
1070.52	0
1070.52	-0.015625
1070.52	0.0136719
1070.52	0.0078125
1070.52	0.00585938
1070.52	-0.00195312
1070.52	0.0078125
1070.52	0.00976562
1070.52	-0.00390625
1070.52	0.00976562
1070.52	0.00976562
1070.52	0.00585938
1070.52	-0.0253906
1070.52	0.00195312
1070.52	-0.0117188
1070.52	-0.0175781
1070.52	0.0078125
1070.52	0.00976562
1070.52	-0.00976562
1070.52	-0.015625
1070.52	0.00195312
1070.52	0.00195312
1070.52	0
1070.52	-0.00195312
1070.52	-0.0195312
1070.52	0.00976562
1070.52	-0.0136719
1070.52	-0.00585938
1070.52	0.00195312
1070.52	-0.00195312
1070.52	0
1070.52	0.0078125
1070.52	0
1070.52	0.00585938
1070.52	0.0078125
1070.52	-0.0175781
1070.52	0
1070.52	-0.00390625
1070.52	-0.0214844
1070.52	0.0136719
1070.52	-0.0117188
1070.52	-0.0136719
1070.52	-0.015625
1070.52	-0.00585938
1070.52	0
1070.52	0.00195312
1070.52	0.00195312
1070.52	-0.00585938
1070.52	-0.0078125
1070.52	-0.00976562
1070.52	-0.015625
1070.52	-0.00585938
1070.52	-0.0078125
1070.52	-0.00390625
1070.52	0
1070.52	-0.00585938
1070.52	-0.00195312
1070.52	0.00390625
1070.52	-0.00585938
1070.52	-0.00195312
1070.52	0.00195312
1070.52	-0.0078125
1070.52	-0.00390625
1070.52	-0.015625
1070.52	0.0117188
1070.52	0.00585938
1070.52	-0.00390625
1070.52	-0.015625
1070.52	-0.00585938
1070.52	0.00976562
1070.52	-0.0078125
1070.52	-0.00585938
1070.52	0.00195312
1070.52	0.00195312
1070.52	0.00195312
1070.52	-0.00585938
1070.52	0.00390625
1070.52	-0.0136719
1070.52	-0.0136719
1070.52	0.00585938
