1383.84	0.0351562
1383.84	-0.00585938
1383.84	-0.0078125
1383.84	-0.0175781
1383.84	-0.0117188
1383.84	0.00585938
1383.84	0.00976562
1383.84	-0.0117188
1383.84	-0.00195312
1383.84	0.015625
1383.84	-0.00976562
1383.84	0.00976562
1383.84	0.0117188
1383.84	0.0136719
1383.84	-0.00195312
1383.84	0.00195312
1383.84	0.0078125
1383.84	0.0234375
1383.84	0.0175781
1383.84	0.00390625
1383.84	0.0078125
1383.84	-0.0136719
1383.84	-0.00390625
1383.84	-0.03125
1383.84	-0.00976562
1383.84	-0.015625
1383.84	-0.00976562
1383.84	-0.0371094
1383.84	-0.00390625
1383.84	-0.0292969
1383.84	-0.0214844
1383.84	0.0253906
1383.84	0.00976562
1383.84	0.00976562
1383.84	0.0078125
1383.84	0.00390625
1383.84	-0.0136719
1383.84	0.0136719
1383.84	0.0136719
1383.84	0.0175781
1383.84	-0.00195312
1383.84	0.00976562
1383.84	-0.00195312
1383.84	0.00195312
1383.84	-0.015625
1383.84	0.00976562
1383.84	0.015625
1383.84	0.00585938
1383.84	-0.0117188
1383.84	0.00976562
1383.84	-0.00390625
1383.84	0.0234375
1383.84	-0.0117188
1383.84	0.0117188
1383.84	-0.0078125
1383.84	0.00976562
1383.84	0.00976562
1383.84	0.00976562
1383.84	0.00585938
1383.84	0.0390625
1383.84	0.00390625
1383.84	-0.00585938
1383.84	-0.00195312
1383.84	-0.0175781
1383.84	-0.00195312
1383.84	0.0078125
1383.84	0.0117188
1383.84	-0.00585938
1383.84	-0.03125
1383.84	-0.00390625
1383.84	0.00585938
1383.84	-0.00976562
1383.84	-0.00585938
1383.84	0.0292969
1383.84	0.0175781
1383.84	0.00390625
1383.84	-0.00195312
1383.84	0.015625
1383.84	-0.0136719
1383.84	0.0078125
1383.84	-0.00390625
1383.84	0.0273438
1383.84	-0.00976562
1383.84	-0.00195312
1383.84	-0.00585938
1383.84	-0.00195312
1383.84	0.0214844
1383.84	0.00976562
1383.84	0.00195312
1383.84	-0.015625
1383.84	0.0292969
1383.84	0.0117188
1383.84	0
1383.84	-0.0234375
1383.84	0.00390625
1383.84	-0.0273438
1383.84	-0.0253906
1383.84	-0.0371094
1383.84	0.00976562
1383.84	-0.00976562
