1636.24	0.03125
1636.24	0.00390625
1636.24	-0.0195312
1636.24	-0.0136719
1636.24	-0.00585938
1636.24	0.00195312
1636.24	-0.00976562
1636.24	0.015625
1636.24	-0.0332031
1636.24	0.0214844
1636.24	0.0078125
1636.24	0.0175781
1636.24	0.00195312
1636.24	0.0253906
1636.24	-0.0175781
1636.24	-0.046875
1636.24	-0.0449219
1636.24	-0.00976562
1636.24	0.00195312
1636.24	-0.015625
1636.24	0.00390625
1636.24	0.00195312
1636.24	-0.0234375
1636.24	-0.00976562
1636.24	-0.0253906
1636.24	0.0175781
1636.24	-0.0078125
1636.24	-0.0117188
1636.24	-0.0234375
1636.24	0.0292969
1636.24	0.0195312
1636.24	-0.0078125
1636.24	0.0078125
1636.24	0.0214844
1636.24	0.00195312
1636.24	0.00976562
1636.24	-0.00390625
1636.24	-0.0078125
1636.24	0.00195312
1636.24	0.00390625
1636.24	0.0195312
1636.24	-0.0117188
1636.24	0.00195312
1636.24	0.00390625
1636.24	0.00390625
1636.24	-0.00390625
1636.24	0.0117188
1636.24	-0.0332031
1636.24	0.00585938
1636.24	0.015625
1636.24	-0.00585938
1636.24	-0.00976562
1636.24	0.0078125
1636.24	0.00585938
1636.24	0
1636.24	0.00976562
1636.24	-0.00390625
1636.24	0.0234375
1636.24	0.00585938
1636.24	0.00585938
1636.24	0.0449219
1636.24	0.0175781
1636.24	0.00585938
1636.24	0
1636.24	-0.0234375
1636.24	-0.015625
1636.24	-0.0195312
1636.24	-0.0078125
1636.24	-0.0214844
1636.24	0.0078125
1636.24	-0.0175781
1636.24	0
1636.24	0.0292969
1636.24	-0.00976562
1636.24	-0.03125
1636.24	-0.0078125
1636.24	0.00585938
1636.24	-0.00195312
1636.24	-0.00195312
1636.24	-0.00390625
1636.24	0.0195312
1636.24	0.0136719
1636.24	0.00976562
1636.24	-0.046875
1636.24	-0.00585938
1636.24	0.00585938
1636.24	0.00195312
1636.24	-0.00195312
1636.24	0.00976562
1636.24	-0.00390625
1636.24	-0.0214844
1636.24	-0.00976562
1636.24	0.00390625
1636.24	0.0136719
1636.24	0.0136719
1636.24	-0.00390625
1636.24	-0.0175781
1636.24	-0.0136719
1636.24	-0.0292969
1636.24	0.00390625
