879.043	0.0117188
879.043	-0.00390625
879.043	-0.00976562
879.043	-0.0117188
879.043	0
879.043	0.00976562
879.043	0.00390625
879.043	0
879.043	-0.0117188
879.043	0.0117188
879.043	-0.0136719
879.043	0.00390625
879.043	0.0195312
879.043	0
879.043	-0.00195312
879.043	-0.0078125
879.043	0.0214844
879.043	0
879.043	0.00195312
879.043	0.00390625
879.043	0.00585938
879.043	-0.00585938
879.043	-0.0136719
879.043	-0.00390625
879.043	-0.00195312
879.043	-0.00195312
879.043	-0.00390625
879.043	0.00976562
879.043	-0.0078125
879.043	-0.0136719
879.043	-0.00585938
879.043	-0.00976562
879.043	0.00195312
879.043	0.00195312
879.043	0.00976562
879.043	-0.00585938
879.043	-0.00195312
879.043	0.00195312
879.043	0.0078125
879.043	0.00976562
879.043	0.00390625
879.043	-0.00195312
879.043	0
879.043	0
879.043	-0.00195312
879.043	-0.0078125
879.043	-0.00585938
879.043	0
879.043	0
879.043	-0.00195312
879.043	-0.00585938
879.043	0.00195312
879.043	0.00390625
879.043	-0.00976562
879.043	-0.0175781
879.043	0
879.043	0.00195312
879.043	-0.00585938
879.043	0
879.043	-0.00390625
879.043	-0.0136719
879.043	-0.00585938
879.043	-0.0117188
879.043	-0.00195312
879.043	-0.0078125
879.043	-0.0078125
879.043	-0.00585938
879.043	0.00195312
879.043	-0.00976562
879.043	0.00585938
879.043	0.00195312
879.043	-0.00195312
879.043	-0.00585938
879.043	0.00585938
879.043	0.00195312
879.043	0.00195312
879.043	0.00195312
879.043	0.00390625
879.043	-0.0175781
879.043	0.00585938
879.043	-0.00585938
879.043	-0.00585938
879.043	-0.00195312
879.043	0.00390625
879.043	0
879.043	-0.00195312
879.043	0
879.043	0.0117188
879.043	-0.0136719
879.043	-0.00390625
879.043	0.0078125
879.043	0.00585938
879.043	0
879.043	0
879.043	-0.00585938
879.043	0
879.043	0.00585938
879.043	0.00976562
879.043	0
879.043	-0.0117188
