1653.64	0.0410156
1653.64	0.015625
1653.64	0.0546875
1653.64	-0.0136719
1653.64	0.0332031
1653.64	0.015625
1653.64	-0.00976562
1653.64	0.0117188
1653.64	-0.0078125
1653.64	0.0117188
1653.64	0.0273438
1653.64	-0.00390625
1653.64	-0.0136719
1653.64	0.0117188
1653.64	-0.0136719
1653.64	0.0195312
1653.64	-0.0078125
1653.64	0.0136719
1653.64	0.0234375
1653.64	0.015625
1653.64	0.0253906
1653.64	0.0136719
1653.64	-0.00390625
1653.64	0.0390625
1653.64	0
1653.64	-0.00195312
1653.64	-0.0078125
1653.64	-0.0253906
1653.64	0.0214844
1653.64	-0.0175781
1653.64	-0.0234375
1653.64	0.046875
1653.64	0
1653.64	-0.00195312
1653.64	-0.0136719
1653.64	-0.00390625
1653.64	0.0175781
1653.64	-0.03125
1653.64	-0.0214844
1653.64	-0.0175781
1653.64	0.0273438
1653.64	0.0136719
1653.64	-0.00976562
1653.64	-0.00195312
1653.64	0.00585938
1653.64	0.0410156
1653.64	-0.0117188
1653.64	-0.00976562
1653.64	0.0195312
1653.64	-0.00976562
1653.64	0.0195312
1653.64	-0.0136719
1653.64	0.00195312
1653.64	0.015625
1653.64	0.00195312
1653.64	0.0136719
1653.64	-0.00195312
1653.64	0.00195312
1653.64	0.0078125
1653.64	0.015625
1653.64	-0.0175781
1653.64	-0.0078125
1653.64	-0.00585938
1653.64	-0.00976562
1653.64	-0.0117188
1653.64	0.00976562
1653.64	0.0136719
1653.64	0.0253906
1653.64	0.00585938
1653.64	-0.015625
1653.64	0.00585938
1653.64	-0.00195312
1653.64	-0.0078125
1653.64	-0.00195312
1653.64	-0.0214844
1653.64	0.0117188
1653.64	0.00195312
1653.64	-0.0253906
1653.64	0.0195312
1653.64	0.00976562
1653.64	0
1653.64	0.0214844
1653.64	0.00976562
1653.64	-0.0078125
1653.64	0.00195312
1653.64	-0.0175781
1653.64	-0.0214844
1653.64	-0.00195312
1653.64	-0.00585938
1653.64	0.0195312
1653.64	0.0410156
1653.64	0.0253906
1653.64	-0.00585938
1653.64	-0.0292969
1653.64	-0.0117188
1653.64	0.0175781
1653.64	-0.0390625
1653.64	-0.0175781
1653.64	-0.0195312
1653.64	-0.00585938
