948.67	0.0253906
948.67	0.00390625
948.67	0.00390625
948.67	0.00195312
948.67	-0.00390625
948.67	-0.00390625
948.67	0.00195312
948.67	0.00585938
948.67	0.0234375
948.67	0.0234375
948.67	-0.00976562
948.67	-0.0136719
948.67	0.00390625
948.67	0
948.67	-0.0078125
948.67	-0.0175781
948.67	0.00976562
948.67	0.0136719
948.67	-0.00585938
948.67	-0.0078125
948.67	-0.00585938
948.67	0.00390625
948.67	-0.00390625
948.67	0.00390625
948.67	0.00585938
948.67	0.0078125
948.67	-0.0078125
948.67	-0.015625
948.67	0.015625
948.67	0.015625
948.67	0.00390625
948.67	0.00195312
948.67	-0.00585938
948.67	-0.00390625
948.67	0.00195312
948.67	-0.00195312
948.67	-0.00195312
948.67	0.0078125
948.67	0.00585938
948.67	0.00976562
948.67	-0.00585938
948.67	0.00195312
948.67	-0.0078125
948.67	-0.0117188
948.67	-0.0117188
948.67	0.00195312
948.67	0.00390625
948.67	-0.00195312
948.67	-0.00585938
948.67	0.00585938
948.67	-0.00976562
948.67	-0.0117188
948.67	0.00585938
948.67	0
948.67	0
948.67	0.00585938
948.67	-0.0078125
948.67	0.0078125
948.67	-0.00390625
948.67	0.00390625
948.67	0.00976562
948.67	0.0136719
948.67	0.00195312
948.67	-0.0078125
948.67	0.00585938
948.67	0
948.67	0.00976562
948.67	0.00195312
948.67	-0.00585938
948.67	-0.00195312
948.67	-0.00976562
948.67	0
948.67	-0.00195312
948.67	0.0117188
948.67	0
948.67	-0.00976562
948.67	-0.0078125
948.67	0.00585938
948.67	-0.0136719
948.67	0.0078125
948.67	-0.0078125
948.67	0.015625
948.67	0
948.67	-0.00585938
948.67	-0.00976562
948.67	0.0078125
948.67	0.00390625
948.67	-0.00976562
948.67	0.00195312
948.67	-0.00390625
948.67	-0.00976562
948.67	0
948.67	0
948.67	-0.00195312
948.67	-0.00195312
948.67	-0.00390625
948.67	-0.0078125
948.67	0.0078125
948.67	-0.00976562
948.67	-0.00585938
