1166.25	0.0195312
1166.25	-0.0175781
1166.25	0.00585938
1166.25	-0.0175781
1166.25	0
1166.25	0.0175781
1166.25	-0.00390625
1166.25	0
1166.25	-0.00195312
1166.25	0.00195312
1166.25	0.00390625
1166.25	0.00195312
1166.25	0.0175781
1166.25	-0.0117188
1166.25	0.00585938
1166.25	-0.00585938
1166.25	-0.015625
1166.25	-0.00585938
1166.25	-0.00390625
1166.25	0.00390625
1166.25	0.00195312
1166.25	0
1166.25	0.0117188
1166.25	-0.0214844
1166.25	0.00195312
1166.25	0.00390625
1166.25	-0.00195312
1166.25	-0.00195312
1166.25	-0.00195312
1166.25	0.00585938
1166.25	0.00976562
1166.25	-0.0078125
1166.25	0
1166.25	-0.00390625
1166.25	-0.00390625
1166.25	0.00195312
1166.25	-0.00976562
1166.25	0.00390625
1166.25	0.0136719
1166.25	-0.00585938
1166.25	0.0234375
1166.25	-0.0078125
1166.25	-0.015625
1166.25	-0.00585938
1166.25	0.00976562
1166.25	-0.00195312
1166.25	0.00390625
1166.25	0.00195312
1166.25	0.0117188
1166.25	-0.00390625
1166.25	0.00390625
1166.25	0.00195312
1166.25	-0.00195312
1166.25	0.00976562
1166.25	-0.00195312
1166.25	0.00976562
1166.25	0.00976562
1166.25	-0.00390625
1166.25	0.00390625
1166.25	-0.0117188
1166.25	0.00390625
1166.25	0.0273438
1166.25	0.0136719
1166.25	0.00195312
1166.25	-0.00195312
1166.25	-0.00976562
1166.25	0.00585938
1166.25	-0.0078125
1166.25	-0.0136719
1166.25	-0.0078125
1166.25	0.00390625
1166.25	0.0078125
1166.25	0.0195312
1166.25	0.00390625
1166.25	0.00976562
1166.25	-0.00585938
1166.25	-0.0214844
1166.25	0.0078125
1166.25	0
1166.25	0.0136719
1166.25	0.00390625
1166.25	0.0078125
1166.25	0.00585938
1166.25	0.0117188
1166.25	0.00976562
1166.25	-0.00390625
1166.25	0.0273438
1166.25	0.015625
1166.25	0.00390625
1166.25	0.00585938
1166.25	-0.00390625
1166.25	0.00390625
1166.25	0.0175781
1166.25	0.00390625
1166.25	0.00390625
1166.25	-0.00195312
1166.25	0.00390625
1166.25	0
1166.25	0.00195312
1166.25	0.00195312
