1671.05	0.0078125
1671.05	-0.0117188
1671.05	0.00195312
1671.05	0.0175781
1671.05	-0.0136719
1671.05	0.0175781
1671.05	-0.0175781
1671.05	0.0078125
1671.05	-0.0078125
1671.05	0.0253906
1671.05	-0.0214844
1671.05	-0.00976562
1671.05	0.015625
1671.05	-0.00195312
1671.05	0.00195312
1671.05	0.0136719
1671.05	0.0078125
1671.05	-0.00585938
1671.05	0.00390625
1671.05	0.00390625
1671.05	0.0117188
1671.05	0.0175781
1671.05	-0.00195312
1671.05	-0.0078125
1671.05	-0.00585938
1671.05	-0.00585938
1671.05	-0.0117188
1671.05	-0.00195312
1671.05	0.0195312
1671.05	-0.00195312
1671.05	-0.0292969
1671.05	0.0214844
1671.05	0.0175781
1671.05	0.0078125
1671.05	0.0175781
1671.05	0.00976562
1671.05	-0.015625
1671.05	0.0292969
1671.05	0.00390625
1671.05	0.00390625
1671.05	0.0117188
1671.05	0.0078125
1671.05	0.00585938
1671.05	-0.015625
1671.05	0.015625
1671.05	0.0234375
1671.05	-0.0136719
1671.05	-0.0117188
1671.05	-0.0136719
1671.05	-0.015625
1671.05	-0.0078125
1671.05	0.00976562
1671.05	0.0195312
1671.05	0.0136719
1671.05	0.0449219
1671.05	-0.00390625
1671.05	0.00585938
1671.05	0.0117188
1671.05	-0.0234375
1671.05	0.0273438
1671.05	-0.00585938
1671.05	0.0136719
1671.05	0.015625
1671.05	0.0234375
1671.05	0.00390625
1671.05	-0.00585938
1671.05	0.00195312
1671.05	-0.0078125
1671.05	0.00390625
1671.05	0
1671.05	-0.0117188
1671.05	0.0195312
1671.05	-0.00390625
1671.05	0.00390625
1671.05	-0.0273438
1671.05	0.00390625
1671.05	0.0292969
1671.05	-0.0078125
1671.05	-0.0136719
1671.05	0.0195312
1671.05	-0.0117188
1671.05	0.03125
1671.05	0.00390625
1671.05	0.00585938
1671.05	0.00195312
1671.05	0
1671.05	0.00976562
1671.05	-0.00976562
1671.05	-0.00976562
1671.05	0.00976562
1671.05	0.00390625
1671.05	-0.0429688
1671.05	-0.0214844
1671.05	-0.0292969
1671.05	0.00585938
1671.05	0.0175781
1671.05	0.00390625
1671.05	-0.0292969
1671.05	-0.0214844
1671.05	-0.0136719
