1174.96	0.0175781
1174.96	-0.00390625
1174.96	-0.03125
1174.96	-0.0078125
1174.96	0.00585938
1174.96	0
1174.96	-0.0136719
1174.96	-0.0078125
1174.96	0.0332031
1174.96	-0.00390625
1174.96	0.00195312
1174.96	-0.0136719
1174.96	-0.0078125
1174.96	0.0273438
1174.96	-0.00195312
1174.96	0.00976562
1174.96	0.0078125
1174.96	-0.0078125
1174.96	0.00976562
1174.96	0.0117188
1174.96	0.0234375
1174.96	0.00976562
1174.96	0.015625
1174.96	0.0136719
1174.96	0.0214844
1174.96	0.00195312
1174.96	0.00585938
1174.96	-0.0078125
1174.96	-0.00195312
1174.96	-0.00585938
1174.96	0.00585938
1174.96	-0.00976562
1174.96	-0.00195312
1174.96	-0.0078125
1174.96	-0.00976562
1174.96	0.0175781
1174.96	0.00390625
1174.96	-0.00390625
1174.96	-0.00976562
1174.96	0.00195312
1174.96	0.015625
1174.96	-0.0078125
1174.96	-0.00390625
1174.96	-0.00390625
1174.96	-0.0136719
1174.96	-0.00390625
1174.96	-0.0136719
1174.96	0.00585938
1174.96	0.0117188
1174.96	-0.0078125
1174.96	-0.015625
1174.96	-0.0136719
1174.96	-0.0136719
1174.96	-0.0253906
1174.96	0
1174.96	-0.0234375
1174.96	0.0078125
1174.96	-0.00390625
1174.96	-0.0195312
1174.96	0.00976562
1174.96	0.00195312
1174.96	0.00195312
1174.96	0.0136719
1174.96	0
1174.96	-0.00976562
1174.96	0.015625
1174.96	0.015625
1174.96	-0.0136719
1174.96	-0.00585938
1174.96	-0.03125
1174.96	-0.0136719
1174.96	0.00195312
1174.96	0.00195312
1174.96	-0.00390625
1174.96	-0.00195312
1174.96	-0.0234375
1174.96	-0.00585938
1174.96	-0.0117188
1174.96	-0.00976562
1174.96	0.00585938
1174.96	0.00195312
1174.96	-0.00195312
1174.96	0.00195312
1174.96	0.0078125
1174.96	0.0117188
1174.96	0.00195312
1174.96	0.0136719
1174.96	0.0078125
1174.96	-0.015625
1174.96	0.00195312
1174.96	0.00585938
1174.96	0.0117188
1174.96	-0.00390625
1174.96	0.00390625
1174.96	0.00195312
1174.96	-0.00585938
1174.96	0.00390625
1174.96	0.0078125
1174.96	0.00390625
1174.96	-0.0136719
