1392.54	0.0488281
1392.54	-0.0078125
1392.54	0.00976562
1392.54	-0.00585938
1392.54	-0.00976562
1392.54	-0.00585938
1392.54	-0.015625
1392.54	0.0214844
1392.54	-0.0371094
1392.54	0.00976562
1392.54	-0.0136719
1392.54	-0.0371094
1392.54	-0.015625
1392.54	-0.0292969
1392.54	0.00195312
1392.54	-0.00195312
1392.54	0.00976562
1392.54	0.0078125
1392.54	0.0136719
1392.54	-0.0195312
1392.54	0.0136719
1392.54	-0.0195312
1392.54	0.0214844
1392.54	-0.0117188
1392.54	-0.0390625
1392.54	-0.0253906
1392.54	-0.00390625
1392.54	0.00390625
1392.54	-0.0117188
1392.54	-0.0078125
1392.54	0.015625
1392.54	0.00585938
1392.54	0.015625
1392.54	0.015625
1392.54	0
1392.54	0.0078125
1392.54	0.0117188
1392.54	0.0234375
1392.54	-0.00390625
1392.54	-0.00585938
1392.54	-0.0136719
1392.54	0
1392.54	-0.0273438
1392.54	0.0175781
1392.54	0.00390625
1392.54	0.00585938
1392.54	0.0136719
1392.54	-0.00195312
1392.54	-0.00585938
1392.54	-0.00390625
1392.54	-0.00390625
1392.54	0.0292969
1392.54	0.0117188
1392.54	-0.0175781
1392.54	-0.0175781
1392.54	0.00976562
1392.54	-0.0117188
1392.54	-0.00195312
1392.54	-0.0117188
1392.54	-0.0078125
1392.54	0
1392.54	-0.00976562
1392.54	-0.0136719
1392.54	0.0292969
1392.54	0.0351562
1392.54	0.0117188
1392.54	-0.0195312
1392.54	-0.0253906
1392.54	0.0078125
1392.54	0.0332031
1392.54	0.00585938
1392.54	-0.00976562
1392.54	-0.0175781
1392.54	-0.00390625
1392.54	0.0351562
1392.54	0.00390625
1392.54	-0.0195312
1392.54	-0.0195312
1392.54	-0.00390625
1392.54	-0.00195312
1392.54	0
1392.54	0.00585938
1392.54	0.015625
1392.54	0.0136719
1392.54	-0.00976562
1392.54	-0.00976562
1392.54	-0.0078125
1392.54	0.0214844
1392.54	-0.015625
1392.54	-0.015625
1392.54	0.0078125
1392.54	0.00585938
1392.54	-0.00585938
1392.54	-0.00195312
1392.54	0.00976562
1392.54	-0.0195312
1392.54	-0.0214844
1392.54	0.0078125
1392.54	0.00195312
1392.54	-0.00195312
