1418.65	0.0175781
1418.65	0.0136719
1418.65	0.00585938
1418.65	0.0253906
1418.65	-0.00390625
1418.65	-0.015625
1418.65	0.0136719
1418.65	0.0175781
1418.65	0.00976562
1418.65	0.0117188
1418.65	-0.015625
1418.65	0.00585938
1418.65	-0.0136719
1418.65	-0.0175781
1418.65	0.00390625
1418.65	0
1418.65	0.015625
1418.65	0.0195312
1418.65	0.0136719
1418.65	0.0253906
1418.65	-0.015625
1418.65	-0.0273438
1418.65	-0.0195312
1418.65	-0.00976562
1418.65	-0.0078125
1418.65	-0.00585938
1418.65	0.0292969
1418.65	0.0234375
1418.65	0.00976562
1418.65	-0.0117188
1418.65	-0.0175781
1418.65	0.00585938
1418.65	-0.0195312
1418.65	0.0078125
1418.65	0.015625
1418.65	-0.00390625
1418.65	-0.00585938
1418.65	0
1418.65	-0.015625
1418.65	0.00195312
1418.65	0.00390625
1418.65	-0.0117188
1418.65	0.0175781
1418.65	0.00585938
1418.65	0.0234375
1418.65	0.0332031
1418.65	0.03125
1418.65	0.00195312
1418.65	0.0214844
1418.65	-0.00976562
1418.65	0.00195312
1418.65	-0.0175781
1418.65	0.0234375
1418.65	0.0117188
1418.65	-0.0136719
1418.65	0.0117188
1418.65	-0.0136719
1418.65	0.00195312
1418.65	0.0136719
1418.65	-0.00585938
1418.65	0.0292969
1418.65	-0.0078125
1418.65	0.0175781
1418.65	0.0175781
1418.65	-0.00390625
1418.65	-0.0078125
1418.65	0.00585938
1418.65	0.00585938
1418.65	0.0078125
1418.65	-0.0136719
1418.65	-0.00976562
1418.65	-0.00585938
1418.65	0.00585938
1418.65	0
1418.65	0.0078125
1418.65	0.0195312
1418.65	-0.00585938
1418.65	0.0234375
1418.65	-0.00195312
1418.65	-0.00390625
1418.65	0.0195312
1418.65	0.0078125
1418.65	-0.00976562
1418.65	0.00976562
1418.65	0.0078125
1418.65	0.00976562
1418.65	-0.0292969
1418.65	-0.0175781
1418.65	0.0371094
1418.65	0.0273438
1418.65	-0.00585938
1418.65	0.0078125
1418.65	0.00585938
1418.65	-0.0175781
1418.65	-0.0214844
1418.65	-0.0136719
1418.65	-0.0175781
1418.65	0
1418.65	0.0136719
1418.65	-0.00585938
