1322.92	0.015625
1322.92	-0.0214844
1322.92	0
1322.92	0.0253906
1322.92	-0.00195312
1322.92	0.0175781
1322.92	0.00195312
1322.92	0.0117188
1322.92	0.0078125
1322.92	0.0117188
1322.92	0
1322.92	0.00585938
1322.92	-0.0175781
1322.92	0.00195312
1322.92	-0.0117188
1322.92	-0.015625
1322.92	-0.0078125
1322.92	0.00976562
1322.92	0.00585938
1322.92	0.0253906
1322.92	0.00585938
1322.92	-0.015625
1322.92	-0.0078125
1322.92	0.03125
1322.92	0.00390625
1322.92	0
1322.92	-0.0117188
1322.92	-0.00585938
1322.92	-0.00585938
1322.92	0.0253906
1322.92	0.00195312
1322.92	-0.0117188
1322.92	0
1322.92	0.00976562
1322.92	-0.00976562
1322.92	-0.00585938
1322.92	0.0253906
1322.92	-0.00976562
1322.92	-0.0175781
1322.92	0.0078125
1322.92	-0.0136719
1322.92	-0.0214844
1322.92	0.0214844
1322.92	0.0078125
1322.92	-0.0078125
1322.92	0.0195312
1322.92	0.0078125
1322.92	-0.00585938
1322.92	0.00390625
1322.92	0.0078125
1322.92	0.00585938
1322.92	-0.0253906
1322.92	0.0136719
1322.92	0.0136719
1322.92	0.0136719
1322.92	0.0214844
1322.92	0.00390625
1322.92	0.00195312
1322.92	0.0273438
1322.92	0.00195312
1322.92	0.00585938
1322.92	-0.015625
1322.92	-0.00976562
1322.92	0.00195312
1322.92	0.00585938
1322.92	0.0234375
1322.92	0.0214844
1322.92	-0.00390625
1322.92	0.00585938
1322.92	0.00390625
1322.92	0.00195312
1322.92	-0.015625
1322.92	-0.0273438
1322.92	0.00585938
1322.92	-0.0136719
1322.92	0.0078125
1322.92	0.0117188
1322.92	-0.00976562
1322.92	0.0292969
1322.92	-0.00585938
1322.92	-0.0371094
1322.92	-0.00976562
1322.92	-0.00390625
1322.92	-0.0117188
1322.92	0.0292969
1322.92	0.0175781
1322.92	0.0175781
1322.92	-0.0214844
1322.92	-0.0136719
1322.92	-0.0078125
1322.92	0
1322.92	0.00976562
1322.92	-0.00585938
1322.92	0
1322.92	0.00195312
1322.92	0.015625
1322.92	0.00390625
1322.92	-0.0078125
1322.92	-0.00390625
1322.92	0.00195312
