1018.3	-0.00585938
1018.3	-0.00585938
1018.3	0.0292969
1018.3	-0.0136719
1018.3	0.0234375
1018.3	0.015625
1018.3	0.0136719
1018.3	-0.015625
1018.3	0.0078125
1018.3	-0.00585938
1018.3	0.0078125
1018.3	0.015625
1018.3	0.00195312
1018.3	0.00585938
1018.3	-0.015625
1018.3	-0.015625
1018.3	0.0117188
1018.3	0.00195312
1018.3	-0.00195312
1018.3	0.00195312
1018.3	-0.0117188
1018.3	-0.0273438
1018.3	0
1018.3	0.00390625
1018.3	-0.00585938
1018.3	0.0136719
1018.3	0.0078125
1018.3	0.0117188
1018.3	-0.00390625
1018.3	-0.0136719
1018.3	0
1018.3	0.0078125
1018.3	0.015625
1018.3	-0.00976562
1018.3	-0.00195312
1018.3	-0.00585938
1018.3	-0.0292969
1018.3	0
1018.3	-0.00390625
1018.3	-0.00390625
1018.3	0
1018.3	0
1018.3	0.00390625
1018.3	0.0117188
1018.3	0.0078125
1018.3	-0.00195312
1018.3	-0.0078125
1018.3	-0.00585938
1018.3	0.0117188
1018.3	-0.00195312
1018.3	-0.00976562
1018.3	-0.015625
1018.3	-0.00976562
1018.3	-0.00195312
1018.3	0
1018.3	0
1018.3	0.00585938
1018.3	-0.00390625
1018.3	-0.00195312
1018.3	-0.0078125
1018.3	0.0117188
1018.3	0.0117188
1018.3	-0.00390625
1018.3	0.0078125
1018.3	-0.00585938
1018.3	-0.00390625
1018.3	0.00976562
1018.3	0
1018.3	-0.0078125
1018.3	0
1018.3	-0.0117188
1018.3	-0.0136719
1018.3	-0.0136719
1018.3	-0.0078125
1018.3	-0.015625
1018.3	0.00390625
1018.3	-0.00976562
1018.3	-0.00390625
1018.3	0.015625
1018.3	-0.0078125
1018.3	-0.00390625
1018.3	0
1018.3	0.00976562
1018.3	0.00585938
1018.3	0.0117188
1018.3	-0.00195312
1018.3	-0.00585938
1018.3	-0.00585938
1018.3	-0.00585938
1018.3	0.00195312
1018.3	-0.00585938
1018.3	-0.0195312
1018.3	0.00390625
1018.3	0.0117188
1018.3	0.0136719
1018.3	-0.015625
1018.3	-0.0078125
1018.3	0
1018.3	-0.0078125
1018.3	-0.00976562
