1261.99	0.0175781
1261.99	-0.00195312
1261.99	-0.00585938
1261.99	-0.0214844
1261.99	0.00390625
1261.99	0.015625
1261.99	-0.0117188
1261.99	-0.00195312
1261.99	0.0078125
1261.99	0
1261.99	0.0175781
1261.99	-0.00195312
1261.99	0.00195312
1261.99	-0.0292969
1261.99	-0.0214844
1261.99	-0.00195312
1261.99	0.00390625
1261.99	0.00390625
1261.99	0
1261.99	-0.0214844
1261.99	-0.00195312
1261.99	0.0175781
1261.99	-0.00195312
1261.99	-0.0253906
1261.99	0.0078125
1261.99	0.0175781
1261.99	-0.00585938
1261.99	-0.0117188
1261.99	-0.0136719
1261.99	0.0273438
1261.99	-0.0195312
1261.99	-0.00390625
1261.99	-0.0117188
1261.99	0.00390625
1261.99	0.0136719
1261.99	-0.00976562
1261.99	-0.0117188
1261.99	0.00976562
1261.99	-0.0078125
1261.99	-0.0117188
1261.99	0.00976562
1261.99	-0.00390625
1261.99	-0.0078125
1261.99	-0.00585938
1261.99	0.0214844
1261.99	0.0273438
1261.99	-0.00976562
1261.99	-0.0175781
1261.99	0.0117188
1261.99	0.0273438
1261.99	0.00390625
1261.99	0.0273438
1261.99	-0.0117188
1261.99	0.0078125
1261.99	0
1261.99	-0.0175781
1261.99	-0.00195312
1261.99	-0.00976562
1261.99	0.0136719
1261.99	0.00585938
1261.99	-0.00585938
1261.99	-0.00195312
1261.99	0.00195312
1261.99	-0.00195312
1261.99	0.0136719
1261.99	0.015625
1261.99	0.00390625
1261.99	0.0117188
1261.99	-0.00585938
1261.99	-0.00585938
1261.99	0.00976562
1261.99	-0.00390625
1261.99	-0.015625
1261.99	0.00585938
1261.99	0.00195312
1261.99	0.015625
1261.99	0
1261.99	0.00976562
1261.99	0.015625
1261.99	0.0078125
1261.99	-0.00195312
1261.99	0.015625
1261.99	0.0078125
1261.99	-0.00195312
1261.99	0.0136719
1261.99	0.00585938
1261.99	-0.0078125
1261.99	0.00390625
1261.99	0.0078125
1261.99	0.00390625
1261.99	0.00585938
1261.99	-0.00585938
1261.99	0.0078125
1261.99	0.015625
1261.99	-0.0117188
1261.99	0.00195312
1261.99	0.015625
1261.99	0
1261.99	0.0117188
1261.99	-0.00390625
