1444.76	0.0136719
1444.76	-0.00195312
1444.76	-0.00976562
1444.76	-0.0117188
1444.76	0.00390625
1444.76	0.0078125
1444.76	0
1444.76	0.0117188
1444.76	-0.00390625
1444.76	0.0292969
1444.76	-0.0117188
1444.76	0.0078125
1444.76	-0.0078125
1444.76	0.00390625
1444.76	0.00976562
1444.76	-0.0253906
1444.76	-0.0078125
1444.76	0.015625
1444.76	0.0371094
1444.76	0.00195312
1444.76	0.0214844
1444.76	0.0175781
1444.76	0.0273438
1444.76	-0.0117188
1444.76	-0.0078125
1444.76	0
1444.76	-0.0410156
1444.76	0.0175781
1444.76	0.00195312
1444.76	-0.0175781
1444.76	0.015625
1444.76	0.00390625
1444.76	-0.0195312
1444.76	0.00976562
1444.76	-0.0078125
1444.76	-0.0117188
1444.76	0
1444.76	0.00976562
1444.76	-0.0078125
1444.76	-0.0117188
1444.76	0.0410156
1444.76	0.00390625
1444.76	-0.0117188
1444.76	-0.0136719
1444.76	-0.0175781
1444.76	-0.00585938
1444.76	0
1444.76	-0.0078125
1444.76	-0.0078125
1444.76	0.0195312
1444.76	-0.0195312
1444.76	0.0117188
1444.76	-0.00195312
1444.76	-0.0117188
1444.76	-0.00585938
1444.76	-0.0175781
1444.76	-0.00585938
1444.76	-0.0117188
1444.76	-0.00195312
1444.76	-0.00976562
1444.76	0.0136719
1444.76	-0.0136719
1444.76	0.0078125
1444.76	-0.0078125
1444.76	-0.00390625
1444.76	-0.0117188
1444.76	0.00390625
1444.76	-0.00195312
1444.76	0.00976562
1444.76	-0.0117188
1444.76	0.00195312
1444.76	0.00585938
1444.76	-0.0117188
1444.76	-0.0117188
1444.76	0.0175781
1444.76	-0.0214844
1444.76	0
1444.76	0.0117188
1444.76	-0.0273438
1444.76	0.00976562
1444.76	0.0175781
1444.76	0
1444.76	0.0117188
1444.76	-0.0136719
1444.76	0.015625
1444.76	0.0253906
1444.76	-0.00390625
1444.76	0.00976562
1444.76	0.0078125
1444.76	-0.00390625
1444.76	-0.0214844
1444.76	0
1444.76	0.00195312
1444.76	0.0195312
1444.76	0.0253906
1444.76	0
1444.76	-0.00976562
1444.76	0.0117188
1444.76	0.00976562
1444.76	0.00976562
