1427.36	0.0117188
1427.36	0.00390625
1427.36	0.0117188
1427.36	-0.0175781
1427.36	0.015625
1427.36	-0.0175781
1427.36	0.0175781
1427.36	0.00585938
1427.36	-0.00195312
1427.36	-0.0078125
1427.36	0.0214844
1427.36	0.00195312
1427.36	-0.00195312
1427.36	0.0175781
1427.36	-0.00390625
1427.36	-0.0175781
1427.36	0.0117188
1427.36	0.00195312
1427.36	0.00390625
1427.36	0.0136719
1427.36	0.0136719
1427.36	-0.0214844
1427.36	-0.0117188
1427.36	0.0234375
1427.36	0.0136719
1427.36	-0.0078125
1427.36	0.00390625
1427.36	-0.0117188
1427.36	0.0136719
1427.36	0.0195312
1427.36	0.03125
1427.36	0.00390625
1427.36	-0.0117188
1427.36	0.00976562
1427.36	0.015625
1427.36	-0.00195312
1427.36	-0.00390625
1427.36	0.00195312
1427.36	0.0292969
1427.36	-0.0214844
1427.36	0.00976562
1427.36	0.00195312
1427.36	0.0175781
1427.36	-0.00195312
1427.36	0.00195312
1427.36	0.00585938
1427.36	-0.00976562
1427.36	0.0117188
1427.36	0.03125
1427.36	-0.0273438
1427.36	0.0214844
1427.36	0.0078125
1427.36	-0.00195312
1427.36	0.00195312
1427.36	-0.0136719
1427.36	-0.0449219
1427.36	-0.00976562
1427.36	-0.0078125
1427.36	-0.00390625
1427.36	-0.0078125
1427.36	0
1427.36	0.0175781
1427.36	0.0136719
1427.36	0.0078125
1427.36	-0.00195312
1427.36	-0.0117188
1427.36	-0.0214844
1427.36	-0.0234375
1427.36	-0.03125
1427.36	0.0078125
1427.36	-0.00390625
1427.36	0.0078125
1427.36	0.00976562
1427.36	-0.0136719
1427.36	-0.00390625
1427.36	0.0332031
1427.36	-0.0195312
1427.36	-0.0195312
1427.36	0.0175781
1427.36	-0.0175781
1427.36	-0.0234375
1427.36	-0.0117188
1427.36	-0.00195312
1427.36	-0.015625
1427.36	-0.00390625
1427.36	-0.00585938
1427.36	-0.015625
1427.36	0.0117188
1427.36	0.0273438
1427.36	0.0429688
1427.36	0.0214844
1427.36	-0.0214844
1427.36	0.0078125
1427.36	-0.015625
1427.36	-0.00585938
1427.36	0.0117188
1427.36	0.00585938
1427.36	0.0136719
1427.36	0.00195312
1427.36	-0.0117188
