1079.22	0.0214844
1079.22	0.0371094
1079.22	0.00585938
1079.22	0.00390625
1079.22	-0.00976562
1079.22	-0.00976562
1079.22	0
1079.22	-0.00976562
1079.22	-0.015625
1079.22	0.0117188
1079.22	0.0117188
1079.22	0.0214844
1079.22	-0.0078125
1079.22	-0.0195312
1079.22	-0.0136719
1079.22	0.0234375
1079.22	0.00585938
1079.22	0.00390625
1079.22	0.0117188
1079.22	0.00195312
1079.22	-0.0136719
1079.22	0.03125
1079.22	-0.00585938
1079.22	0
1079.22	-0.0117188
1079.22	-0.015625
1079.22	-0.00976562
1079.22	0.0117188
1079.22	-0.015625
1079.22	0.0078125
1079.22	0.00976562
1079.22	0.0078125
1079.22	-0.00585938
1079.22	0.0136719
1079.22	-0.00390625
1079.22	-0.0195312
1079.22	-0.0117188
1079.22	-0.00976562
1079.22	-0.0078125
1079.22	-0.00195312
1079.22	-0.0078125
1079.22	0.0078125
1079.22	0.00195312
1079.22	0
1079.22	0.00390625
1079.22	0
1079.22	0
1079.22	0.00976562
1079.22	0.00195312
1079.22	0.00585938
1079.22	0.0136719
1079.22	0.0117188
1079.22	-0.00976562
1079.22	0.00390625
1079.22	-0.00390625
1079.22	-0.00195312
1079.22	0.00195312
1079.22	-0.015625
1079.22	0
1079.22	0.03125
1079.22	0
1079.22	-0.00390625
1079.22	-0.00195312
1079.22	0
1079.22	-0.015625
1079.22	-0.00585938
1079.22	0.0175781
1079.22	-0.0136719
1079.22	-0.00390625
1079.22	0.00585938
1079.22	-0.00195312
1079.22	0.00195312
1079.22	-0.00976562
1079.22	0.0136719
1079.22	0.00390625
1079.22	-0.00585938
1079.22	0.00585938
1079.22	0.0117188
1079.22	0.0117188
1079.22	0.0136719
1079.22	0
1079.22	-0.0136719
1079.22	-0.0117188
1079.22	-0.00195312
1079.22	-0.00390625
1079.22	-0.015625
1079.22	-0.00195312
1079.22	-0.0234375
1079.22	-0.0136719
1079.22	0.0136719
1079.22	0
1079.22	0.00390625
1079.22	0
1079.22	0.00585938
1079.22	-0.0078125
1079.22	-0.00390625
1079.22	-0.015625
1079.22	-0.00390625
1079.22	-0.0136719
1079.22	0.00390625
