1053.11	0.0117188
1053.11	-0.00390625
1053.11	-0.00195312
1053.11	-0.015625
1053.11	0.00195312
1053.11	0.0136719
1053.11	-0.00585938
1053.11	0.0117188
1053.11	-0.00390625
1053.11	-0.00585938
1053.11	0.00390625
1053.11	-0.00585938
1053.11	-0.00390625
1053.11	-0.00585938
1053.11	0.03125
1053.11	0
1053.11	-0.00390625
1053.11	0
1053.11	0.00390625
1053.11	-0.00195312
1053.11	0.00585938
1053.11	0.00585938
1053.11	0.015625
1053.11	-0.0078125
1053.11	-0.00390625
1053.11	0.0117188
1053.11	0.00976562
1053.11	-0.00976562
1053.11	-0.0175781
1053.11	-0.0078125
1053.11	0.00585938
1053.11	-0.0078125
1053.11	-0.0117188
1053.11	-0.00976562
1053.11	0.00195312
1053.11	0.015625
1053.11	-0.00195312
1053.11	-0.00390625
1053.11	-0.00390625
1053.11	-0.00976562
1053.11	-0.0078125
1053.11	0.015625
1053.11	-0.0078125
1053.11	-0.00585938
1053.11	-0.00390625
1053.11	0.015625
1053.11	0.0078125
1053.11	0.00585938
1053.11	0.00195312
1053.11	-0.0078125
1053.11	-0.00585938
1053.11	-0.00976562
1053.11	-0.00976562
1053.11	0
1053.11	-0.00390625
1053.11	0.00195312
1053.11	-0.0214844
1053.11	0.00585938
1053.11	0.0253906
1053.11	-0.00195312
1053.11	0.0136719
1053.11	0.0214844
1053.11	-0.0078125
1053.11	-0.0136719
1053.11	0.00976562
1053.11	-0.0136719
1053.11	-0.00585938
1053.11	-0.0136719
1053.11	0
1053.11	-0.00585938
1053.11	-0.0117188
1053.11	-0.0117188
1053.11	0.0078125
1053.11	0.0078125
1053.11	0.00195312
1053.11	-0.00976562
1053.11	0
1053.11	-0.00976562
1053.11	0.00976562
1053.11	-0.00390625
1053.11	0.0078125
1053.11	0.0234375
1053.11	0
1053.11	0.00195312
1053.11	0.00195312
1053.11	0
1053.11	-0.0175781
1053.11	0
1053.11	-0.00585938
1053.11	0.00195312
1053.11	0
1053.11	0
1053.11	-0.0136719
1053.11	0.0078125
1053.11	0.00195312
1053.11	0.0136719
1053.11	-0.0195312
1053.11	-0.00976562
1053.11	0
1053.11	0.00390625
