1061.81	-0.0117188
1061.81	-0.0078125
1061.81	-0.0175781
1061.81	-0.0117188
1061.81	0
1061.81	-0.0117188
1061.81	-0.00585938
1061.81	-0.00976562
1061.81	-0.00585938
1061.81	-0.00195312
1061.81	-0.0078125
1061.81	-0.00195312
1061.81	0.00976562
1061.81	0
1061.81	0.00585938
1061.81	0.00195312
1061.81	0.0175781
1061.81	-0.0078125
1061.81	0.00976562
1061.81	-0.0117188
1061.81	0.0078125
1061.81	0.00585938
1061.81	-0.00195312
1061.81	-0.0136719
1061.81	0.00976562
1061.81	0.00585938
1061.81	-0.00195312
1061.81	-0.00390625
1061.81	0.0078125
1061.81	0
1061.81	-0.015625
1061.81	-0.0117188
1061.81	-0.0195312
1061.81	-0.0136719
1061.81	-0.00390625
1061.81	-0.00390625
1061.81	0.00976562
1061.81	-0.00585938
1061.81	0.00195312
1061.81	-0.00390625
1061.81	0.00390625
1061.81	-0.015625
1061.81	-0.015625
1061.81	0.00585938
1061.81	-0.0175781
1061.81	-0.00390625
1061.81	-0.00390625
1061.81	0.0195312
1061.81	0.00585938
1061.81	-0.0136719
1061.81	0.00585938
1061.81	-0.00976562
1061.81	0.00585938
1061.81	0.00390625
1061.81	0.00976562
1061.81	0.00585938
1061.81	-0.015625
1061.81	-0.00195312
1061.81	0.00585938
1061.81	0.0214844
1061.81	-0.00390625
1061.81	0.0195312
1061.81	-0.00195312
1061.81	0.00585938
1061.81	-0.0078125
1061.81	-0.00976562
1061.81	-0.00195312
1061.81	-0.00195312
1061.81	-0.00390625
1061.81	-0.0078125
1061.81	-0.0136719
1061.81	0
1061.81	-0.00390625
1061.81	-0.00585938
1061.81	0.00390625
1061.81	0.00390625
1061.81	0.00390625
1061.81	-0.0078125
1061.81	0.00585938
1061.81	0.00195312
1061.81	-0.00390625
1061.81	0.00195312
1061.81	-0.0078125
1061.81	0
1061.81	0.015625
1061.81	-0.0234375
1061.81	-0.0117188
1061.81	0.0078125
1061.81	0.0078125
1061.81	0
1061.81	0.0136719
1061.81	0.0175781
1061.81	0.00976562
1061.81	-0.0078125
1061.81	0.0078125
1061.81	-0.0078125
1061.81	-0.00585938
1061.81	0.00976562
1061.81	0.0078125
1061.81	0
