1723.27	0.00976562
1723.27	-0.015625
1723.27	-0.00976562
1723.27	0.00976562
1723.27	-0.0136719
1723.27	-0.00390625
1723.27	-0.0332031
1723.27	-0.046875
1723.27	-0.0117188
1723.27	-0.00195312
1723.27	-0.00976562
1723.27	-0.00976562
1723.27	0.00585938
1723.27	0.00585938
1723.27	-0.00585938
1723.27	-0.0078125
1723.27	-0.0253906
1723.27	0.00195312
1723.27	0.0175781
1723.27	-0.0117188
1723.27	-0.0117188
1723.27	-0.0117188
1723.27	-0.00585938
1723.27	-0.00195312
1723.27	0.00976562
1723.27	-0.0117188
1723.27	0.0078125
1723.27	-0.0273438
1723.27	0.00390625
1723.27	0.0078125
1723.27	0.00195312
1723.27	-0.015625
1723.27	-0.0175781
1723.27	-0.0078125
1723.27	-0.0117188
1723.27	0.00585938
1723.27	0.0292969
1723.27	-0.0273438
1723.27	-0.0136719
1723.27	-0.00390625
1723.27	0.03125
1723.27	-0.00585938
1723.27	0
1723.27	-0.0136719
1723.27	-0.00585938
1723.27	0.00390625
1723.27	-0.0371094
1723.27	0
1723.27	-0.0292969
1723.27	-0.0253906
1723.27	-0.00585938
1723.27	0.00585938
1723.27	0.00195312
1723.27	0.0449219
1723.27	0.015625
1723.27	-0.0195312
1723.27	0.00195312
1723.27	0.0136719
1723.27	-0.0078125
1723.27	-0.0234375
1723.27	0.0078125
1723.27	-0.00195312
1723.27	0.00195312
1723.27	0.0195312
1723.27	0
1723.27	-0.0195312
1723.27	-0.0214844
1723.27	0.00390625
1723.27	-0.0117188
1723.27	0.0214844
1723.27	-0.0078125
1723.27	0.00976562
1723.27	-0.0195312
1723.27	0.00195312
1723.27	0.0195312
1723.27	0
1723.27	-0.0195312
1723.27	-0.03125
1723.27	0.0078125
1723.27	0.0195312
1723.27	-0.03125
1723.27	0.0136719
1723.27	-0.00976562
1723.27	0.0117188
1723.27	0.0175781
1723.27	0.00585938
1723.27	0
1723.27	0.0234375
1723.27	0.0136719
1723.27	0.0390625
1723.27	0.0175781
1723.27	0.0175781
1723.27	-0.00195312
1723.27	0.015625
1723.27	-0.00390625
1723.27	-0.00976562
1723.27	-0.0078125
1723.27	-0.0195312
1723.27	-0.00195312
1723.27	0.00390625
