1087.92	0.00585938
1087.92	-0.00585938
1087.92	-0.0195312
1087.92	-0.00195312
1087.92	-0.00585938
1087.92	0.00195312
1087.92	-0.015625
1087.92	0.00390625
1087.92	-0.00195312
1087.92	-0.015625
1087.92	-0.00390625
1087.92	0.00390625
1087.92	0.00390625
1087.92	-0.0078125
1087.92	-0.0078125
1087.92	0.00390625
1087.92	0.0078125
1087.92	0.0195312
1087.92	0.0078125
1087.92	0.0078125
1087.92	-0.0175781
1087.92	0.00585938
1087.92	-0.0234375
1087.92	-0.0253906
1087.92	0.0136719
1087.92	0
1087.92	0.00390625
1087.92	-0.0136719
1087.92	-0.00976562
1087.92	-0.0078125
1087.92	0.00195312
1087.92	-0.00390625
1087.92	0
1087.92	-0.00195312
1087.92	0.0136719
1087.92	0.00390625
1087.92	0
1087.92	0.00390625
1087.92	0.00390625
1087.92	0.00195312
1087.92	-0.0078125
1087.92	-0.00585938
1087.92	0.00195312
1087.92	0
1087.92	0.00195312
1087.92	-0.00976562
1087.92	0.00976562
1087.92	0.00585938
1087.92	0.00195312
1087.92	-0.0136719
1087.92	-0.00390625
1087.92	-0.00390625
1087.92	-0.00585938
1087.92	0.00976562
1087.92	0.00195312
1087.92	0.00390625
1087.92	0.0136719
1087.92	0.00390625
1087.92	0.00976562
1087.92	-0.00390625
1087.92	0.00585938
1087.92	0.00976562
1087.92	0.00585938
1087.92	0.0078125
1087.92	-0.00195312
1087.92	0.015625
1087.92	0.0136719
1087.92	-0.0117188
1087.92	-0.015625
1087.92	-0.0195312
1087.92	0.00585938
1087.92	0
1087.92	0.00195312
1087.92	0.0078125
1087.92	-0.0117188
1087.92	0
1087.92	0.00585938
1087.92	0.0117188
1087.92	-0.0078125
1087.92	0
1087.92	0.0078125
1087.92	-0.00195312
1087.92	-0.00585938
1087.92	0.0136719
1087.92	-0.0078125
1087.92	0.00585938
1087.92	-0.00585938
1087.92	-0.00585938
1087.92	-0.00390625
1087.92	0.00976562
1087.92	-0.00195312
1087.92	0
1087.92	0.00585938
1087.92	-0.00390625
1087.92	-0.0117188
1087.92	0
1087.92	-0.0078125
1087.92	0.00195312
1087.92	0.00390625
1087.92	-0.00195312
