1105.33	-0.00585938
1105.33	0.00585938
1105.33	-0.00585938
1105.33	0.0078125
1105.33	0.0117188
1105.33	0.015625
1105.33	-0.00390625
1105.33	-0.00585938
1105.33	0.00976562
1105.33	-0.00976562
1105.33	-0.015625
1105.33	0.015625
1105.33	0.00585938
1105.33	-0.00195312
1105.33	-0.00390625
1105.33	0.00390625
1105.33	-0.00390625
1105.33	0
1105.33	-0.00976562
1105.33	-0.0117188
1105.33	-0.00195312
1105.33	0.03125
1105.33	0.0117188
1105.33	0
1105.33	-0.0136719
1105.33	0
1105.33	0.00390625
1105.33	0.0078125
1105.33	0.00390625
1105.33	-0.0136719
1105.33	-0.00195312
1105.33	0.00195312
1105.33	-0.00195312
1105.33	-0.00390625
1105.33	-0.00195312
1105.33	-0.0117188
1105.33	-0.00390625
1105.33	0.015625
1105.33	-0.00585938
1105.33	-0.0117188
1105.33	0.0195312
1105.33	0.0078125
1105.33	0.0175781
1105.33	0.0195312
1105.33	0.00585938
1105.33	-0.0078125
1105.33	-0.0117188
1105.33	-0.00195312
1105.33	-0.0136719
1105.33	0
1105.33	0.00585938
1105.33	-0.0136719
1105.33	-0.0136719
1105.33	0.0117188
1105.33	0.00195312
1105.33	0.00195312
1105.33	-0.015625
1105.33	0.00390625
1105.33	-0.00390625
1105.33	0.00195312
1105.33	0.0078125
1105.33	0.0078125
1105.33	0.0078125
1105.33	0.0117188
1105.33	0
1105.33	-0.00195312
1105.33	-0.00976562
1105.33	-0.00976562
1105.33	-0.0078125
1105.33	0.0078125
1105.33	0.0078125
1105.33	0.00585938
1105.33	-0.00976562
1105.33	0
1105.33	0.0136719
1105.33	-0.0078125
1105.33	-0.015625
1105.33	-0.00390625
1105.33	0.00976562
1105.33	0.015625
1105.33	0.00585938
1105.33	0.0175781
1105.33	0.0078125
1105.33	0.0214844
1105.33	0.00195312
1105.33	0.0136719
1105.33	0.0136719
1105.33	0.00585938
1105.33	-0.0078125
1105.33	0.00585938
1105.33	0.00976562
1105.33	0
1105.33	0.00585938
1105.33	-0.00976562
1105.33	0.00195312
1105.33	-0.00976562
1105.33	0.00195312
1105.33	-0.00976562
1105.33	0.0136719
1105.33	0.00195312
