1531.8	0.00390625
1531.8	-0.0449219
1531.8	-0.0351562
1531.8	0.00976562
1531.8	-0.00976562
1531.8	0.00195312
1531.8	0.00390625
1531.8	-0.0253906
1531.8	0.0390625
1531.8	-0.00390625
1531.8	-0.00195312
1531.8	0.0175781
1531.8	0.0332031
1531.8	-0.0117188
1531.8	0.015625
1531.8	0.00195312
1531.8	-0.0292969
1531.8	0.0136719
1531.8	0.00195312
1531.8	0.0253906
1531.8	0.0117188
1531.8	-0.00585938
1531.8	-0.0175781
1531.8	-0.0175781
1531.8	0.0175781
1531.8	0.0117188
1531.8	0.00390625
1531.8	0.00195312
1531.8	-0.00976562
1531.8	-0.00585938
1531.8	-0.0078125
1531.8	0.00585938
1531.8	-0.015625
1531.8	0.0195312
1531.8	-0.00976562
1531.8	0.00390625
1531.8	-0.00585938
1531.8	0.00195312
1531.8	0.0078125
1531.8	-0.0195312
1531.8	-0.00585938
1531.8	-0.0117188
1531.8	0.0214844
1531.8	0.0078125
1531.8	-0.0175781
1531.8	0.0234375
1531.8	0.015625
1531.8	0.015625
1531.8	0.015625
1531.8	0.0117188
1531.8	0.00390625
1531.8	-0.0078125
1531.8	0.00390625
1531.8	0.0078125
1531.8	0.0195312
1531.8	0.0214844
1531.8	-0.00195312
1531.8	-0.00195312
1531.8	0.0175781
1531.8	0.00585938
1531.8	0
1531.8	0.00585938
1531.8	0.0195312
1531.8	0.00390625
1531.8	0.00195312
1531.8	-0.03125
1531.8	-0.0273438
1531.8	-0.0136719
1531.8	-0.0117188
1531.8	0.00585938
1531.8	0.00195312
1531.8	-0.00390625
1531.8	0.00585938
1531.8	-0.0078125
1531.8	0.00390625
1531.8	-0.00976562
1531.8	0.00585938
1531.8	0.0117188
1531.8	0.00976562
1531.8	-0.0136719
1531.8	0.00976562
1531.8	0.0136719
1531.8	-0.0273438
1531.8	0.0078125
1531.8	0.00585938
1531.8	-0.0136719
1531.8	-0.00976562
1531.8	-0.00585938
1531.8	0.00195312
1531.8	0.0429688
1531.8	0.00976562
1531.8	-0.00390625
1531.8	-0.0253906
1531.8	0.0078125
1531.8	0.0175781
1531.8	0.00390625
1531.8	-0.0273438
1531.8	0.00976562
1531.8	0.015625
1531.8	0.00976562
