957.373	0.0214844
957.373	-0.0175781
957.373	-0.00976562
957.373	-0.0078125
957.373	-0.0117188
957.373	0.0117188
957.373	0.0078125
957.373	-0.00195312
957.373	0.015625
957.373	0.00585938
957.373	0.00195312
957.373	0.00976562
957.373	0.0214844
957.373	-0.0117188
957.373	-0.015625
957.373	0
957.373	-0.0117188
957.373	0.0078125
957.373	0.00585938
957.373	0.0117188
957.373	-0.0117188
957.373	-0.00195312
957.373	0.00195312
957.373	0.0234375
957.373	0.0214844
957.373	0.0136719
957.373	-0.00976562
957.373	-0.00585938
957.373	-0.00585938
957.373	0.00195312
957.373	0.00195312
957.373	0.0195312
957.373	0.00976562
957.373	0.00976562
957.373	0.0175781
957.373	-0.00585938
957.373	-0.0117188
957.373	0.00195312
957.373	0.00976562
957.373	0.0234375
957.373	0.00390625
957.373	-0.00390625
957.373	0.0117188
957.373	-0.00195312
957.373	-0.00390625
957.373	0.00390625
957.373	-0.00585938
957.373	0.00195312
957.373	0.015625
957.373	-0.00195312
957.373	0.00976562
957.373	-0.015625
957.373	-0.00976562
957.373	-0.0078125
957.373	-0.00390625
957.373	0.0175781
957.373	-0.00585938
957.373	0.015625
957.373	-0.00976562
957.373	-0.0175781
957.373	-0.0195312
957.373	-0.0234375
957.373	0.00390625
957.373	0
957.373	0.015625
957.373	0.00976562
957.373	0.0078125
957.373	-0.00976562
957.373	0.00195312
957.373	-0.0214844
957.373	-0.0117188
957.373	-0.0136719
957.373	0.00585938
957.373	0.00390625
957.373	0.00585938
957.373	-0.00195312
957.373	-0.0136719
957.373	0
957.373	0.0117188
957.373	0.0078125
957.373	-0.00585938
957.373	-0.0078125
957.373	-0.00390625
957.373	0.00390625
957.373	0.0234375
957.373	-0.0117188
957.373	0.0234375
957.373	-0.00390625
957.373	0.00585938
957.373	0.0078125
957.373	-0.00390625
957.373	-0.00585938
957.373	0
957.373	0.0175781
957.373	-0.00390625
957.373	-0.00976562
957.373	-0.00585938
957.373	-0.00585938
957.373	-0.00976562
957.373	0.00195312
