1401.25	0.0234375
1401.25	0.0214844
1401.25	0.0136719
1401.25	0.0136719
1401.25	0.00976562
1401.25	0.0234375
1401.25	-0.0234375
1401.25	-0.0078125
1401.25	-0.00585938
1401.25	0.0078125
1401.25	-0.0117188
1401.25	0.0117188
1401.25	0.015625
1401.25	0
1401.25	-0.015625
1401.25	0.00976562
1401.25	0
1401.25	-0.0078125
1401.25	0
1401.25	0.00390625
1401.25	0.0136719
1401.25	-0.0292969
1401.25	-0.00976562
1401.25	-0.00976562
1401.25	0.00585938
1401.25	0.0195312
1401.25	0.015625
1401.25	0.00390625
1401.25	0.0195312
1401.25	0.0117188
1401.25	-0.00976562
1401.25	0.0234375
1401.25	0.0078125
1401.25	-0.0117188
1401.25	0
1401.25	-0.0253906
1401.25	0.00585938
1401.25	0.0078125
1401.25	0.0175781
1401.25	0.0390625
1401.25	0.0234375
1401.25	0.0117188
1401.25	0.0195312
1401.25	-0.0136719
1401.25	0.0175781
1401.25	-0.0078125
1401.25	-0.00195312
1401.25	0.0214844
1401.25	0.00390625
1401.25	-0.0175781
1401.25	-0.0117188
1401.25	0.0078125
1401.25	-0.00585938
1401.25	0
1401.25	0.0078125
1401.25	-0.00585938
1401.25	-0.015625
1401.25	0.0234375
1401.25	-0.00976562
1401.25	0.0117188
1401.25	-0.0195312
1401.25	0
1401.25	0.0078125
1401.25	0.00195312
1401.25	0.0292969
1401.25	0.015625
1401.25	0
1401.25	0.00195312
1401.25	-0.0078125
1401.25	0.0214844
1401.25	0.0078125
1401.25	0.00976562
1401.25	0.015625
1401.25	-0.0136719
1401.25	0.00390625
1401.25	0.0078125
1401.25	0.00390625
1401.25	0.0273438
1401.25	-0.00195312
1401.25	-0.00585938
1401.25	-0.00585938
1401.25	0.00585938
1401.25	-0.00390625
1401.25	-0.00390625
1401.25	0.0136719
1401.25	-0.0234375
1401.25	-0.0136719
1401.25	-0.00976562
1401.25	0.0136719
1401.25	-0.0332031
1401.25	0
1401.25	-0.00390625
1401.25	0.00390625
1401.25	0.015625
1401.25	-0.0136719
1401.25	-0.00976562
1401.25	0.0371094
1401.25	-0.00390625
1401.25	0
1401.25	0.0253906
