1096.63	-0.00585938
1096.63	-0.00390625
1096.63	-0.00585938
1096.63	0.0136719
1096.63	0.00585938
1096.63	-0.0136719
1096.63	-0.0214844
1096.63	-0.00195312
1096.63	-0.00195312
1096.63	0.00195312
1096.63	0.0078125
1096.63	0.00976562
1096.63	-0.0078125
1096.63	0.00976562
1096.63	0.00976562
1096.63	-0.0117188
1096.63	0.0117188
1096.63	0.0078125
1096.63	0.00195312
1096.63	0.00976562
1096.63	0
1096.63	0.0136719
1096.63	0.00390625
1096.63	0.00195312
1096.63	-0.0117188
1096.63	0.00976562
1096.63	0
1096.63	0.015625
1096.63	0.0136719
1096.63	0.00585938
1096.63	-0.00195312
1096.63	0
1096.63	-0.00195312
1096.63	-0.00585938
1096.63	-0.0078125
1096.63	0
1096.63	0.00195312
1096.63	0.00390625
1096.63	-0.0078125
1096.63	0.00195312
1096.63	-0.00195312
1096.63	-0.00195312
1096.63	0
1096.63	0.00195312
1096.63	-0.00195312
1096.63	-0.0117188
1096.63	-0.0117188
1096.63	-0.0078125
1096.63	-0.00585938
1096.63	0.00390625
1096.63	0.0175781
1096.63	0.00195312
1096.63	0.00195312
1096.63	-0.00195312
1096.63	0.00195312
1096.63	-0.0136719
1096.63	-0.0117188
1096.63	-0.0117188
1096.63	-0.0117188
1096.63	0
1096.63	0.0117188
1096.63	0.00976562
1096.63	-0.00585938
1096.63	-0.00390625
1096.63	-0.00195312
1096.63	0.0136719
1096.63	0.00195312
1096.63	-0.00976562
1096.63	-0.00585938
1096.63	0.00585938
1096.63	0.00976562
1096.63	0.0078125
1096.63	0.00585938
1096.63	0.00195312
1096.63	0.00976562
1096.63	0
1096.63	0.00390625
1096.63	0.0078125
1096.63	-0.00390625
1096.63	-0.0078125
1096.63	0.00195312
1096.63	-0.00585938
1096.63	0
1096.63	-0.00585938
1096.63	-0.0175781
1096.63	0.00585938
1096.63	-0.00585938
1096.63	0.0136719
1096.63	0.0136719
1096.63	0.00976562
1096.63	0.0117188
1096.63	0.0136719
1096.63	0.00390625
1096.63	-0.00195312
1096.63	-0.00390625
1096.63	-0.00195312
1096.63	-0.00195312
1096.63	0
1096.63	-0.015625
1096.63	-0.0078125
