1331.62	-0.0175781
1331.62	0.00976562
1331.62	-0.00585938
1331.62	0.0078125
1331.62	0.015625
1331.62	0.0117188
1331.62	-0.0292969
1331.62	-0.00195312
1331.62	-0.00195312
1331.62	-0.00390625
1331.62	0.0195312
1331.62	0.0136719
1331.62	0.00976562
1331.62	-0.00585938
1331.62	0.0078125
1331.62	0.00195312
1331.62	-0.0195312
1331.62	0.00195312
1331.62	0.00585938
1331.62	-0.00390625
1331.62	0.0195312
1331.62	-0.0078125
1331.62	-0.0214844
1331.62	-0.0175781
1331.62	-0.0234375
1331.62	0
1331.62	-0.0136719
1331.62	-0.0253906
1331.62	0.00976562
1331.62	-0.00585938
1331.62	0.0136719
1331.62	-0.0234375
1331.62	0.00585938
1331.62	-0.00976562
1331.62	0.00390625
1331.62	-0.00976562
1331.62	0.00390625
1331.62	0.0175781
1331.62	0.0117188
1331.62	0.00976562
1331.62	0.00390625
1331.62	0.0175781
1331.62	0
1331.62	-0.0078125
1331.62	0.015625
1331.62	0.015625
1331.62	-0.00976562
1331.62	-0.00195312
1331.62	-0.00195312
1331.62	-0.00390625
1331.62	-0.0214844
1331.62	0.0078125
1331.62	0.03125
1331.62	-0.00390625
1331.62	-0.00585938
1331.62	0
1331.62	-0.03125
1331.62	-0.00390625
1331.62	-0.015625
1331.62	0
1331.62	-0.00390625
1331.62	0.00585938
1331.62	-0.0273438
1331.62	-0.0214844
1331.62	-0.0117188
1331.62	0
1331.62	-0.00976562
1331.62	0.00390625
1331.62	0.00195312
1331.62	-0.0253906
1331.62	0.00390625
1331.62	0
1331.62	0
1331.62	0.00976562
1331.62	-0.00390625
1331.62	-0.0117188
1331.62	0.0214844
1331.62	-0.0273438
1331.62	0.00390625
1331.62	-0.0175781
1331.62	0.0292969
1331.62	-0.0195312
1331.62	-0.00585938
1331.62	-0.00195312
1331.62	-0.00195312
1331.62	-0.0253906
1331.62	0.00976562
1331.62	0.0117188
1331.62	-0.0078125
1331.62	-0.00390625
1331.62	-0.00585938
1331.62	-0.0078125
1331.62	0.00390625
1331.62	-0.00195312
1331.62	-0.00585938
1331.62	-0.00195312
1331.62	0.0234375
1331.62	0.0195312
1331.62	0.00976562
1331.62	-0.00976562
