1488.28	-0.00390625
1488.28	-0.00195312
1488.28	-0.0253906
1488.28	0.0078125
1488.28	-0.00585938
1488.28	0.00585938
1488.28	0.0117188
1488.28	-0.00195312
1488.28	-0.00976562
1488.28	-0.00585938
1488.28	0.015625
1488.28	-0.00585938
1488.28	-0.0136719
1488.28	0.00585938
1488.28	-0.0117188
1488.28	0.00195312
1488.28	-0.0136719
1488.28	0.0078125
1488.28	-0.0175781
1488.28	0.03125
1488.28	-0.03125
1488.28	-0.0292969
1488.28	0.0136719
1488.28	0.0175781
1488.28	-0.0175781
1488.28	-0.0136719
1488.28	0
1488.28	-0.00976562
1488.28	0.0371094
1488.28	-0.0078125
1488.28	-0.0195312
1488.28	-0.0136719
1488.28	0.0214844
1488.28	-0.00390625
1488.28	-0.0136719
1488.28	0
1488.28	0.00585938
1488.28	-0.00976562
1488.28	-0.00976562
1488.28	0.0234375
1488.28	-0.00976562
1488.28	-0.00976562
1488.28	0.015625
1488.28	0.015625
1488.28	0.0136719
1488.28	0.0175781
1488.28	0.0117188
1488.28	0
1488.28	-0.00585938
1488.28	-0.00585938
1488.28	-0.00195312
1488.28	0.00195312
1488.28	-0.0117188
1488.28	-0.00585938
1488.28	0
1488.28	-0.0175781
1488.28	-0.00976562
1488.28	-0.0195312
1488.28	-0.00195312
1488.28	0.0214844
1488.28	0.00195312
1488.28	-0.00195312
1488.28	0.0234375
1488.28	-0.015625
1488.28	0.0117188
1488.28	-0.0273438
1488.28	0.00976562
1488.28	0.00976562
1488.28	-0.0390625
1488.28	0.0253906
1488.28	-0.00585938
1488.28	-0.0195312
1488.28	0.00390625
1488.28	0.0175781
1488.28	-0.00390625
1488.28	-0.0078125
1488.28	0.00976562
1488.28	0.0078125
1488.28	-0.03125
1488.28	-0.00195312
1488.28	0.00585938
1488.28	0.0175781
1488.28	-0.00390625
1488.28	-0.00976562
1488.28	-0.0332031
1488.28	-0.00195312
1488.28	-0.0136719
1488.28	0
1488.28	0
1488.28	-0.00585938
1488.28	0.00390625
1488.28	-0.00195312
1488.28	-0.03125
1488.28	-0.00585938
1488.28	-0.00585938
1488.28	0.015625
1488.28	-0.0214844
1488.28	0.00976562
1488.28	0.0195312
1488.28	0.0078125
