1470.87	-0.0078125
1470.87	0.00390625
1470.87	-0.0195312
1470.87	0.00390625
1470.87	0.0175781
1470.87	0.0351562
1470.87	-0.00976562
1470.87	0.0078125
1470.87	-0.00390625
1470.87	0.0253906
1470.87	-0.0175781
1470.87	-0.015625
1470.87	-0.00195312
1470.87	-0.0078125
1470.87	-0.0078125
1470.87	-0.0214844
1470.87	0.0136719
1470.87	0.00195312
1470.87	-0.0175781
1470.87	-0.0214844
1470.87	-0.00976562
1470.87	-0.00976562
1470.87	0.00585938
1470.87	0.0136719
1470.87	0
1470.87	0.0078125
1470.87	0
1470.87	-0.0332031
1470.87	0.0214844
1470.87	-0.0273438
1470.87	-0.0078125
1470.87	-0.0175781
1470.87	0.0195312
1470.87	0.00390625
1470.87	0.0234375
1470.87	-0.00585938
1470.87	0.0195312
1470.87	-0.0273438
1470.87	0.015625
1470.87	-0.00976562
1470.87	0.0117188
1470.87	-0.015625
1470.87	-0.0078125
1470.87	-0.0117188
1470.87	0.00976562
1470.87	0.0078125
1470.87	-0.00390625
1470.87	0.0136719
1470.87	-0.00976562
1470.87	-0.0117188
1470.87	-0.0117188
1470.87	-0.0332031
1470.87	-0.00976562
1470.87	-0.0195312
1470.87	0
1470.87	-0.00195312
1470.87	-0.00390625
1470.87	-0.0332031
1470.87	0.00976562
1470.87	0.00585938
1470.87	0.0078125
1470.87	-0.0195312
1470.87	0.0410156
1470.87	0.0136719
1470.87	0.0136719
1470.87	-0.00976562
1470.87	-0.0117188
1470.87	-0.0078125
1470.87	0.0351562
1470.87	0.0253906
1470.87	0.0078125
1470.87	-0.0078125
1470.87	0.0214844
1470.87	0.0117188
1470.87	0
1470.87	0.0292969
1470.87	0.0273438
1470.87	0
1470.87	0.0234375
1470.87	0.015625
1470.87	0.00585938
1470.87	0.0351562
1470.87	0.00195312
1470.87	-0.00195312
1470.87	-0.015625
1470.87	-0.0117188
1470.87	-0.0136719
1470.87	-0.0136719
1470.87	-0.0136719
1470.87	-0.0136719
1470.87	-0.015625
1470.87	0.00195312
1470.87	0.00585938
1470.87	-0.0078125
1470.87	0.00976562
1470.87	0.00390625
1470.87	0.0273438
1470.87	-0.00585938
1470.87	-0.03125
1470.87	-0.00585938
