-0.0546875	0
-0.03125	0.0105
-0.0859375	0.021
-0.00390625	0.0315
-0.0605469	0.042
-0.119141	0.0525
-0.175781	0.063
-0.181641	0.0735
-0.230469	0.084
-0.283203	0.0945
-0.269531	0.105
-0.337891	0.1155
-0.357422	0.126
-0.351562	0.1365
-0.462891	0.147
-0.427734	0.1575
-0.472656	0.168
-0.517578	0.1785
-0.505859	0.189
-0.503906	0.1995
-0.5625	0.21
-0.564453	0.2205
-0.613281	0.231
-0.59375	0.2415
-0.630859	0.252
-0.638672	0.2625
-0.632812	0.273
-0.693359	0.2835
-0.660156	0.294
-0.728516	0.3045
-0.712891	0.315
-0.71875	0.3255
-0.775391	0.336
-0.75	0.3465
-0.757812	0.357
-0.71875	0.3675
-0.746094	0.378
-0.816406	0.3885
-0.802734	0.399
-0.828125	0.4095
-0.814453	0.42
-0.845703	0.4305
-0.816406	0.441
-0.830078	0.4515
-0.84375	0.462
-0.830078	0.4725
-0.851562	0.483
-0.908203	0.4935
-0.875	0.504
-0.896484	0.5145
-0.894531	0.525
-0.892578	0.5355
-0.896484	0.546
-0.896484	0.5565
-0.888672	0.567
-0.880859	0.5775
-0.890625	0.588
-0.910156	0.5985
-0.9375	0.609
-0.917969	0.6195
-0.941406	0.63
-0.939453	0.6405
-0.943359	0.651
-0.925781	0.6615
-0.927734	0.672
-0.916016	0.6825
-0.925781	0.693
-0.958984	0.7035
-0.951172	0.714
-0.966797	0.7245
-0.947266	0.735
-0.943359	0.7455
-0.945312	0.756
-0.951172	0.7665
-0.953125	0.777
-0.966797	0.7875
-0.960938	0.798
-0.976562	0.8085
-0.974609	0.819
-0.978516	0.8295
-0.970703	0.84
-0.960938	0.8505
-0.984375	0.861
-0.974609	0.8715
-0.972656	0.882
-0.982422	0.8925
-0.984375	0.903
-0.976562	0.9135
-0.986328	0.924
-0.976562	0.9345
-0.978516	0.945
-0.986328	0.9555
-0.976562	0.966
-0.988281	0.9765
-0.978516	0.987
-0.992188	0.9975
-0.988281	1.008
-0.986328	1.0185
-0.982422	1.029
-0.988281	1.0395
-0.988281	1.05
-0.984375	1.0605
-0.990234	1.05
-0.988281	1.0395
-0.986328	1.029
-0.990234	1.0185
-0.982422	1.008
-0.988281	0.9975
-0.982422	0.987
-0.984375	0.9765
-0.966797	0.966
-0.974609	0.9555
-0.978516	0.945
-0.974609	0.9345
-0.970703	0.924
-0.980469	0.9135
-0.972656	0.903
-0.970703	0.8925
-0.980469	0.882
-0.976562	0.8715
-0.972656	0.861
-0.974609	0.8505
-0.966797	0.84
-0.976562	0.8295
-0.96875	0.819
-0.953125	0.8085
-0.949219	0.798
-0.953125	0.7875
-0.951172	0.777
-0.966797	0.7665
-0.970703	0.756
-0.947266	0.7455
-0.935547	0.735
-0.955078	0.7245
-0.951172	0.714
-0.955078	0.7035
-0.951172	0.693
-0.947266	0.6825
-0.947266	0.672
-0.941406	0.6615
-0.925781	0.651
-0.933594	0.6405
-0.931641	0.63
-0.921875	0.6195
-0.935547	0.609
-0.919922	0.5985
-0.890625	0.588
-0.935547	0.5775
-0.917969	0.567
-0.880859	0.5565
-0.916016	0.546
-0.912109	0.5355
-0.863281	0.525
-0.886719	0.5145
-0.876953	0.504
-0.869141	0.4935
-0.841797	0.483
-0.84375	0.4725
-0.847656	0.462
-0.839844	0.4515
-0.861328	0.441
-0.828125	0.4305
-0.839844	0.42
-0.802734	0.4095
-0.779297	0.399
-0.796875	0.3885
-0.769531	0.378
-0.751953	0.3675
-0.761719	0.357
-0.742188	0.3465
-0.710938	0.336
-0.742188	0.3255
-0.757812	0.315
-0.759766	0.3045
-0.6875	0.294
-0.654297	0.2835
-0.689453	0.273
-0.703125	0.2625
-0.685547	0.252
-0.605469	0.2415
-0.546875	0.231
-0.632812	0.2205
-0.587891	0.21
-0.472656	0.1995
-0.490234	0.189
-0.529297	0.1785
-0.511719	0.168
-0.423828	0.1575
-0.466797	0.147
-0.398438	0.1365
-0.378906	0.126
-0.314453	0.1155
-0.349609	0.105
-0.259766	0.0945
-0.224609	0.084
-0.197266	0.0735
-0.142578	0.063
-0.158203	0.0525
-0.195312	0.042
-0.0742188	0.0315
-0.0859375	0.021
-0.0136719	0.0105
-0.0117188	-9.36751e-17
-0.00976562	-0.0105
0.078125	-0.021
0.128906	-0.0315
0.115234	-0.042
0.117188	-0.0525
0.251953	-0.063
0.265625	-0.0735
0.265625	-0.084
0.285156	-0.0945
0.277344	-0.105
0.335938	-0.1155
0.412109	-0.126
0.443359	-0.1365
0.431641	-0.147
0.455078	-0.1575
0.472656	-0.168
0.490234	-0.1785
0.539062	-0.189
0.603516	-0.1995
0.570312	-0.21
0.601562	-0.2205
0.589844	-0.231
0.574219	-0.2415
0.597656	-0.252
0.660156	-0.2625
0.658203	-0.273
0.644531	-0.2835
0.667969	-0.294
0.720703	-0.3045
0.646484	-0.315
0.730469	-0.3255
0.751953	-0.336
0.695312	-0.3465
0.763672	-0.357
0.798828	-0.3675
0.744141	-0.378
0.806641	-0.3885
0.841797	-0.399
0.806641	-0.4095
0.84375	-0.42
0.822266	-0.4305
0.863281	-0.441
0.826172	-0.4515
0.849609	-0.462
0.859375	-0.4725
0.861328	-0.483
0.886719	-0.4935
0.882812	-0.504
0.908203	-0.5145
0.871094	-0.525
0.884766	-0.5355
0.919922	-0.546
0.886719	-0.5565
0.910156	-0.567
0.892578	-0.5775
0.919922	-0.588
0.908203	-0.5985
0.919922	-0.609
0.943359	-0.6195
0.923828	-0.63
0.941406	-0.6405
0.931641	-0.651
0.921875	-0.6615
0.945312	-0.672
0.943359	-0.6825
0.945312	-0.693
0.935547	-0.7035
0.957031	-0.714
0.953125	-0.7245
0.955078	-0.735
0.943359	-0.7455
0.9375	-0.756
0.953125	-0.7665
0.9375	-0.777
0.955078	-0.7875
0.96875	-0.798
0.955078	-0.8085
0.966797	-0.819
0.964844	-0.8295
0.958984	-0.84
0.970703	-0.8505
0.972656	-0.861
0.976562	-0.8715
0.982422	-0.882
0.976562	-0.8925
0.96875	-0.903
0.982422	-0.9135
0.980469	-0.924
0.980469	-0.9345
0.990234	-0.945
0.978516	-0.9555
0.976562	-0.966
0.974609	-0.9765
0.984375	-0.987
0.986328	-0.9975
0.974609	-1.008
0.982422	-1.0185
0.978516	-1.029
0.978516	-1.0395
0.988281	-1.05
0.994141	-1.0605
0.984375	-1.05
0.988281	-1.0395
0.980469	-1.029
0.982422	-1.0185
0.990234	-1.008
0.970703	-0.9975
0.980469	-0.987
0.984375	-0.9765
0.984375	-0.966
0.992188	-0.9555
0.982422	-0.945
0.980469	-0.9345
0.986328	-0.924
0.96875	-0.9135
0.974609	-0.903
0.978516	-0.8925
0.974609	-0.882
0.976562	-0.8715
0.980469	-0.861
0.970703	-0.8505
0.953125	-0.84
0.970703	-0.8295
0.974609	-0.819
0.96875	-0.8085
0.978516	-0.798
0.964844	-0.7875
0.960938	-0.777
0.960938	-0.7665
0.960938	-0.756
0.962891	-0.7455
0.947266	-0.735
0.962891	-0.7245
0.947266	-0.714
0.933594	-0.7035
0.945312	-0.693
0.953125	-0.6825
0.941406	-0.672
0.9375	-0.6615
0.921875	-0.651
0.941406	-0.6405
0.916016	-0.63
0.912109	-0.6195
0.917969	-0.609
0.912109	-0.5985
0.904297	-0.588
0.923828	-0.5775
0.904297	-0.567
0.876953	-0.5565
0.884766	-0.546
0.90625	-0.5355
0.912109	-0.525
0.90625	-0.5145
0.908203	-0.504
0.882812	-0.4935
0.849609	-0.483
0.851562	-0.4725
0.855469	-0.462
0.841797	-0.4515
0.822266	-0.441
0.839844	-0.4305
0.791016	-0.42
0.857422	-0.4095
0.796875	-0.399
0.824219	-0.3885
0.779297	-0.378
0.78125	-0.3675
0.796875	-0.357
0.738281	-0.3465
0.748047	-0.336
0.720703	-0.3255
0.707031	-0.315
0.667969	-0.3045
0.675781	-0.294
0.638672	-0.2835
0.662109	-0.273
0.675781	-0.2625
0.632812	-0.252
0.609375	-0.2415
0.601562	-0.231
0.535156	-0.2205
0.607422	-0.21
0.546875	-0.1995
0.544922	-0.189
0.525391	-0.1785
0.412109	-0.168
0.441406	-0.1575
0.46875	-0.147
0.402344	-0.1365
0.353516	-0.126
0.378906	-0.1155
0.314453	-0.105
0.273438	-0.0945
0.179688	-0.084
0.205078	-0.0735
0.191406	-0.063
0.222656	-0.0525
0.101562	-0.042
0.117188	-0.0315
-0.0214844	-0.021
0.0429688	-0.0105
0.00195312	-1.2837e-16
