0.0371094	0
-0.015625	0.0105
-0.0078125	0.021
-0.0976562	0.0315
-0.107422	0.042
-0.140625	0.0525
-0.121094	0.063
-0.130859	0.0735
-0.150391	0.084
-0.128906	0.0945
-0.158203	0.105
-0.169922	0.1155
-0.173828	0.126
-0.238281	0.1365
-0.279297	0.147
-0.300781	0.1575
-0.318359	0.168
-0.300781	0.1785
-0.306641	0.189
-0.296875	0.1995
-0.375	0.21
-0.386719	0.2205
-0.390625	0.231
-0.408203	0.2415
-0.478516	0.252
-0.4375	0.2625
-0.439453	0.273
-0.451172	0.2835
-0.490234	0.294
-0.519531	0.3045
-0.529297	0.315
-0.529297	0.3255
-0.533203	0.336
-0.552734	0.3465
-0.517578	0.357
-0.552734	0.3675
-0.617188	0.378
-0.574219	0.3885
-0.587891	0.399
-0.570312	0.4095
-0.607422	0.42
-0.634766	0.4305
-0.658203	0.441
-0.648438	0.4515
-0.652344	0.462
-0.646484	0.4725
-0.667969	0.483
-0.662109	0.4935
-0.707031	0.504
-0.736328	0.5145
-0.710938	0.525
-0.71875	0.5355
-0.767578	0.546
-0.732422	0.5565
-0.736328	0.567
-0.751953	0.5775
-0.773438	0.588
-0.738281	0.5985
-0.78125	0.609
-0.771484	0.6195
-0.767578	0.63
-0.783203	0.6405
-0.806641	0.651
-0.792969	0.6615
-0.808594	0.672
-0.771484	0.6825
-0.8125	0.693
-0.833984	0.7035
-0.828125	0.714
-0.816406	0.7245
-0.837891	0.735
-0.851562	0.7455
-0.857422	0.756
-0.851562	0.7665
-0.832031	0.777
-0.886719	0.7875
-0.863281	0.798
-0.894531	0.8085
-0.845703	0.819
-0.857422	0.8295
-0.859375	0.84
-0.861328	0.8505
-0.857422	0.861
-0.869141	0.8715
-0.904297	0.882
-0.867188	0.8925
-0.90625	0.903
-0.890625	0.9135
-0.902344	0.924
-0.919922	0.9345
-0.896484	0.945
-0.902344	0.9555
-0.914062	0.966
-0.923828	0.9765
-0.904297	0.987
-0.927734	0.9975
-0.921875	1.008
-0.927734	1.0185
-0.916016	1.029
-0.931641	1.0395
-0.908203	1.05
-0.931641	1.0605
-0.953125	1.05
-0.933594	1.0395
-0.921875	1.029
-0.931641	1.0185
-0.927734	1.008
-0.921875	0.9975
-0.919922	0.987
-0.898438	0.9765
-0.904297	0.966
-0.880859	0.9555
-0.927734	0.945
-0.904297	0.9345
-0.908203	0.924
-0.890625	0.9135
-0.896484	0.903
-0.900391	0.8925
-0.908203	0.882
-0.867188	0.8715
-0.900391	0.861
-0.867188	0.8505
-0.875	0.84
-0.880859	0.8295
-0.861328	0.819
-0.841797	0.8085
-0.849609	0.798
-0.845703	0.7875
-0.861328	0.777
-0.853516	0.7665
-0.855469	0.756
-0.84375	0.7455
-0.855469	0.735
-0.832031	0.7245
-0.828125	0.714
-0.835938	0.7035
-0.773438	0.693
-0.775391	0.6825
-0.806641	0.672
-0.78125	0.6615
-0.775391	0.651
-0.773438	0.6405
-0.769531	0.63
-0.746094	0.6195
-0.78125	0.609
-0.763672	0.5985
-0.742188	0.588
-0.761719	0.5775
-0.701172	0.567
-0.751953	0.5565
-0.699219	0.546
-0.738281	0.5355
-0.685547	0.525
-0.714844	0.5145
-0.673828	0.504
-0.703125	0.4935
-0.695312	0.483
-0.695312	0.4725
-0.658203	0.462
-0.666016	0.4515
-0.599609	0.441
-0.603516	0.4305
-0.5625	0.42
-0.609375	0.4095
-0.597656	0.399
-0.591797	0.3885
-0.537109	0.378
-0.601562	0.3675
-0.605469	0.357
-0.523438	0.3465
-0.53125	0.336
-0.511719	0.3255
-0.474609	0.315
-0.460938	0.3045
-0.453125	0.294
-0.466797	0.2835
-0.474609	0.273
-0.410156	0.2625
-0.40625	0.252
-0.453125	0.2415
-0.376953	0.231
-0.3125	0.2205
-0.398438	0.21
-0.345703	0.1995
-0.337891	0.189
-0.255859	0.1785
-0.302734	0.168
-0.212891	0.1575
-0.244141	0.147
-0.199219	0.1365
-0.244141	0.126
-0.199219	0.1155
-0.199219	0.105
-0.154297	0.0945
-0.158203	0.084
-0.203125	0.0735
-0.166016	0.063
-0.0996094	0.0525
-0.0859375	0.042
-0.0820312	0.0315
-0.0703125	0.021
-0.0566406	0.0105
-0.03125	-9.36751e-17
0.0410156	-0.0105
0.0292969	-0.021
0.0351562	-0.0315
0.0761719	-0.042
0.126953	-0.0525
0.0917969	-0.063
0.189453	-0.0735
0.207031	-0.084
0.173828	-0.0945
0.222656	-0.105
0.191406	-0.1155
0.292969	-0.126
0.244141	-0.1365
0.222656	-0.147
0.271484	-0.1575
0.261719	-0.168
0.292969	-0.1785
0.326172	-0.189
0.294922	-0.1995
0.373047	-0.21
0.357422	-0.2205
0.34375	-0.231
0.322266	-0.2415
0.384766	-0.252
0.435547	-0.2625
0.453125	-0.273
0.429688	-0.2835
0.464844	-0.294
0.431641	-0.3045
0.490234	-0.315
0.521484	-0.3255
0.558594	-0.336
0.503906	-0.3465
0.591797	-0.357
0.589844	-0.3675
0.582031	-0.378
0.617188	-0.3885
0.623047	-0.399
0.533203	-0.4095
0.621094	-0.42
0.580078	-0.4305
0.628906	-0.441
0.619141	-0.4515
0.664062	-0.462
0.722656	-0.4725
0.681641	-0.483
0.695312	-0.4935
0.671875	-0.504
0.681641	-0.5145
0.695312	-0.525
0.681641	-0.5355
0.769531	-0.546
0.726562	-0.5565
0.736328	-0.567
0.755859	-0.5775
0.734375	-0.588
0.730469	-0.5985
0.771484	-0.609
0.771484	-0.6195
0.777344	-0.63
0.767578	-0.6405
0.810547	-0.651
0.816406	-0.6615
0.810547	-0.672
0.791016	-0.6825
0.791016	-0.693
0.791016	-0.7035
0.826172	-0.714
0.826172	-0.7245
0.837891	-0.735
0.861328	-0.7455
0.851562	-0.756
0.865234	-0.7665
0.84375	-0.777
0.841797	-0.7875
0.857422	-0.798
0.853516	-0.8085
0.884766	-0.819
0.875	-0.8295
0.851562	-0.84
0.871094	-0.8505
0.882812	-0.861
0.878906	-0.8715
0.890625	-0.882
0.894531	-0.8925
0.871094	-0.903
0.886719	-0.9135
0.904297	-0.924
0.910156	-0.9345
0.892578	-0.945
0.910156	-0.9555
0.921875	-0.966
0.929688	-0.9765
0.900391	-0.987
0.912109	-0.9975
0.914062	-1.008
0.910156	-1.0185
0.927734	-1.029
0.935547	-1.0395
0.914062	-1.05
0.919922	-1.0605
0.927734	-1.05
0.919922	-1.0395
0.925781	-1.029
0.923828	-1.0185
0.919922	-1.008
0.908203	-0.9975
0.904297	-0.987
0.914062	-0.9765
0.904297	-0.966
0.900391	-0.9555
0.910156	-0.945
0.914062	-0.9345
0.904297	-0.924
0.884766	-0.9135
0.888672	-0.903
0.898438	-0.8925
0.880859	-0.882
0.884766	-0.8715
0.900391	-0.861
0.873047	-0.8505
0.869141	-0.84
0.857422	-0.8295
0.869141	-0.819
0.859375	-0.8085
0.876953	-0.798
0.851562	-0.7875
0.863281	-0.777
0.849609	-0.7665
0.871094	-0.756
0.859375	-0.7455
0.837891	-0.735
0.832031	-0.7245
0.832031	-0.714
0.851562	-0.7035
0.791016	-0.693
0.783203	-0.6825
0.791016	-0.672
0.802734	-0.6615
0.78125	-0.651
0.835938	-0.6405
0.771484	-0.63
0.78125	-0.6195
0.748047	-0.609
0.744141	-0.5985
0.785156	-0.588
0.746094	-0.5775
0.759766	-0.567
0.716797	-0.5565
0.701172	-0.546
0.751953	-0.5355
0.716797	-0.525
0.716797	-0.5145
0.660156	-0.504
0.648438	-0.4935
0.697266	-0.483
0.664062	-0.4725
0.673828	-0.462
0.644531	-0.4515
0.642578	-0.441
0.595703	-0.4305
0.673828	-0.42
0.613281	-0.4095
0.53125	-0.399
0.558594	-0.3885
0.632812	-0.378
0.568359	-0.3675
0.572266	-0.357
0.537109	-0.3465
0.550781	-0.336
0.5	-0.3255
0.513672	-0.315
0.5	-0.3045
0.523438	-0.294
0.474609	-0.2835
0.478516	-0.273
0.464844	-0.2625
0.386719	-0.252
0.427734	-0.2415
0.396484	-0.231
0.328125	-0.2205
0.330078	-0.21
0.335938	-0.1995
0.322266	-0.189
0.240234	-0.1785
0.308594	-0.168
0.248047	-0.1575
0.304688	-0.147
0.263672	-0.1365
0.214844	-0.126
0.167969	-0.1155
0.146484	-0.105
0.111328	-0.0945
0.138672	-0.084
0.134766	-0.0735
0.0957031	-0.063
0.103516	-0.0525
0.0683594	-0.042
0.0585938	-0.0315
0.0488281	-0.021
0.0390625	-0.0105
-0.0175781	-1.2837e-16
