0.078125	0
0.0078125	0.0105
0.015625	0.021
-0.0683594	0.0315
-0.113281	0.042
-0.0566406	0.0525
-0.0644531	0.063
-0.0761719	0.0735
-0.117188	0.084
-0.132812	0.0945
-0.115234	0.105
-0.136719	0.1155
-0.136719	0.126
-0.189453	0.1365
-0.123047	0.147
-0.123047	0.1575
-0.199219	0.168
-0.21875	0.1785
-0.251953	0.189
-0.273438	0.1995
-0.248047	0.21
-0.21875	0.2205
-0.298828	0.231
-0.300781	0.2415
-0.34375	0.252
-0.322266	0.2625
-0.357422	0.273
-0.333984	0.2835
-0.398438	0.294
-0.332031	0.3045
-0.380859	0.315
-0.363281	0.3255
-0.328125	0.336
-0.417969	0.3465
-0.410156	0.357
-0.402344	0.3675
-0.4375	0.378
-0.449219	0.3885
-0.427734	0.399
-0.486328	0.4095
-0.433594	0.42
-0.433594	0.4305
-0.480469	0.441
-0.492188	0.4515
-0.525391	0.462
-0.535156	0.4725
-0.515625	0.483
-0.519531	0.4935
-0.527344	0.504
-0.558594	0.5145
-0.5625	0.525
-0.574219	0.5355
-0.583984	0.546
-0.605469	0.5565
-0.580078	0.567
-0.601562	0.5775
-0.560547	0.588
-0.623047	0.5985
-0.632812	0.609
-0.646484	0.6195
-0.664062	0.63
-0.646484	0.6405
-0.65625	0.651
-0.664062	0.6615
-0.630859	0.672
-0.644531	0.6825
-0.681641	0.693
-0.705078	0.7035
-0.701172	0.714
-0.679688	0.7245
-0.689453	0.735
-0.689453	0.7455
-0.691406	0.756
-0.712891	0.7665
-0.714844	0.777
-0.75	0.7875
-0.751953	0.798
-0.748047	0.8085
-0.757812	0.819
-0.748047	0.8295
-0.753906	0.84
-0.755859	0.8505
-0.75	0.861
-0.763672	0.8715
-0.769531	0.882
-0.746094	0.8925
-0.810547	0.903
-0.787109	0.9135
-0.808594	0.924
-0.826172	0.9345
-0.820312	0.945
-0.791016	0.9555
-0.806641	0.966
-0.833984	0.9765
-0.820312	0.987
-0.822266	0.9975
-0.826172	1.008
-0.798828	1.0185
-0.859375	1.029
-0.824219	1.0395
-0.818359	1.05
-0.833984	1.0605
-0.826172	1.05
-0.822266	1.0395
-0.820312	1.029
-0.849609	1.0185
-0.849609	1.008
-0.824219	0.9975
-0.851562	0.987
-0.824219	0.9765
-0.78125	0.966
-0.791016	0.9555
-0.8125	0.945
-0.814453	0.9345
-0.816406	0.924
-0.751953	0.9135
-0.810547	0.903
-0.775391	0.8925
-0.820312	0.882
-0.746094	0.8715
-0.730469	0.861
-0.742188	0.8505
-0.742188	0.84
-0.751953	0.8295
-0.746094	0.819
-0.724609	0.8085
-0.724609	0.798
-0.751953	0.7875
-0.744141	0.777
-0.740234	0.7665
-0.728516	0.756
-0.671875	0.7455
-0.734375	0.735
-0.667969	0.7245
-0.714844	0.714
-0.714844	0.7035
-0.720703	0.693
-0.6875	0.6825
-0.675781	0.672
-0.658203	0.6615
-0.628906	0.651
-0.65625	0.6405
-0.664062	0.63
-0.619141	0.6195
-0.595703	0.609
-0.652344	0.5985
-0.59375	0.588
-0.599609	0.5775
-0.613281	0.567
-0.597656	0.5565
-0.568359	0.546
-0.609375	0.5355
-0.541016	0.525
-0.517578	0.5145
-0.603516	0.504
-0.529297	0.4935
-0.521484	0.483
-0.482422	0.4725
-0.496094	0.462
-0.496094	0.4515
-0.496094	0.441
-0.453125	0.4305
-0.476562	0.42
-0.441406	0.4095
-0.4375	0.399
-0.451172	0.3885
-0.384766	0.378
-0.421875	0.3675
-0.375	0.357
-0.441406	0.3465
-0.435547	0.336
-0.375	0.3255
-0.337891	0.315
-0.333984	0.3045
-0.365234	0.294
-0.296875	0.2835
-0.234375	0.273
-0.28125	0.2625
-0.302734	0.252
-0.285156	0.2415
-0.283203	0.231
-0.240234	0.2205
-0.242188	0.21
-0.292969	0.1995
-0.203125	0.189
-0.148438	0.1785
-0.191406	0.168
-0.169922	0.1575
-0.263672	0.147
-0.160156	0.1365
-0.166016	0.126
-0.109375	0.1155
-0.0820312	0.105
-0.125	0.0945
-0.125	0.084
-0.0839844	0.0735
-0.0917969	0.063
-0.0703125	0.0525
-0.138672	0.042
-0.0839844	0.0315
-0.0175781	0.021
0.0195312	0.0105
-0.015625	-9.36751e-17
0.00390625	-0.0105
-0.0175781	-0.021
-0.015625	-0.0315
0.00976562	-0.042
0.0625	-0.0525
0.103516	-0.063
0.111328	-0.0735
0.113281	-0.084
0.128906	-0.0945
0.150391	-0.105
0.128906	-0.1155
0.160156	-0.126
0.115234	-0.1365
0.164062	-0.147
0.248047	-0.1575
0.197266	-0.168
0.216797	-0.1785
0.244141	-0.189
0.259766	-0.1995
0.191406	-0.21
0.240234	-0.2205
0.238281	-0.231
0.380859	-0.2415
0.306641	-0.252
0.349609	-0.2625
0.263672	-0.273
0.304688	-0.2835
0.324219	-0.294
0.337891	-0.3045
0.363281	-0.315
0.376953	-0.3255
0.425781	-0.336
0.392578	-0.3465
0.386719	-0.357
0.451172	-0.3675
0.402344	-0.378
0.429688	-0.3885
0.476562	-0.399
0.464844	-0.4095
0.488281	-0.42
0.470703	-0.4305
0.498047	-0.441
0.478516	-0.4515
0.488281	-0.462
0.523438	-0.4725
0.513672	-0.483
0.605469	-0.4935
0.539062	-0.504
0.572266	-0.5145
0.568359	-0.525
0.583984	-0.5355
0.591797	-0.546
0.609375	-0.5565
0.595703	-0.567
0.570312	-0.5775
0.544922	-0.588
0.652344	-0.5985
0.632812	-0.609
0.638672	-0.6195
0.650391	-0.63
0.644531	-0.6405
0.654297	-0.651
0.611328	-0.6615
0.646484	-0.672
0.652344	-0.6825
0.662109	-0.693
0.701172	-0.7035
0.689453	-0.714
0.669922	-0.7245
0.722656	-0.735
0.740234	-0.7455
0.703125	-0.756
0.736328	-0.7665
0.746094	-0.777
0.716797	-0.7875
0.707031	-0.798
0.730469	-0.8085
0.765625	-0.819
0.736328	-0.8295
0.738281	-0.84
0.751953	-0.8505
0.744141	-0.861
0.763672	-0.8715
0.794922	-0.882
0.804688	-0.8925
0.779297	-0.903
0.800781	-0.9135
0.804688	-0.924
0.777344	-0.9345
0.791016	-0.945
0.789062	-0.9555
0.806641	-0.966
0.826172	-0.9765
0.818359	-0.987
0.787109	-0.9975
0.808594	-1.008
0.839844	-1.0185
0.841797	-1.029
0.826172	-1.0395
0.845703	-1.05
0.820312	-1.0605
0.822266	-1.05
0.8125	-1.0395
0.84375	-1.029
0.822266	-1.0185
0.828125	-1.008
0.787109	-0.9975
0.8125	-0.987
0.791016	-0.9765
0.785156	-0.966
0.833984	-0.9555
0.763672	-0.945
0.820312	-0.9345
0.751953	-0.924
0.748047	-0.9135
0.759766	-0.903
0.791016	-0.8925
0.783203	-0.882
0.753906	-0.8715
0.779297	-0.861
0.767578	-0.8505
0.794922	-0.84
0.753906	-0.8295
0.751953	-0.819
0.763672	-0.8085
0.732422	-0.798
0.695312	-0.7875
0.755859	-0.777
0.712891	-0.7665
0.691406	-0.756
0.736328	-0.7455
0.730469	-0.735
0.699219	-0.7245
0.685547	-0.714
0.710938	-0.7035
0.669922	-0.693
0.722656	-0.6825
0.646484	-0.672
0.636719	-0.6615
0.660156	-0.651
0.623047	-0.6405
0.648438	-0.63
0.640625	-0.6195
0.625	-0.609
0.623047	-0.5985
0.658203	-0.588
0.572266	-0.5775
0.572266	-0.567
0.589844	-0.5565
0.601562	-0.546
0.597656	-0.5355
0.535156	-0.525
0.541016	-0.5145
0.628906	-0.504
0.498047	-0.4935
0.546875	-0.483
0.570312	-0.4725
0.533203	-0.462
0.517578	-0.4515
0.466797	-0.441
0.486328	-0.4305
0.460938	-0.42
0.457031	-0.4095
0.423828	-0.399
0.496094	-0.3885
0.402344	-0.378
0.400391	-0.3675
0.462891	-0.357
0.351562	-0.3465
0.363281	-0.336
0.390625	-0.3255
0.330078	-0.315
0.388672	-0.3045
0.316406	-0.294
0.324219	-0.2835
0.353516	-0.273
0.3125	-0.2625
0.316406	-0.252
0.3125	-0.2415
0.292969	-0.231
0.248047	-0.2205
0.269531	-0.21
0.195312	-0.1995
0.224609	-0.189
0.181641	-0.1785
0.150391	-0.168
0.199219	-0.1575
0.177734	-0.147
0.175781	-0.1365
0.152344	-0.126
0.140625	-0.1155
0.103516	-0.105
0.0957031	-0.0945
0.142578	-0.084
0.0410156	-0.0735
0.046875	-0.063
0.0625	-0.0525
0.0566406	-0.042
0.0605469	-0.0315
0.0273438	-0.021
0.0605469	-0.0105
0.0078125	-1.2837e-16
