-0.0332031	0
-0.0214844	0.0105
-0.0214844	0.021
0.0253906	0.0315
-0.0429688	0.042
-0.0488281	0.0525
-0.0625	0.063
-0.0839844	0.0735
-0.0507812	0.084
-0.142578	0.0945
-0.0800781	0.105
-0.117188	0.1155
-0.142578	0.126
-0.105469	0.1365
-0.166016	0.147
-0.15625	0.1575
-0.152344	0.168
-0.144531	0.1785
-0.160156	0.189
-0.183594	0.1995
-0.220703	0.21
-0.183594	0.2205
-0.261719	0.231
-0.228516	0.2415
-0.257812	0.252
-0.220703	0.2625
-0.263672	0.273
-0.246094	0.2835
-0.246094	0.294
-0.300781	0.3045
-0.261719	0.315
-0.34375	0.3255
-0.359375	0.336
-0.322266	0.3465
-0.351562	0.357
-0.347656	0.3675
-0.302734	0.378
-0.400391	0.3885
-0.341797	0.399
-0.361328	0.4095
-0.306641	0.42
-0.367188	0.4305
-0.384766	0.441
-0.378906	0.4515
-0.431641	0.462
-0.416016	0.4725
-0.441406	0.483
-0.449219	0.4935
-0.427734	0.504
-0.46875	0.5145
-0.451172	0.525
-0.464844	0.5355
-0.416016	0.546
-0.451172	0.5565
-0.5	0.567
-0.513672	0.5775
-0.523438	0.588
-0.472656	0.5985
-0.498047	0.609
-0.5	0.6195
-0.515625	0.63
-0.552734	0.6405
-0.466797	0.651
-0.574219	0.6615
-0.542969	0.672
-0.583984	0.6825
-0.556641	0.693
-0.570312	0.7035
-0.576172	0.714
-0.603516	0.7245
-0.582031	0.735
-0.587891	0.7455
-0.634766	0.756
-0.589844	0.7665
-0.625	0.777
-0.669922	0.7875
-0.611328	0.798
-0.666016	0.8085
-0.650391	0.819
-0.634766	0.8295
-0.636719	0.84
-0.607422	0.8505
-0.660156	0.861
-0.710938	0.8715
-0.673828	0.882
-0.707031	0.8925
-0.677734	0.903
-0.705078	0.9135
-0.712891	0.924
-0.6875	0.9345
-0.683594	0.945
-0.720703	0.9555
-0.6875	0.966
-0.703125	0.9765
-0.751953	0.987
-0.707031	0.9975
-0.722656	1.008
-0.708984	1.0185
-0.771484	1.029
-0.707031	1.0395
-0.753906	1.05
-0.773438	1.0605
-0.744141	1.05
-0.712891	1.0395
-0.742188	1.029
-0.738281	1.0185
-0.744141	1.008
-0.707031	0.9975
-0.685547	0.987
-0.695312	0.9765
-0.6875	0.966
-0.710938	0.9555
-0.689453	0.945
-0.658203	0.9345
-0.65625	0.924
-0.685547	0.9135
-0.695312	0.903
-0.666016	0.8925
-0.662109	0.882
-0.636719	0.8715
-0.681641	0.861
-0.609375	0.8505
-0.630859	0.84
-0.597656	0.8295
-0.660156	0.819
-0.615234	0.8085
-0.605469	0.798
-0.591797	0.7875
-0.591797	0.777
-0.630859	0.7665
-0.621094	0.756
-0.564453	0.7455
-0.5625	0.735
-0.5625	0.7245
-0.574219	0.714
-0.585938	0.7035
-0.587891	0.693
-0.552734	0.6825
-0.556641	0.672
-0.53125	0.6615
-0.539062	0.651
-0.533203	0.6405
-0.527344	0.63
-0.498047	0.6195
-0.511719	0.609
-0.462891	0.5985
-0.464844	0.588
-0.539062	0.5775
-0.525391	0.567
-0.457031	0.5565
-0.492188	0.546
-0.457031	0.5355
-0.460938	0.525
-0.425781	0.5145
-0.419922	0.504
-0.447266	0.4935
-0.447266	0.483
-0.388672	0.4725
-0.404297	0.462
-0.347656	0.4515
-0.464844	0.441
-0.421875	0.4305
-0.419922	0.42
-0.339844	0.4095
-0.392578	0.399
-0.296875	0.3885
-0.373047	0.378
-0.371094	0.3675
-0.261719	0.357
-0.296875	0.3465
-0.222656	0.336
-0.294922	0.3255
-0.259766	0.315
-0.287109	0.3045
-0.263672	0.294
-0.251953	0.2835
-0.261719	0.273
-0.21875	0.2625
-0.306641	0.252
-0.292969	0.2415
-0.183594	0.231
-0.179688	0.2205
-0.164062	0.21
-0.207031	0.1995
-0.181641	0.189
-0.166016	0.1785
-0.126953	0.168
-0.179688	0.1575
-0.113281	0.147
-0.123047	0.1365
-0.144531	0.126
-0.128906	0.1155
-0.0820312	0.105
-0.142578	0.0945
-0.0703125	0.084
-0.0722656	0.0735
-0.0332031	0.063
-0.0761719	0.0525
0.0117188	0.042
-0.00976562	0.0315
0.03125	0.021
0.0390625	0.0105
-0.0234375	-9.36751e-17
-0.00585938	-0.0105
-0.0253906	-0.021
0.0253906	-0.0315
0.0507812	-0.042
-0.0078125	-0.0525
0.0332031	-0.063
0.0546875	-0.0735
0.117188	-0.084
0.0703125	-0.0945
0.0839844	-0.105
0.0546875	-0.1155
0.117188	-0.126
0.144531	-0.1365
0.0976562	-0.147
0.173828	-0.1575
0.140625	-0.168
0.0546875	-0.1785
0.15625	-0.189
0.138672	-0.1995
0.199219	-0.21
0.220703	-0.2205
0.160156	-0.231
0.212891	-0.2415
0.183594	-0.252
0.230469	-0.2625
0.248047	-0.273
0.306641	-0.2835
0.251953	-0.294
0.275391	-0.3045
0.28125	-0.315
0.296875	-0.3255
0.267578	-0.336
0.28125	-0.3465
0.3125	-0.357
0.380859	-0.3675
0.339844	-0.378
0.28125	-0.3885
0.373047	-0.399
0.359375	-0.4095
0.345703	-0.42
0.410156	-0.4305
0.400391	-0.441
0.451172	-0.4515
0.427734	-0.462
0.429688	-0.4725
0.398438	-0.483
0.427734	-0.4935
0.410156	-0.504
0.417969	-0.5145
0.458984	-0.525
0.460938	-0.5355
0.474609	-0.546
0.478516	-0.5565
0.517578	-0.567
0.488281	-0.5775
0.443359	-0.588
0.466797	-0.5985
0.490234	-0.609
0.544922	-0.6195
0.574219	-0.63
0.533203	-0.6405
0.53125	-0.651
0.566406	-0.6615
0.554688	-0.672
0.619141	-0.6825
0.572266	-0.693
0.576172	-0.7035
0.625	-0.714
0.599609	-0.7245
0.59375	-0.735
0.607422	-0.7455
0.619141	-0.756
0.619141	-0.7665
0.623047	-0.777
0.609375	-0.7875
0.613281	-0.798
0.613281	-0.8085
0.681641	-0.819
0.640625	-0.8295
0.609375	-0.84
0.625	-0.8505
0.666016	-0.861
0.660156	-0.8715
0.644531	-0.882
0.671875	-0.8925
0.742188	-0.903
0.677734	-0.9135
0.669922	-0.924
0.683594	-0.9345
0.71875	-0.945
0.708984	-0.9555
0.667969	-0.966
0.669922	-0.9765
0.728516	-0.987
0.722656	-0.9975
0.722656	-1.008
0.707031	-1.0185
0.742188	-1.029
0.730469	-1.0395
0.736328	-1.05
0.759766	-1.0605
0.732422	-1.05
0.685547	-1.0395
0.726562	-1.029
0.740234	-1.0185
0.710938	-1.008
0.724609	-0.9975
0.714844	-0.987
0.744141	-0.9765
0.707031	-0.966
0.751953	-0.9555
0.724609	-0.945
0.703125	-0.9345
0.689453	-0.924
0.708984	-0.9135
0.707031	-0.903
0.636719	-0.8925
0.681641	-0.882
0.664062	-0.8715
0.638672	-0.861
0.646484	-0.8505
0.636719	-0.84
0.642578	-0.8295
0.642578	-0.819
0.648438	-0.8085
0.648438	-0.798
0.634766	-0.7875
0.587891	-0.777
0.609375	-0.7665
0.630859	-0.756
0.560547	-0.7455
0.587891	-0.735
0.568359	-0.7245
0.587891	-0.714
0.574219	-0.7035
0.578125	-0.693
0.535156	-0.6825
0.580078	-0.672
0.550781	-0.6615
0.513672	-0.651
0.527344	-0.6405
0.507812	-0.63
0.476562	-0.6195
0.542969	-0.609
0.525391	-0.5985
0.498047	-0.588
0.498047	-0.5775
0.451172	-0.567
0.513672	-0.5565
0.482422	-0.546
0.511719	-0.5355
0.472656	-0.525
0.419922	-0.5145
0.451172	-0.504
0.396484	-0.4935
0.431641	-0.483
0.398438	-0.4725
0.423828	-0.462
0.347656	-0.4515
0.386719	-0.441
0.439453	-0.4305
0.373047	-0.42
0.388672	-0.4095
0.34375	-0.399
0.365234	-0.3885
0.414062	-0.378
0.345703	-0.3675
0.34375	-0.357
0.296875	-0.3465
0.341797	-0.336
0.251953	-0.3255
0.300781	-0.315
0.275391	-0.3045
0.210938	-0.294
0.203125	-0.2835
0.255859	-0.273
0.289062	-0.2625
0.259766	-0.252
0.171875	-0.2415
0.201172	-0.231
0.181641	-0.2205
0.167969	-0.21
0.171875	-0.1995
0.199219	-0.189
0.207031	-0.1785
0.1875	-0.168
0.154297	-0.1575
0.15625	-0.147
0.166016	-0.1365
0.113281	-0.126
0.123047	-0.1155
0.113281	-0.105
0.0488281	-0.0945
0.0585938	-0.084
0.0527344	-0.0735
0.121094	-0.063
0.0605469	-0.0525
0.0117188	-0.042
0.0859375	-0.0315
0.00390625	-0.021
-0.0703125	-0.0105
-0.00976562	-1.2837e-16
