0.101562	0
-0.193359	0.0025
-0.371094	0.005
-0.470703	0.0075
-0.523438	0.01
-0.558594	0.0125
-0.611328	0.015
-0.75	0.0175
-0.705078	0.02
-0.714844	0.0225
-0.720703	0.025
-0.763672	0.0275
-0.835938	0.03
-0.794922	0.0325
-0.824219	0.035
-0.832031	0.0375
-0.859375	0.04
-0.910156	0.0425
-0.882812	0.045
-0.845703	0.0475
-0.863281	0.05
-0.890625	0.0475
-0.904297	0.045
-0.892578	0.0425
-0.851562	0.04
-0.830078	0.0375
-0.833984	0.035
-0.798828	0.0325
-0.730469	0.03
-0.779297	0.0275
-0.796875	0.025
-0.716797	0.0225
-0.734375	0.02
-0.693359	0.0175
-0.701172	0.015
-0.666016	0.0125
-0.462891	0.01
-0.476562	0.0075
-0.347656	0.005
-0.171875	0.0025
-0.0449219	-8.67362e-19
0.226562	-0.0025
0.408203	-0.005
0.414062	-0.0075
0.625	-0.01
0.644531	-0.0125
0.611328	-0.015
0.703125	-0.0175
0.746094	-0.02
0.728516	-0.0225
0.775391	-0.025
0.767578	-0.0275
0.839844	-0.03
0.794922	-0.0325
0.878906	-0.035
0.791016	-0.0375
0.8125	-0.04
0.837891	-0.0425
0.871094	-0.045
0.871094	-0.0475
0.876953	-0.05
0.904297	-0.0475
0.832031	-0.045
0.863281	-0.0425
0.802734	-0.04
0.783203	-0.0375
0.833984	-0.035
0.814453	-0.0325
0.863281	-0.03
0.814453	-0.0275
0.816406	-0.025
0.787109	-0.0225
0.751953	-0.02
0.792969	-0.0175
0.728516	-0.015
0.578125	-0.0125
0.53125	-0.01
0.492188	-0.0075
0.291016	-0.005
0.150391	-0.0025
