-0.0859375	0
-0.00195312	0.0105
-0.046875	0.021
-0.0429688	0.0315
-0.0292969	0.042
-0.015625	0.0525
-0.0625	0.063
-0.101562	0.0735
-0.0429688	0.084
-0.0625	0.0945
-0.0585938	0.105
-0.0449219	0.1155
-0.078125	0.126
-0.125	0.1365
-0.046875	0.147
-0.0957031	0.1575
-0.177734	0.168
-0.144531	0.1785
-0.136719	0.189
-0.130859	0.1995
-0.167969	0.21
-0.195312	0.2205
-0.136719	0.231
-0.128906	0.2415
-0.208984	0.252
-0.205078	0.2625
-0.214844	0.273
-0.203125	0.2835
-0.265625	0.294
-0.232422	0.3045
-0.15625	0.315
-0.212891	0.3255
-0.238281	0.336
-0.236328	0.3465
-0.269531	0.357
-0.302734	0.3675
-0.291016	0.378
-0.3125	0.3885
-0.28125	0.399
-0.246094	0.4095
-0.34375	0.42
-0.349609	0.4305
-0.363281	0.441
-0.328125	0.4515
-0.296875	0.462
-0.355469	0.4725
-0.292969	0.483
-0.357422	0.4935
-0.375	0.504
-0.388672	0.5145
-0.427734	0.525
-0.378906	0.5355
-0.3125	0.546
-0.371094	0.5565
-0.396484	0.567
-0.445312	0.5775
-0.427734	0.588
-0.388672	0.5985
-0.433594	0.609
-0.433594	0.6195
-0.458984	0.63
-0.427734	0.6405
-0.445312	0.651
-0.486328	0.6615
-0.498047	0.672
-0.447266	0.6825
-0.458984	0.693
-0.480469	0.7035
-0.460938	0.714
-0.533203	0.7245
-0.533203	0.735
-0.507812	0.7455
-0.478516	0.756
-0.537109	0.7665
-0.521484	0.777
-0.537109	0.7875
-0.529297	0.798
-0.587891	0.8085
-0.533203	0.819
-0.542969	0.8295
-0.576172	0.84
-0.5625	0.8505
-0.582031	0.861
-0.552734	0.8715
-0.601562	0.882
-0.582031	0.8925
-0.591797	0.903
-0.601562	0.9135
-0.644531	0.924
-0.638672	0.9345
-0.560547	0.945
-0.613281	0.9555
-0.585938	0.966
-0.662109	0.9765
-0.626953	0.987
-0.583984	0.9975
-0.644531	1.008
-0.609375	1.0185
-0.607422	1.029
-0.675781	1.0395
-0.658203	1.05
-0.650391	1.0605
-0.695312	1.05
-0.613281	1.0395
-0.583984	1.029
-0.642578	1.0185
-0.623047	1.008
-0.623047	0.9975
-0.623047	0.987
-0.617188	0.9765
-0.613281	0.966
-0.607422	0.9555
-0.621094	0.945
-0.601562	0.9345
-0.511719	0.924
-0.609375	0.9135
-0.630859	0.903
-0.615234	0.8925
-0.615234	0.882
-0.566406	0.8715
-0.550781	0.861
-0.587891	0.8505
-0.548828	0.84
-0.542969	0.8295
-0.578125	0.819
-0.564453	0.8085
-0.537109	0.798
-0.568359	0.7875
-0.523438	0.777
-0.53125	0.7665
-0.548828	0.756
-0.539062	0.7455
-0.550781	0.735
-0.515625	0.7245
-0.496094	0.714
-0.486328	0.7035
-0.550781	0.693
-0.464844	0.6825
-0.498047	0.672
-0.439453	0.6615
-0.496094	0.651
-0.404297	0.6405
-0.482422	0.63
-0.455078	0.6195
-0.453125	0.609
-0.490234	0.5985
-0.466797	0.588
-0.363281	0.5775
-0.394531	0.567
-0.382812	0.5565
-0.353516	0.546
-0.392578	0.5355
-0.382812	0.525
-0.359375	0.5145
-0.339844	0.504
-0.333984	0.4935
-0.378906	0.483
-0.335938	0.4725
-0.292969	0.462
-0.351562	0.4515
-0.337891	0.441
-0.34375	0.4305
-0.300781	0.42
-0.275391	0.4095
-0.277344	0.399
-0.269531	0.3885
-0.300781	0.378
-0.304688	0.3675
-0.283203	0.357
-0.275391	0.3465
-0.244141	0.336
-0.248047	0.3255
-0.246094	0.315
-0.222656	0.3045
-0.294922	0.294
-0.162109	0.2835
-0.146484	0.273
-0.160156	0.2625
-0.242188	0.252
-0.210938	0.2415
-0.251953	0.231
-0.150391	0.2205
-0.134766	0.21
-0.142578	0.1995
-0.201172	0.189
-0.132812	0.1785
-0.138672	0.168
-0.152344	0.1575
-0.0292969	0.147
-0.0683594	0.1365
-0.107422	0.126
-0.0996094	0.1155
-0.109375	0.105
-0.0800781	0.0945
-0.0625	0.084
-0.132812	0.0735
-0.00390625	0.063
-0.09375	0.0525
-0.0332031	0.042
-0.0839844	0.0315
-0.00390625	0.021
-0.0253906	0.0105
0.00390625	-9.36751e-17
0	-0.0105
0.0351562	-0.021
0.0234375	-0.0315
0.0703125	-0.042
0.134766	-0.0525
0.09375	-0.063
0.0136719	-0.0735
0.0429688	-0.084
0.0996094	-0.0945
0.0605469	-0.105
0.0683594	-0.1155
0.107422	-0.126
0.0996094	-0.1365
0.103516	-0.147
0.0820312	-0.1575
0.0683594	-0.168
0.154297	-0.1785
0.140625	-0.189
0.189453	-0.1995
0.130859	-0.21
0.148438	-0.2205
0.160156	-0.231
0.189453	-0.2415
0.195312	-0.252
0.146484	-0.2625
0.173828	-0.273
0.21875	-0.2835
0.267578	-0.294
0.234375	-0.3045
0.212891	-0.315
0.287109	-0.3255
0.253906	-0.336
0.240234	-0.3465
0.210938	-0.357
0.257812	-0.3675
0.21875	-0.378
0.261719	-0.3885
0.287109	-0.399
0.259766	-0.4095
0.337891	-0.42
0.3125	-0.4305
0.324219	-0.441
0.341797	-0.4515
0.390625	-0.462
0.373047	-0.4725
0.337891	-0.483
0.369141	-0.4935
0.416016	-0.504
0.353516	-0.5145
0.380859	-0.525
0.376953	-0.5355
0.367188	-0.546
0.373047	-0.5565
0.404297	-0.567
0.416016	-0.5775
0.429688	-0.588
0.402344	-0.5985
0.455078	-0.609
0.427734	-0.6195
0.416016	-0.63
0.427734	-0.6405
0.429688	-0.651
0.46875	-0.6615
0.396484	-0.672
0.439453	-0.6825
0.445312	-0.693
0.503906	-0.7035
0.472656	-0.714
0.496094	-0.7245
0.478516	-0.735
0.548828	-0.7455
0.449219	-0.756
0.515625	-0.7665
0.552734	-0.777
0.503906	-0.7875
0.507812	-0.798
0.560547	-0.8085
0.517578	-0.819
0.583984	-0.8295
0.583984	-0.84
0.546875	-0.8505
0.611328	-0.861
0.582031	-0.8715
0.560547	-0.882
0.615234	-0.8925
0.603516	-0.903
0.576172	-0.9135
0.603516	-0.924
0.654297	-0.9345
0.634766	-0.945
0.560547	-0.9555
0.607422	-0.966
0.638672	-0.9765
0.626953	-0.987
0.623047	-0.9975
0.59375	-1.008
0.640625	-1.0185
0.591797	-1.029
0.679688	-1.0395
0.662109	-1.05
0.660156	-1.0605
0.697266	-1.05
0.646484	-1.0395
0.683594	-1.029
0.630859	-1.0185
0.681641	-1.008
0.636719	-0.9975
0.626953	-0.987
0.677734	-0.9765
0.626953	-0.966
0.626953	-0.9555
0.625	-0.945
0.626953	-0.9345
0.603516	-0.924
0.580078	-0.9135
0.591797	-0.903
0.609375	-0.8925
0.572266	-0.882
0.595703	-0.8715
0.587891	-0.861
0.539062	-0.8505
0.556641	-0.84
0.556641	-0.8295
0.5625	-0.819
0.566406	-0.8085
0.505859	-0.798
0.609375	-0.7875
0.517578	-0.777
0.554688	-0.7665
0.509766	-0.756
0.498047	-0.7455
0.470703	-0.735
0.460938	-0.7245
0.541016	-0.714
0.513672	-0.7035
0.480469	-0.693
0.474609	-0.6825
0.509766	-0.672
0.480469	-0.6615
0.466797	-0.651
0.445312	-0.6405
0.416016	-0.63
0.457031	-0.6195
0.476562	-0.609
0.421875	-0.5985
0.486328	-0.588
0.404297	-0.5775
0.380859	-0.567
0.408203	-0.5565
0.40625	-0.546
0.398438	-0.5355
0.439453	-0.525
0.351562	-0.5145
0.400391	-0.504
0.332031	-0.4935
0.394531	-0.483
0.333984	-0.4725
0.257812	-0.462
0.359375	-0.4515
0.337891	-0.441
0.333984	-0.4305
0.316406	-0.42
0.275391	-0.4095
0.318359	-0.399
0.306641	-0.3885
0.28125	-0.378
0.255859	-0.3675
0.269531	-0.357
0.263672	-0.3465
0.251953	-0.336
0.199219	-0.3255
0.269531	-0.315
0.255859	-0.3045
0.205078	-0.294
0.263672	-0.2835
0.169922	-0.273
0.214844	-0.2625
0.154297	-0.252
0.177734	-0.2415
0.191406	-0.231
0.142578	-0.2205
0.203125	-0.21
0.117188	-0.1995
0.150391	-0.189
0.15625	-0.1785
0.123047	-0.168
0.101562	-0.1575
0.103516	-0.147
0.148438	-0.1365
0.113281	-0.126
0.0800781	-0.1155
0.03125	-0.105
0.0800781	-0.0945
0.0527344	-0.084
0.0664062	-0.0735
0.0800781	-0.063
0.015625	-0.0525
0.0546875	-0.042
-0.00390625	-0.0315
0.03125	-0.021
-0.0292969	-0.0105
-0.0429688	-1.2837e-16
