-0.00390625	0
-0.107422	0.0105
-0.363281	0.021
-0.552734	0.0315
-0.595703	0.042
-0.648438	0.0525
-0.744141	0.063
-0.832031	0.0735
-0.791016	0.084
-0.816406	0.0945
-0.898438	0.105
-0.886719	0.1155
-0.896484	0.126
-0.927734	0.1365
-0.923828	0.147
-0.914062	0.1575
-0.935547	0.168
-0.9375	0.1785
-0.941406	0.189
-0.970703	0.1995
-0.958984	0.21
-0.974609	0.2205
-0.964844	0.231
-0.972656	0.2415
-0.972656	0.252
-0.986328	0.2625
-0.988281	0.273
-0.982422	0.2835
-0.996094	0.294
-0.986328	0.3045
-0.996094	0.315
-0.986328	0.3255
-0.988281	0.336
-0.988281	0.3465
-0.990234	0.357
-0.994141	0.3675
-0.996094	0.378
-0.996094	0.3885
-0.996094	0.399
-0.998047	0.4095
-0.994141	0.42
-1	0.4305
-0.996094	0.441
-0.998047	0.4515
-0.994141	0.462
-0.996094	0.4725
-0.996094	0.483
-0.998047	0.4935
-1	0.504
-0.998047	0.5145
-0.998047	0.525
-0.998047	0.5355
-0.998047	0.546
-1	0.5565
-1	0.567
-0.998047	0.5775
-1	0.588
-1	0.5985
-1	0.609
-1	0.6195
-1	0.63
-0.996094	0.6405
-1	0.651
-0.998047	0.6615
-1	0.672
-1	0.6825
-1	0.693
-1	0.7035
-1	0.714
-1	0.7245
-1	0.735
-1	0.7455
-1	0.756
-1	0.7665
-1	0.777
-1	0.7875
-1	0.798
-1	0.8085
-1	0.819
-1	0.8295
-1	0.84
-1	0.8505
-1	0.861
-1	0.8715
-1	0.882
-1	0.8925
-1	0.903
-1	0.9135
-1	0.924
-1	0.9345
-1	0.945
-1	0.9555
-1	0.966
-1	0.9765
-1	0.987
-1	0.9975
-1	1.008
-1	1.0185
-1	1.029
-1	1.0395
-1	1.05
-0.998047	1.0605
-1	1.05
-1	1.0395
-1	1.029
-1	1.0185
-1	1.008
-1	0.9975
-1	0.987
-1	0.9765
-1	0.966
-1	0.9555
-1	0.945
-1	0.9345
-1	0.924
-1	0.9135
-1	0.903
-1	0.8925
-1	0.882
-1	0.8715
-1	0.861
-1	0.8505
-1	0.84
-1	0.8295
-1	0.819
-1	0.8085
-1	0.798
-1	0.7875
-1	0.777
-1	0.7665
-1	0.756
-1	0.7455
-1	0.735
-0.998047	0.7245
-1	0.714
-1	0.7035
-0.998047	0.693
-1	0.6825
-1	0.672
-1	0.6615
-1	0.651
-1	0.6405
-1	0.63
-1	0.6195
-0.998047	0.609
-1	0.5985
-0.998047	0.588
-1	0.5775
-1	0.567
-1	0.5565
-1	0.546
-1	0.5355
-1	0.525
-0.998047	0.5145
-0.998047	0.504
-0.998047	0.4935
-0.998047	0.483
-0.994141	0.4725
-1	0.462
-0.998047	0.4515
-0.996094	0.441
-0.998047	0.4305
-0.994141	0.42
-1	0.4095
-0.994141	0.399
-0.990234	0.3885
-0.996094	0.378
-0.988281	0.3675
-0.992188	0.357
-0.992188	0.3465
-0.988281	0.336
-0.984375	0.3255
-0.982422	0.315
-0.988281	0.3045
-0.986328	0.294
-0.986328	0.2835
-0.978516	0.273
-0.984375	0.2625
-0.978516	0.252
-0.96875	0.2415
-0.970703	0.231
-0.972656	0.2205
-0.966797	0.21
-0.962891	0.1995
-0.953125	0.189
-0.957031	0.1785
-0.943359	0.168
-0.941406	0.1575
-0.931641	0.147
-0.912109	0.1365
-0.912109	0.126
-0.876953	0.1155
-0.875	0.105
-0.853516	0.0945
-0.830078	0.084
-0.798828	0.0735
-0.71875	0.063
-0.751953	0.0525
-0.621094	0.042
-0.511719	0.0315
-0.425781	0.021
-0.167969	0.0105
-0.0371094	-9.36751e-17
0.25	-0.0105
0.359375	-0.021
0.474609	-0.0315
0.591797	-0.042
0.671875	-0.0525
0.785156	-0.063
0.810547	-0.0735
0.830078	-0.084
0.849609	-0.0945
0.861328	-0.105
0.869141	-0.1155
0.919922	-0.126
0.908203	-0.1365
0.914062	-0.147
0.929688	-0.1575
0.953125	-0.168
0.949219	-0.1785
0.939453	-0.189
0.951172	-0.1995
0.945312	-0.21
0.972656	-0.2205
0.962891	-0.231
0.980469	-0.2415
0.980469	-0.252
0.976562	-0.2625
0.980469	-0.273
0.984375	-0.2835
0.986328	-0.294
0.990234	-0.3045
0.994141	-0.315
0.996094	-0.3255
0.996094	-0.336
0.992188	-0.3465
0.988281	-0.357
0.996094	-0.3675
0.996094	-0.378
0.998047	-0.3885
0.996094	-0.399
0.998047	-0.4095
0.998047	-0.42
0.994141	-0.4305
0.996094	-0.441
1	-0.4515
0.998047	-0.462
0.992188	-0.4725
1	-0.483
1	-0.4935
0.998047	-0.504
1	-0.5145
1	-0.525
1	-0.5355
1	-0.546
0.996094	-0.5565
1	-0.567
1	-0.5775
1	-0.588
0.998047	-0.5985
1	-0.609
1	-0.6195
0.996094	-0.63
1	-0.6405
1	-0.651
1	-0.6615
1	-0.672
1	-0.6825
1	-0.693
1	-0.7035
1	-0.714
1	-0.7245
1	-0.735
1	-0.7455
1	-0.756
1	-0.7665
1	-0.777
1	-0.7875
1	-0.798
1	-0.8085
1	-0.819
1	-0.8295
1	-0.84
1	-0.8505
1	-0.861
1	-0.8715
1	-0.882
1	-0.8925
1	-0.903
1	-0.9135
1	-0.924
1	-0.9345
1	-0.945
1	-0.9555
1	-0.966
1	-0.9765
1	-0.987
1	-0.9975
1	-1.008
1	-1.0185
1	-1.029
1	-1.0395
1	-1.05
1	-1.0605
1	-1.05
1	-1.0395
1	-1.029
1	-1.0185
1	-1.008
1	-0.9975
1	-0.987
1	-0.9765
1	-0.966
1	-0.9555
1	-0.945
1	-0.9345
1	-0.924
1	-0.9135
1	-0.903
1	-0.8925
1	-0.882
1	-0.8715
1	-0.861
1	-0.8505
1	-0.84
1	-0.8295
1	-0.819
1	-0.8085
1	-0.798
1	-0.7875
1	-0.777
1	-0.7665
1	-0.756
1	-0.7455
1	-0.735
1	-0.7245
1	-0.714
1	-0.7035
1	-0.693
1	-0.6825
1	-0.672
1	-0.6615
1	-0.651
1	-0.6405
1	-0.63
1	-0.6195
0.998047	-0.609
0.998047	-0.5985
1	-0.588
1	-0.5775
0.998047	-0.567
1	-0.5565
0.998047	-0.546
0.998047	-0.5355
1	-0.525
1	-0.5145
1	-0.504
0.998047	-0.4935
0.998047	-0.483
0.996094	-0.4725
0.994141	-0.462
1	-0.4515
0.994141	-0.441
0.992188	-0.4305
0.998047	-0.42
0.996094	-0.4095
0.998047	-0.399
0.994141	-0.3885
0.998047	-0.378
0.996094	-0.3675
0.990234	-0.357
0.990234	-0.3465
0.996094	-0.336
0.990234	-0.3255
0.990234	-0.315
0.988281	-0.3045
0.986328	-0.294
0.978516	-0.2835
0.988281	-0.273
0.972656	-0.2625
0.96875	-0.252
0.966797	-0.2415
0.962891	-0.231
0.949219	-0.2205
0.970703	-0.21
0.955078	-0.1995
0.9375	-0.189
0.943359	-0.1785
0.90625	-0.168
0.941406	-0.1575
0.933594	-0.147
0.923828	-0.1365
0.890625	-0.126
0.880859	-0.1155
0.867188	-0.105
0.816406	-0.0945
0.808594	-0.084
0.742188	-0.0735
0.75	-0.063
0.693359	-0.0525
0.617188	-0.042
0.630859	-0.0315
0.361328	-0.021
0.300781	-0.0105
0.03125	-1.2837e-16
