0.00390625	0
0.00390625	0.0105
-0.0078125	0.021
-0.00976562	0.0315
0.0253906	0.042
-0.0214844	0.0525
-0.0488281	0.063
-0.0429688	0.0735
-0.0605469	0.084
-0.0507812	0.0945
0.00195312	0.105
-0.078125	0.1155
-0.0859375	0.126
-0.113281	0.1365
-0.107422	0.147
-0.148438	0.1575
-0.0742188	0.168
-0.103516	0.1785
-0.0957031	0.189
-0.09375	0.1995
-0.101562	0.21
-0.109375	0.2205
-0.101562	0.231
-0.173828	0.2415
-0.111328	0.252
-0.195312	0.2625
-0.150391	0.273
-0.164062	0.2835
-0.132812	0.294
-0.152344	0.3045
-0.107422	0.315
-0.181641	0.3255
-0.132812	0.336
-0.212891	0.3465
-0.126953	0.357
-0.259766	0.3675
-0.201172	0.378
-0.316406	0.3885
-0.242188	0.399
-0.193359	0.4095
-0.25	0.42
-0.255859	0.4305
-0.244141	0.441
-0.240234	0.4515
-0.265625	0.462
-0.310547	0.4725
-0.308594	0.483
-0.3125	0.4935
-0.210938	0.504
-0.269531	0.5145
-0.267578	0.525
-0.373047	0.5355
-0.318359	0.546
-0.335938	0.5565
-0.273438	0.567
-0.273438	0.5775
-0.345703	0.588
-0.345703	0.5985
-0.359375	0.609
-0.326172	0.6195
-0.320312	0.63
-0.373047	0.6405
-0.376953	0.651
-0.302734	0.6615
-0.304688	0.672
-0.345703	0.6825
-0.310547	0.693
-0.363281	0.7035
-0.376953	0.714
-0.384766	0.7245
-0.378906	0.735
-0.412109	0.7455
-0.369141	0.756
-0.416016	0.7665
-0.382812	0.777
-0.345703	0.7875
-0.433594	0.798
-0.386719	0.8085
-0.398438	0.819
-0.425781	0.8295
-0.388672	0.84
-0.445312	0.8505
-0.478516	0.861
-0.433594	0.8715
-0.457031	0.882
-0.398438	0.8925
-0.439453	0.903
-0.445312	0.9135
-0.488281	0.924
-0.509766	0.9345
-0.464844	0.945
-0.496094	0.9555
-0.511719	0.966
-0.488281	0.9765
-0.486328	0.987
-0.470703	0.9975
-0.472656	1.008
-0.472656	1.0185
-0.5625	1.029
-0.566406	1.0395
-0.517578	1.05
-0.513672	1.0605
-0.484375	1.05
-0.552734	1.0395
-0.535156	1.029
-0.519531	1.0185
-0.476562	1.008
-0.478516	0.9975
-0.445312	0.987
-0.507812	0.9765
-0.482422	0.966
-0.478516	0.9555
-0.458984	0.945
-0.494141	0.9345
-0.458984	0.924
-0.447266	0.9135
-0.496094	0.903
-0.435547	0.8925
-0.412109	0.882
-0.46875	0.8715
-0.380859	0.861
-0.441406	0.8505
-0.392578	0.84
-0.445312	0.8295
-0.447266	0.819
-0.445312	0.8085
-0.398438	0.798
-0.398438	0.7875
-0.386719	0.777
-0.433594	0.7665
-0.353516	0.756
-0.435547	0.7455
-0.384766	0.735
-0.378906	0.7245
-0.371094	0.714
-0.34375	0.7035
-0.365234	0.693
-0.363281	0.6825
-0.306641	0.672
-0.328125	0.6615
-0.275391	0.651
-0.349609	0.6405
-0.378906	0.63
-0.332031	0.6195
-0.339844	0.609
-0.328125	0.5985
-0.302734	0.588
-0.300781	0.5775
-0.292969	0.567
-0.330078	0.5565
-0.28125	0.546
-0.285156	0.5355
-0.244141	0.525
-0.289062	0.5145
-0.289062	0.504
-0.355469	0.4935
-0.234375	0.483
-0.208984	0.4725
-0.267578	0.462
-0.283203	0.4515
-0.197266	0.441
-0.21875	0.4305
-0.191406	0.42
-0.210938	0.4095
-0.207031	0.399
-0.166016	0.3885
-0.222656	0.378
-0.185547	0.3675
-0.146484	0.357
-0.152344	0.3465
-0.216797	0.336
-0.189453	0.3255
-0.115234	0.315
-0.201172	0.3045
-0.142578	0.294
-0.105469	0.2835
-0.181641	0.273
-0.177734	0.2625
-0.152344	0.252
-0.0996094	0.2415
-0.148438	0.231
-0.0742188	0.2205
-0.0878906	0.21
-0.0722656	0.1995
-0.0683594	0.189
-0.125	0.1785
-0.0761719	0.168
-0.123047	0.1575
-0.0996094	0.147
-0.0625	0.1365
-0.0351562	0.126
-0.117188	0.1155
-0.0351562	0.105
-0.0078125	0.0945
0.00390625	0.084
0.0214844	0.0735
-0.0371094	0.063
-0.0644531	0.0525
-0.0449219	0.042
-0.015625	0.0315
-0.0410156	0.021
-0.0273438	0.0105
-0.0742188	-9.36751e-17
0.0175781	-0.0105
0.0390625	-0.021
0.0566406	-0.0315
-0.0234375	-0.042
0.0839844	-0.0525
0.03125	-0.063
0.0566406	-0.0735
0.0800781	-0.084
0.0820312	-0.0945
0.0507812	-0.105
0.0917969	-0.1155
0.0703125	-0.126
0.0664062	-0.1365
0.105469	-0.147
0.128906	-0.1575
0.078125	-0.168
0.0761719	-0.1785
0.09375	-0.189
0.144531	-0.1995
0.166016	-0.21
0.160156	-0.2205
0.0996094	-0.231
0.220703	-0.2415
0.146484	-0.252
0.126953	-0.2625
0.132812	-0.273
0.166016	-0.2835
0.193359	-0.294
0.136719	-0.3045
0.185547	-0.315
0.185547	-0.3255
0.123047	-0.336
0.216797	-0.3465
0.185547	-0.357
0.171875	-0.3675
0.195312	-0.378
0.216797	-0.3885
0.199219	-0.399
0.162109	-0.4095
0.25	-0.42
0.25	-0.4305
0.240234	-0.441
0.261719	-0.4515
0.275391	-0.462
0.216797	-0.4725
0.322266	-0.483
0.265625	-0.4935
0.285156	-0.504
0.232422	-0.5145
0.275391	-0.525
0.355469	-0.5355
0.314453	-0.546
0.308594	-0.5565
0.271484	-0.567
0.289062	-0.5775
0.316406	-0.588
0.351562	-0.5985
0.273438	-0.609
0.322266	-0.6195
0.378906	-0.63
0.349609	-0.6405
0.347656	-0.651
0.304688	-0.6615
0.333984	-0.672
0.378906	-0.6825
0.439453	-0.693
0.349609	-0.7035
0.400391	-0.714
0.425781	-0.7245
0.318359	-0.735
0.351562	-0.7455
0.417969	-0.756
0.416016	-0.7665
0.392578	-0.777
0.455078	-0.7875
0.425781	-0.798
0.412109	-0.8085
0.425781	-0.819
0.414062	-0.8295
0.386719	-0.84
0.431641	-0.8505
0.40625	-0.861
0.464844	-0.8715
0.429688	-0.882
0.462891	-0.8925
0.470703	-0.903
0.457031	-0.9135
0.458984	-0.924
0.458984	-0.9345
0.5	-0.945
0.496094	-0.9555
0.449219	-0.966
0.546875	-0.9765
0.498047	-0.987
0.535156	-0.9975
0.494141	-1.008
0.507812	-1.0185
0.474609	-1.029
0.498047	-1.0395
0.503906	-1.05
0.5	-1.0605
0.548828	-1.05
0.541016	-1.0395
0.488281	-1.029
0.462891	-1.0185
0.488281	-1.008
0.521484	-0.9975
0.517578	-0.987
0.478516	-0.9765
0.521484	-0.966
0.408203	-0.9555
0.478516	-0.945
0.490234	-0.9345
0.458984	-0.924
0.474609	-0.9135
0.466797	-0.903
0.435547	-0.8925
0.476562	-0.882
0.417969	-0.8715
0.445312	-0.861
0.441406	-0.8505
0.455078	-0.84
0.410156	-0.8295
0.380859	-0.819
0.417969	-0.8085
0.408203	-0.798
0.353516	-0.7875
0.423828	-0.777
0.392578	-0.7665
0.451172	-0.756
0.376953	-0.7455
0.398438	-0.735
0.400391	-0.7245
0.363281	-0.714
0.351562	-0.7035
0.398438	-0.693
0.421875	-0.6825
0.376953	-0.672
0.316406	-0.6615
0.326172	-0.651
0.330078	-0.6405
0.378906	-0.63
0.332031	-0.6195
0.318359	-0.609
0.292969	-0.5985
0.357422	-0.588
0.328125	-0.5775
0.318359	-0.567
0.275391	-0.5565
0.349609	-0.546
0.277344	-0.5355
0.244141	-0.525
0.287109	-0.5145
0.259766	-0.504
0.236328	-0.4935
0.291016	-0.483
0.246094	-0.4725
0.283203	-0.462
0.234375	-0.4515
0.253906	-0.441
0.294922	-0.4305
0.220703	-0.42
0.244141	-0.4095
0.207031	-0.399
0.234375	-0.3885
0.191406	-0.378
0.160156	-0.3675
0.183594	-0.357
0.21875	-0.3465
0.136719	-0.336
0.181641	-0.3255
0.1875	-0.315
0.119141	-0.3045
0.162109	-0.294
0.132812	-0.2835
0.201172	-0.273
0.113281	-0.2625
0.144531	-0.252
0.126953	-0.2415
0.119141	-0.231
0.0976562	-0.2205
0.144531	-0.21
0.0839844	-0.1995
0.0625	-0.189
0.111328	-0.1785
0.107422	-0.168
0.046875	-0.1575
0.0761719	-0.147
0.123047	-0.1365
0.0957031	-0.126
0.078125	-0.1155
0.0976562	-0.105
0.125	-0.0945
0.0195312	-0.084
0.046875	-0.0735
0.0488281	-0.063
-0.0429688	-0.0525
0.0625	-0.042
0.0820312	-0.0315
0.0117188	-0.021
-0.0117188	-0.0105
0.015625	-1.2837e-16
