-0.0292969	0
0.0234375	0.0105
-0.0175781	0.021
-0.0351562	0.0315
0	0.042
-0.0332031	0.0525
-0.046875	0.063
0.0410156	0.0735
-0.00390625	0.084
-0.115234	0.0945
-0.00195312	0.105
-0.0839844	0.1155
-0.046875	0.126
-0.046875	0.1365
-0.0878906	0.147
-0.0898438	0.1575
-0.140625	0.168
-0.0800781	0.1785
-0.078125	0.189
-0.109375	0.1995
-0.146484	0.21
-0.179688	0.2205
-0.09375	0.231
-0.103516	0.2415
-0.162109	0.252
-0.0976562	0.2625
-0.117188	0.273
-0.115234	0.2835
-0.15625	0.294
-0.195312	0.3045
-0.130859	0.315
-0.171875	0.3255
-0.136719	0.336
-0.207031	0.3465
-0.109375	0.357
-0.193359	0.3675
-0.171875	0.378
-0.160156	0.3885
-0.232422	0.399
-0.181641	0.4095
-0.144531	0.42
-0.226562	0.4305
-0.269531	0.441
-0.185547	0.4515
-0.169922	0.462
-0.248047	0.4725
-0.154297	0.483
-0.265625	0.4935
-0.203125	0.504
-0.203125	0.5145
-0.234375	0.525
-0.255859	0.5355
-0.291016	0.546
-0.34375	0.5565
-0.208984	0.567
-0.320312	0.5775
-0.267578	0.588
-0.310547	0.5985
-0.324219	0.609
-0.224609	0.6195
-0.335938	0.63
-0.306641	0.6405
-0.314453	0.651
-0.261719	0.6615
-0.271484	0.672
-0.308594	0.6825
-0.287109	0.693
-0.273438	0.7035
-0.318359	0.714
-0.335938	0.7245
-0.341797	0.735
-0.353516	0.7455
-0.341797	0.756
-0.355469	0.7665
-0.371094	0.777
-0.367188	0.7875
-0.339844	0.798
-0.378906	0.8085
-0.388672	0.819
-0.369141	0.8295
-0.414062	0.84
-0.353516	0.8505
-0.345703	0.861
-0.396484	0.8715
-0.408203	0.882
-0.361328	0.8925
-0.4375	0.903
-0.423828	0.9135
-0.439453	0.924
-0.445312	0.9345
-0.441406	0.945
-0.417969	0.9555
-0.416016	0.966
-0.423828	0.9765
-0.474609	0.987
-0.46875	0.9975
-0.441406	1.008
-0.375	1.0185
-0.486328	1.029
-0.462891	1.0395
-0.488281	1.05
-0.517578	1.0605
-0.484375	1.05
-0.445312	1.0395
-0.466797	1.029
-0.460938	1.0185
-0.421875	1.008
-0.470703	0.9975
-0.453125	0.987
-0.433594	0.9765
-0.457031	0.966
-0.394531	0.9555
-0.443359	0.945
-0.451172	0.9345
-0.394531	0.924
-0.435547	0.9135
-0.408203	0.903
-0.464844	0.8925
-0.400391	0.882
-0.431641	0.8715
-0.429688	0.861
-0.412109	0.8505
-0.400391	0.84
-0.365234	0.8295
-0.386719	0.819
-0.369141	0.8085
-0.349609	0.798
-0.34375	0.7875
-0.339844	0.777
-0.304688	0.7665
-0.341797	0.756
-0.333984	0.7455
-0.345703	0.735
-0.345703	0.7245
-0.333984	0.714
-0.335938	0.7035
-0.392578	0.693
-0.378906	0.6825
-0.308594	0.672
-0.324219	0.6615
-0.34375	0.651
-0.28125	0.6405
-0.355469	0.63
-0.308594	0.6195
-0.238281	0.609
-0.261719	0.5985
-0.271484	0.588
-0.265625	0.5775
-0.212891	0.567
-0.310547	0.5565
-0.212891	0.546
-0.208984	0.5355
-0.261719	0.525
-0.228516	0.5145
-0.191406	0.504
-0.15625	0.4935
-0.203125	0.483
-0.210938	0.4725
-0.220703	0.462
-0.197266	0.4515
-0.216797	0.441
-0.181641	0.4305
-0.21875	0.42
-0.201172	0.4095
-0.162109	0.399
-0.189453	0.3885
-0.148438	0.378
-0.150391	0.3675
-0.123047	0.357
-0.125	0.3465
-0.140625	0.336
-0.15625	0.3255
-0.212891	0.315
-0.128906	0.3045
-0.185547	0.294
-0.103516	0.2835
-0.0976562	0.273
-0.142578	0.2625
-0.191406	0.252
-0.123047	0.2415
-0.173828	0.231
-0.121094	0.2205
-0.0410156	0.21
-0.154297	0.1995
-0.0351562	0.189
-0.0820312	0.1785
-0.0683594	0.168
-0.0722656	0.1575
-0.0429688	0.147
-0.03125	0.1365
-0.0273438	0.126
-0.0175781	0.1155
0.0332031	0.105
-0.0117188	0.0945
-0.0859375	0.084
-0.0390625	0.0735
0.0078125	0.063
-0.0449219	0.0525
-0.00976562	0.042
-0.03125	0.0315
-0.09375	0.021
-0.0527344	0.0105
0.0625	-9.36751e-17
-0.0214844	-0.0105
0.0332031	-0.021
0.0332031	-0.0315
-0.0390625	-0.042
0.0527344	-0.0525
0.046875	-0.063
-0.00195312	-0.0735
0.0566406	-0.084
-0.00390625	-0.0945
0.113281	-0.105
0.0605469	-0.1155
0.0429688	-0.126
0.0820312	-0.1365
0.103516	-0.147
0.0507812	-0.1575
0.0488281	-0.168
0.0820312	-0.1785
0.0917969	-0.189
0.0625	-0.1995
0.0898438	-0.21
0.173828	-0.2205
0.101562	-0.231
0.150391	-0.2415
0.115234	-0.252
0.150391	-0.2625
0.117188	-0.273
0.146484	-0.2835
0.130859	-0.294
0.15625	-0.3045
0.126953	-0.315
0.0957031	-0.3255
0.193359	-0.336
0.144531	-0.3465
0.175781	-0.357
0.111328	-0.3675
0.123047	-0.378
0.210938	-0.3885
0.212891	-0.399
0.228516	-0.4095
0.230469	-0.42
0.195312	-0.4305
0.167969	-0.441
0.234375	-0.4515
0.183594	-0.462
0.222656	-0.4725
0.238281	-0.483
0.238281	-0.4935
0.212891	-0.504
0.277344	-0.5145
0.283203	-0.525
0.283203	-0.5355
0.289062	-0.546
0.271484	-0.5565
0.244141	-0.567
0.287109	-0.5775
0.300781	-0.588
0.316406	-0.5985
0.335938	-0.609
0.300781	-0.6195
0.277344	-0.63
0.294922	-0.6405
0.351562	-0.651
0.269531	-0.6615
0.398438	-0.672
0.310547	-0.6825
0.332031	-0.693
0.265625	-0.7035
0.363281	-0.714
0.361328	-0.7245
0.347656	-0.735
0.332031	-0.7455
0.404297	-0.756
0.359375	-0.7665
0.341797	-0.777
0.382812	-0.7875
0.330078	-0.798
0.367188	-0.8085
0.410156	-0.819
0.361328	-0.8295
0.392578	-0.84
0.40625	-0.8505
0.419922	-0.861
0.369141	-0.8715
0.380859	-0.882
0.462891	-0.8925
0.429688	-0.903
0.421875	-0.9135
0.435547	-0.924
0.460938	-0.9345
0.439453	-0.945
0.388672	-0.9555
0.431641	-0.966
0.419922	-0.9765
0.427734	-0.987
0.488281	-0.9975
0.453125	-1.008
0.439453	-1.0185
0.445312	-1.029
0.488281	-1.0395
0.488281	-1.05
0.501953	-1.0605
0.445312	-1.05
0.439453	-1.0395
0.453125	-1.029
0.425781	-1.0185
0.457031	-1.008
0.412109	-0.9975
0.404297	-0.987
0.46875	-0.9765
0.453125	-0.966
0.417969	-0.9555
0.457031	-0.945
0.511719	-0.9345
0.443359	-0.924
0.392578	-0.9135
0.402344	-0.903
0.373047	-0.8925
0.400391	-0.882
0.425781	-0.8715
0.439453	-0.861
0.378906	-0.8505
0.369141	-0.84
0.429688	-0.8295
0.375	-0.819
0.400391	-0.8085
0.373047	-0.798
0.322266	-0.7875
0.353516	-0.777
0.394531	-0.7665
0.345703	-0.756
0.345703	-0.7455
0.330078	-0.735
0.337891	-0.7245
0.326172	-0.714
0.302734	-0.7035
0.376953	-0.693
0.320312	-0.6825
0.326172	-0.672
0.292969	-0.6615
0.324219	-0.651
0.349609	-0.6405
0.267578	-0.63
0.269531	-0.6195
0.269531	-0.609
0.283203	-0.5985
0.267578	-0.588
0.304688	-0.5775
0.240234	-0.567
0.259766	-0.5565
0.302734	-0.546
0.216797	-0.5355
0.277344	-0.525
0.294922	-0.5145
0.181641	-0.504
0.232422	-0.4935
0.248047	-0.483
0.21875	-0.4725
0.242188	-0.462
0.199219	-0.4515
0.212891	-0.441
0.21875	-0.4305
0.162109	-0.42
0.181641	-0.4095
0.126953	-0.399
0.146484	-0.3885
0.25	-0.378
0.230469	-0.3675
0.201172	-0.357
0.150391	-0.3465
0.148438	-0.336
0.146484	-0.3255
0.103516	-0.315
0.0605469	-0.3045
0.146484	-0.294
0.117188	-0.2835
0.128906	-0.273
0.0410156	-0.2625
0.134766	-0.252
0.142578	-0.2415
0.0976562	-0.231
0.140625	-0.2205
0.0664062	-0.21
0.109375	-0.1995
0.105469	-0.189
0.148438	-0.1785
0.0761719	-0.168
0.0820312	-0.1575
0.0507812	-0.147
0	-0.1365
0.0839844	-0.126
0.0839844	-0.1155
0.046875	-0.105
0.0742188	-0.0945
0.0527344	-0.084
0.0332031	-0.0735
0.0332031	-0.063
0.0078125	-0.0525
0.0136719	-0.042
-0.0175781	-0.0315
-0.03125	-0.021
-0.0429688	-0.0105
-0.0664062	-1.2837e-16
