-0.148438	0
-0.113281	0.0105
-0.212891	0.021
-0.335938	0.0315
-0.378906	0.042
-0.519531	0.0525
-0.570312	0.063
-0.628906	0.0735
-0.714844	0.084
-0.759766	0.0945
-0.744141	0.105
-0.798828	0.1155
-0.830078	0.126
-0.785156	0.1365
-0.820312	0.147
-0.828125	0.1575
-0.884766	0.168
-0.876953	0.1785
-0.865234	0.189
-0.917969	0.1995
-0.914062	0.21
-0.921875	0.2205
-0.925781	0.231
-0.953125	0.2415
-0.949219	0.252
-0.953125	0.2625
-0.958984	0.273
-0.970703	0.2835
-0.962891	0.294
-0.955078	0.3045
-0.974609	0.315
-0.976562	0.3255
-0.978516	0.336
-0.970703	0.3465
-0.96875	0.357
-0.980469	0.3675
-0.982422	0.378
-0.978516	0.3885
-0.982422	0.399
-0.988281	0.4095
-0.982422	0.42
-0.986328	0.4305
-0.992188	0.441
-0.988281	0.4515
-0.972656	0.462
-0.990234	0.4725
-0.986328	0.483
-0.988281	0.4935
-0.992188	0.504
-0.998047	0.5145
-0.992188	0.525
-0.998047	0.5355
-0.992188	0.546
-0.990234	0.5565
-0.998047	0.567
-0.996094	0.5775
-0.996094	0.588
-1	0.5985
-0.994141	0.609
-0.994141	0.6195
-1	0.63
-1	0.6405
-0.992188	0.651
-1	0.6615
-0.998047	0.672
-1	0.6825
-1	0.693
-0.998047	0.7035
-1	0.714
-1	0.7245
-1	0.735
-0.998047	0.7455
-1	0.756
-1	0.7665
-0.998047	0.777
-0.998047	0.7875
-1	0.798
-0.996094	0.8085
-1	0.819
-1	0.8295
-1	0.84
-1	0.8505
-1	0.861
-1	0.8715
-1	0.882
-1	0.8925
-0.998047	0.903
-1	0.9135
-1	0.924
-1	0.9345
-0.998047	0.945
-0.998047	0.9555
-1	0.966
-1	0.9765
-1	0.987
-1	0.9975
-1	1.008
-1	1.0185
-1	1.029
-1	1.0395
-1	1.05
-1	1.0605
-1	1.05
-1	1.0395
-1	1.029
-1	1.0185
-1	1.008
-1	0.9975
-1	0.987
-1	0.9765
-1	0.966
-1	0.9555
-0.998047	0.945
-1	0.9345
-1	0.924
-1	0.9135
-1	0.903
-0.998047	0.8925
-1	0.882
-1	0.8715
-1	0.861
-1	0.8505
-1	0.84
-1	0.8295
-1	0.819
-0.998047	0.8085
-1	0.798
-1	0.7875
-1	0.777
-1	0.7665
-1	0.756
-0.998047	0.7455
-0.998047	0.735
-0.998047	0.7245
-0.998047	0.714
-0.994141	0.7035
-0.998047	0.693
-1	0.6825
-0.998047	0.672
-1	0.6615
-0.998047	0.651
-0.998047	0.6405
-0.994141	0.63
-1	0.6195
-1	0.609
-0.992188	0.5985
-0.996094	0.588
-0.996094	0.5775
-0.998047	0.567
-0.998047	0.5565
-0.994141	0.546
-0.994141	0.5355
-0.990234	0.525
-0.994141	0.5145
-0.992188	0.504
-0.990234	0.4935
-0.996094	0.483
-0.990234	0.4725
-0.996094	0.462
-0.986328	0.4515
-0.976562	0.441
-0.990234	0.4305
-0.990234	0.42
-0.990234	0.4095
-0.980469	0.399
-0.988281	0.3885
-0.978516	0.378
-0.994141	0.3675
-0.980469	0.357
-0.978516	0.3465
-0.964844	0.336
-0.974609	0.3255
-0.957031	0.315
-0.966797	0.3045
-0.970703	0.294
-0.955078	0.2835
-0.953125	0.273
-0.962891	0.2625
-0.941406	0.252
-0.939453	0.2415
-0.9375	0.231
-0.941406	0.2205
-0.894531	0.21
-0.892578	0.1995
-0.90625	0.189
-0.869141	0.1785
-0.873047	0.168
-0.871094	0.1575
-0.861328	0.147
-0.845703	0.1365
-0.800781	0.126
-0.728516	0.1155
-0.746094	0.105
-0.683594	0.0945
-0.669922	0.084
-0.564453	0.0735
-0.472656	0.063
-0.544922	0.0525
-0.419922	0.042
-0.277344	0.0315
-0.175781	0.021
-0.109375	0.0105
-0.0976562	-9.36751e-17
0.115234	-0.0105
0.234375	-0.021
0.330078	-0.0315
0.443359	-0.042
0.574219	-0.0525
0.619141	-0.063
0.587891	-0.0735
0.636719	-0.084
0.683594	-0.0945
0.714844	-0.105
0.800781	-0.1155
0.78125	-0.126
0.835938	-0.1365
0.878906	-0.147
0.853516	-0.1575
0.878906	-0.168
0.888672	-0.1785
0.869141	-0.189
0.898438	-0.1995
0.921875	-0.21
0.886719	-0.2205
0.896484	-0.231
0.947266	-0.2415
0.912109	-0.252
0.925781	-0.2625
0.958984	-0.273
0.951172	-0.2835
0.962891	-0.294
0.958984	-0.3045
0.964844	-0.315
0.960938	-0.3255
0.972656	-0.336
0.96875	-0.3465
0.970703	-0.357
0.982422	-0.3675
0.976562	-0.378
0.986328	-0.3885
0.976562	-0.399
0.990234	-0.4095
0.992188	-0.42
0.986328	-0.4305
0.978516	-0.441
0.986328	-0.4515
0.990234	-0.462
0.990234	-0.4725
0.992188	-0.483
0.994141	-0.4935
0.996094	-0.504
0.994141	-0.5145
0.998047	-0.525
0.992188	-0.5355
0.992188	-0.546
0.996094	-0.5565
0.994141	-0.567
1	-0.5775
0.998047	-0.588
1	-0.5985
0.998047	-0.609
0.994141	-0.6195
1	-0.63
0.996094	-0.6405
1	-0.651
0.998047	-0.6615
0.998047	-0.672
0.998047	-0.6825
1	-0.693
0.998047	-0.7035
0.998047	-0.714
0.998047	-0.7245
0.998047	-0.735
1	-0.7455
0.998047	-0.756
1	-0.7665
1	-0.777
0.998047	-0.7875
1	-0.798
1	-0.8085
1	-0.819
1	-0.8295
1	-0.84
1	-0.8505
1	-0.861
1	-0.8715
1	-0.882
1	-0.8925
1	-0.903
0.998047	-0.9135
0.998047	-0.924
1	-0.9345
1	-0.945
1	-0.9555
0.998047	-0.966
1	-0.9765
1	-0.987
1	-0.9975
1	-1.008
1	-1.0185
1	-1.029
1	-1.0395
1	-1.05
1	-1.0605
1	-1.05
1	-1.0395
1	-1.029
1	-1.0185
1	-1.008
1	-0.9975
1	-0.987
1	-0.9765
1	-0.966
1	-0.9555
1	-0.945
1	-0.9345
1	-0.924
1	-0.9135
0.998047	-0.903
1	-0.8925
1	-0.882
0.998047	-0.8715
1	-0.861
1	-0.8505
1	-0.84
0.996094	-0.8295
1	-0.819
1	-0.8085
1	-0.798
1	-0.7875
1	-0.777
0.998047	-0.7665
1	-0.756
0.994141	-0.7455
1	-0.735
0.994141	-0.7245
1	-0.714
1	-0.7035
1	-0.693
0.998047	-0.6825
1	-0.672
0.996094	-0.6615
0.996094	-0.651
0.996094	-0.6405
0.996094	-0.63
1	-0.6195
1	-0.609
0.994141	-0.5985
0.994141	-0.588
0.996094	-0.5775
0.998047	-0.567
0.998047	-0.5565
1	-0.546
0.996094	-0.5355
0.998047	-0.525
0.988281	-0.5145
0.996094	-0.504
0.990234	-0.4935
0.990234	-0.483
0.984375	-0.4725
0.984375	-0.462
0.988281	-0.4515
0.990234	-0.441
0.988281	-0.4305
0.990234	-0.42
0.976562	-0.4095
0.970703	-0.399
0.984375	-0.3885
0.988281	-0.378
0.978516	-0.3675
0.982422	-0.357
0.96875	-0.3465
0.974609	-0.336
0.976562	-0.3255
0.976562	-0.315
0.960938	-0.3045
0.951172	-0.294
0.951172	-0.2835
0.949219	-0.273
0.947266	-0.2625
0.947266	-0.252
0.945312	-0.2415
0.933594	-0.231
0.921875	-0.2205
0.919922	-0.21
0.914062	-0.1995
0.869141	-0.189
0.904297	-0.1785
0.888672	-0.168
0.833984	-0.1575
0.828125	-0.147
0.808594	-0.1365
0.802734	-0.126
0.763672	-0.1155
0.765625	-0.105
0.71875	-0.0945
0.724609	-0.084
0.582031	-0.0735
0.591797	-0.063
0.492188	-0.0525
0.330078	-0.042
0.308594	-0.0315
0.171875	-0.021
0.158203	-0.0105
0.0117188	-1.2837e-16
