-0.0175781	0
-0.0253906	0.0105
0.03125	0.021
0.0507812	0.0315
0.0292969	0.042
-0.0371094	0.0525
-0.101562	0.063
-0.0507812	0.0735
0.0214844	0.084
-0.0390625	0.0945
0.0175781	0.105
-0.00976562	0.1155
-0.123047	0.126
-0.00585938	0.1365
-0.0644531	0.147
-0.103516	0.1575
-0.0957031	0.168
-0.0605469	0.1785
-0.0800781	0.189
-0.119141	0.1995
-0.128906	0.21
-0.103516	0.2205
-0.0859375	0.231
-0.117188	0.2415
-0.0917969	0.252
-0.144531	0.2625
-0.115234	0.273
-0.140625	0.2835
-0.169922	0.294
-0.146484	0.3045
-0.193359	0.315
-0.167969	0.3255
-0.136719	0.336
-0.134766	0.3465
-0.166016	0.357
-0.169922	0.3675
-0.169922	0.378
-0.121094	0.3885
-0.197266	0.399
-0.105469	0.4095
-0.162109	0.42
-0.162109	0.4305
-0.158203	0.441
-0.207031	0.4515
-0.232422	0.462
-0.169922	0.4725
-0.212891	0.483
-0.177734	0.4935
-0.255859	0.504
-0.193359	0.5145
-0.195312	0.525
-0.275391	0.5355
-0.21875	0.546
-0.269531	0.5565
-0.25	0.567
-0.253906	0.5775
-0.199219	0.588
-0.201172	0.5985
-0.228516	0.609
-0.21875	0.6195
-0.283203	0.63
-0.226562	0.6405
-0.255859	0.651
-0.285156	0.6615
-0.275391	0.672
-0.279297	0.6825
-0.273438	0.693
-0.298828	0.7035
-0.300781	0.714
-0.294922	0.7245
-0.28125	0.735
-0.275391	0.7455
-0.351562	0.756
-0.316406	0.7665
-0.300781	0.777
-0.347656	0.7875
-0.339844	0.798
-0.382812	0.8085
-0.341797	0.819
-0.332031	0.8295
-0.351562	0.84
-0.365234	0.8505
-0.345703	0.861
-0.347656	0.8715
-0.390625	0.882
-0.351562	0.8925
-0.378906	0.903
-0.345703	0.9135
-0.363281	0.924
-0.392578	0.9345
-0.392578	0.945
-0.390625	0.9555
-0.433594	0.966
-0.400391	0.9765
-0.402344	0.987
-0.439453	0.9975
-0.455078	1.008
-0.460938	1.0185
-0.474609	1.029
-0.441406	1.0395
-0.445312	1.05
-0.376953	1.0605
-0.441406	1.05
-0.427734	1.0395
-0.410156	1.029
-0.455078	1.0185
-0.363281	1.008
-0.392578	0.9975
-0.382812	0.987
-0.345703	0.9765
-0.408203	0.966
-0.4375	0.9555
-0.335938	0.945
-0.394531	0.9345
-0.378906	0.924
-0.384766	0.9135
-0.347656	0.903
-0.347656	0.8925
-0.359375	0.882
-0.402344	0.8715
-0.400391	0.861
-0.322266	0.8505
-0.324219	0.84
-0.349609	0.8295
-0.335938	0.819
-0.376953	0.8085
-0.308594	0.798
-0.375	0.7875
-0.326172	0.777
-0.353516	0.7665
-0.285156	0.756
-0.324219	0.7455
-0.314453	0.735
-0.332031	0.7245
-0.287109	0.714
-0.337891	0.7035
-0.341797	0.693
-0.314453	0.6825
-0.248047	0.672
-0.304688	0.6615
-0.292969	0.651
-0.333984	0.6405
-0.265625	0.63
-0.279297	0.6195
-0.292969	0.609
-0.267578	0.5985
-0.3125	0.588
-0.257812	0.5775
-0.191406	0.567
-0.263672	0.5565
-0.208984	0.546
-0.232422	0.5355
-0.269531	0.525
-0.150391	0.5145
-0.189453	0.504
-0.228516	0.4935
-0.240234	0.483
-0.240234	0.4725
-0.228516	0.462
-0.132812	0.4515
-0.140625	0.441
-0.212891	0.4305
-0.171875	0.42
-0.183594	0.4095
-0.138672	0.399
-0.162109	0.3885
-0.126953	0.378
-0.179688	0.3675
-0.195312	0.357
-0.214844	0.3465
-0.191406	0.336
-0.126953	0.3255
-0.0703125	0.315
-0.078125	0.3045
-0.0957031	0.294
-0.0800781	0.2835
-0.105469	0.273
-0.0898438	0.2625
-0.0898438	0.252
-0.177734	0.2415
-0.121094	0.231
-0.111328	0.2205
-0.121094	0.21
-0.0605469	0.1995
-0.0175781	0.189
-0.0507812	0.1785
-0.0136719	0.168
-0.0585938	0.1575
-0.0800781	0.147
-0.0429688	0.1365
-0.0625	0.126
-0.0859375	0.1155
-0.0332031	0.105
-0.03125	0.0945
-0.0273438	0.084
-0.0351562	0.0735
-0.0390625	0.063
0.0136719	0.0525
-0.0605469	0.042
-0.0800781	0.0315
0.0253906	0.021
-0.0683594	0.0105
-0.015625	-9.36751e-17
-0.0214844	-0.0105
0.0625	-0.021
-0.015625	-0.0315
-0.0214844	-0.042
0.0527344	-0.0525
0.0644531	-0.063
0.0234375	-0.0735
0.0742188	-0.084
0.0585938	-0.0945
0.00390625	-0.105
0.0195312	-0.1155
0.0800781	-0.126
0.0371094	-0.1365
0.0449219	-0.147
0.0917969	-0.1575
0.0859375	-0.168
0.0722656	-0.1785
0.0800781	-0.189
0.142578	-0.1995
0.0292969	-0.21
0.0625	-0.2205
0.0722656	-0.231
0.0976562	-0.2415
0.140625	-0.252
0.0566406	-0.2625
0.101562	-0.273
0.0839844	-0.2835
0.119141	-0.294
0.160156	-0.3045
0.15625	-0.315
0.164062	-0.3255
0.197266	-0.336
0.148438	-0.3465
0.125	-0.357
0.162109	-0.3675
0.166016	-0.378
0.175781	-0.3885
0.21875	-0.399
0.199219	-0.4095
0.228516	-0.42
0.160156	-0.4305
0.148438	-0.441
0.201172	-0.4515
0.1875	-0.462
0.216797	-0.4725
0.242188	-0.483
0.160156	-0.4935
0.205078	-0.504
0.146484	-0.5145
0.142578	-0.525
0.207031	-0.5355
0.230469	-0.546
0.183594	-0.5565
0.259766	-0.567
0.271484	-0.5775
0.25	-0.588
0.242188	-0.5985
0.228516	-0.609
0.25	-0.6195
0.289062	-0.63
0.275391	-0.6405
0.261719	-0.651
0.316406	-0.6615
0.292969	-0.672
0.332031	-0.6825
0.306641	-0.693
0.275391	-0.7035
0.296875	-0.714
0.261719	-0.7245
0.347656	-0.735
0.333984	-0.7455
0.404297	-0.756
0.248047	-0.7665
0.355469	-0.777
0.378906	-0.7875
0.357422	-0.798
0.367188	-0.8085
0.326172	-0.819
0.371094	-0.8295
0.392578	-0.84
0.271484	-0.8505
0.330078	-0.861
0.375	-0.8715
0.34375	-0.882
0.376953	-0.8925
0.367188	-0.903
0.341797	-0.9135
0.361328	-0.924
0.384766	-0.9345
0.396484	-0.945
0.335938	-0.9555
0.421875	-0.966
0.382812	-0.9765
0.394531	-0.987
0.4375	-0.9975
0.376953	-1.008
0.402344	-1.0185
0.419922	-1.029
0.474609	-1.0395
0.353516	-1.05
0.419922	-1.0605
0.388672	-1.05
0.449219	-1.0395
0.40625	-1.029
0.417969	-1.0185
0.378906	-1.008
0.425781	-0.9975
0.384766	-0.987
0.416016	-0.9765
0.375	-0.966
0.390625	-0.9555
0.376953	-0.945
0.388672	-0.9345
0.373047	-0.924
0.392578	-0.9135
0.408203	-0.903
0.326172	-0.8925
0.400391	-0.882
0.373047	-0.8715
0.347656	-0.861
0.316406	-0.8505
0.365234	-0.84
0.384766	-0.8295
0.363281	-0.819
0.298828	-0.8085
0.341797	-0.798
0.320312	-0.7875
0.333984	-0.777
0.34375	-0.7665
0.339844	-0.756
0.320312	-0.7455
0.300781	-0.735
0.328125	-0.7245
0.232422	-0.714
0.279297	-0.7035
0.283203	-0.693
0.285156	-0.6825
0.296875	-0.672
0.298828	-0.6615
0.328125	-0.651
0.255859	-0.6405
0.269531	-0.63
0.226562	-0.6195
0.253906	-0.609
0.240234	-0.5985
0.238281	-0.588
0.273438	-0.5775
0.216797	-0.567
0.232422	-0.5565
0.181641	-0.546
0.232422	-0.5355
0.181641	-0.525
0.197266	-0.5145
0.181641	-0.504
0.205078	-0.4935
0.222656	-0.483
0.214844	-0.4725
0.144531	-0.462
0.238281	-0.4515
0.185547	-0.441
0.183594	-0.4305
0.150391	-0.42
0.125	-0.4095
0.185547	-0.399
0.193359	-0.3885
0.169922	-0.378
0.146484	-0.3675
0.126953	-0.357
0.126953	-0.3465
0.160156	-0.336
0.205078	-0.3255
0.181641	-0.315
0.150391	-0.3045
0.130859	-0.294
0.134766	-0.2835
0.185547	-0.273
0.103516	-0.2625
0.0214844	-0.252
0.0585938	-0.2415
0.146484	-0.231
0.132812	-0.2205
0.105469	-0.21
0.046875	-0.1995
0.078125	-0.189
0.0234375	-0.1785
0.0820312	-0.168
0.0722656	-0.1575
0.103516	-0.147
0.0625	-0.1365
0.0351562	-0.126
0.113281	-0.1155
0.0175781	-0.105
0.0546875	-0.0945
0.00976562	-0.084
-0.00195312	-0.0735
0.015625	-0.063
0.0585938	-0.0525
-0.0273438	-0.042
-0.0175781	-0.0315
0.0859375	-0.021
0.0078125	-0.0105
0.0214844	-1.2837e-16
