-0.0761719	0
0.015625	0.0105
0.0253906	0.021
-0.0253906	0.0315
0.0566406	0.042
0.00195312	0.0525
-0.0410156	0.063
-0.0078125	0.0735
-0.0292969	0.084
-0.00976562	0.0945
-0.101562	0.105
-0.0214844	0.1155
-0.0664062	0.126
-0.105469	0.1365
-0.0917969	0.147
-0.0839844	0.1575
-0.0820312	0.168
-0.0390625	0.1785
-0.0742188	0.189
-0.0898438	0.1995
-0.0488281	0.21
-0.0742188	0.2205
-0.125	0.231
-0.0761719	0.2415
-0.164062	0.252
-0.101562	0.2625
-0.140625	0.273
-0.105469	0.2835
-0.111328	0.294
-0.130859	0.3045
-0.154297	0.315
-0.185547	0.3255
-0.164062	0.336
-0.134766	0.3465
-0.171875	0.357
-0.121094	0.3675
-0.175781	0.378
-0.199219	0.3885
-0.175781	0.399
-0.142578	0.4095
-0.154297	0.42
-0.169922	0.4305
-0.185547	0.441
-0.183594	0.4515
-0.167969	0.462
-0.185547	0.4725
-0.140625	0.483
-0.203125	0.4935
-0.1875	0.504
-0.234375	0.5145
-0.205078	0.525
-0.15625	0.5355
-0.244141	0.546
-0.261719	0.5565
-0.273438	0.567
-0.226562	0.5775
-0.267578	0.588
-0.259766	0.5985
-0.203125	0.609
-0.28125	0.6195
-0.238281	0.63
-0.283203	0.6405
-0.195312	0.651
-0.220703	0.6615
-0.253906	0.672
-0.292969	0.6825
-0.263672	0.693
-0.273438	0.7035
-0.28125	0.714
-0.253906	0.7245
-0.271484	0.735
-0.304688	0.7455
-0.25	0.756
-0.332031	0.7665
-0.271484	0.777
-0.294922	0.7875
-0.367188	0.798
-0.330078	0.8085
-0.310547	0.819
-0.369141	0.8295
-0.292969	0.84
-0.371094	0.8505
-0.28125	0.861
-0.320312	0.8715
-0.326172	0.882
-0.355469	0.8925
-0.388672	0.903
-0.275391	0.9135
-0.414062	0.924
-0.347656	0.9345
-0.373047	0.945
-0.425781	0.9555
-0.330078	0.966
-0.349609	0.9765
-0.357422	0.987
-0.378906	0.9975
-0.365234	1.008
-0.412109	1.0185
-0.353516	1.029
-0.429688	1.0395
-0.443359	1.05
-0.353516	1.0605
-0.445312	1.05
-0.351562	1.0395
-0.365234	1.029
-0.373047	1.0185
-0.332031	1.008
-0.394531	0.9975
-0.349609	0.987
-0.402344	0.9765
-0.330078	0.966
-0.332031	0.9555
-0.333984	0.945
-0.404297	0.9345
-0.359375	0.924
-0.304688	0.9135
-0.353516	0.903
-0.349609	0.8925
-0.330078	0.882
-0.291016	0.8715
-0.337891	0.861
-0.378906	0.8505
-0.287109	0.84
-0.283203	0.8295
-0.3125	0.819
-0.28125	0.8085
-0.337891	0.798
-0.320312	0.7875
-0.304688	0.777
-0.300781	0.7665
-0.320312	0.756
-0.302734	0.7455
-0.265625	0.735
-0.269531	0.7245
-0.300781	0.714
-0.216797	0.7035
-0.302734	0.693
-0.304688	0.6825
-0.257812	0.672
-0.220703	0.6615
-0.277344	0.651
-0.242188	0.6405
-0.291016	0.63
-0.244141	0.6195
-0.216797	0.609
-0.232422	0.5985
-0.164062	0.588
-0.179688	0.5775
-0.283203	0.567
-0.228516	0.5565
-0.123047	0.546
-0.232422	0.5355
-0.226562	0.525
-0.166016	0.5145
-0.220703	0.504
-0.1875	0.4935
-0.148438	0.483
-0.138672	0.4725
-0.199219	0.462
-0.169922	0.4515
-0.177734	0.441
-0.130859	0.4305
-0.175781	0.42
-0.203125	0.4095
-0.140625	0.399
-0.181641	0.3885
-0.193359	0.378
-0.164062	0.3675
-0.130859	0.357
-0.177734	0.3465
-0.0566406	0.336
-0.130859	0.3255
-0.0820312	0.315
-0.0957031	0.3045
-0.109375	0.294
-0.173828	0.2835
-0.107422	0.273
-0.125	0.2625
-0.0878906	0.252
-0.0859375	0.2415
-0.0839844	0.231
-0.0566406	0.2205
-0.0957031	0.21
-0.0605469	0.1995
-0.0957031	0.189
-0.121094	0.1785
-0.0429688	0.168
-0.046875	0.1575
-0.0546875	0.147
-0.0566406	0.1365
-0.0410156	0.126
-0.0390625	0.1155
-0.0761719	0.105
-0.0820312	0.0945
-0.0546875	0.084
-0.0351562	0.0735
-0.0585938	0.063
0.0273438	0.0525
-0.0527344	0.042
-0.00195312	0.0315
0.0429688	0.021
-0.0625	0.0105
-0.0585938	-9.36751e-17
0.03125	-0.0105
0.0273438	-0.021
0	-0.0315
0.0175781	-0.042
0.0410156	-0.0525
0	-0.063
0.015625	-0.0735
-0.0175781	-0.084
0.0410156	-0.0945
0.0605469	-0.105
0.0820312	-0.1155
0.0644531	-0.126
0.0722656	-0.1365
0.0820312	-0.147
0.0488281	-0.1575
0.0351562	-0.168
-0.0078125	-0.1785
0.078125	-0.189
0.0625	-0.1995
0.078125	-0.21
0.0644531	-0.2205
0.0625	-0.231
0.103516	-0.2415
0.123047	-0.252
0.09375	-0.2625
0.0878906	-0.273
0.109375	-0.2835
0.09375	-0.294
0.142578	-0.3045
0.0996094	-0.315
0.160156	-0.3255
0.0800781	-0.336
0.0703125	-0.3465
0.132812	-0.357
0.132812	-0.3675
0.175781	-0.378
0.138672	-0.3885
0.148438	-0.399
0.173828	-0.4095
0.185547	-0.42
0.189453	-0.4305
0.146484	-0.441
0.208984	-0.4515
0.191406	-0.462
0.222656	-0.4725
0.234375	-0.483
0.171875	-0.4935
0.208984	-0.504
0.201172	-0.5145
0.222656	-0.525
0.224609	-0.5355
0.181641	-0.546
0.255859	-0.5565
0.195312	-0.567
0.253906	-0.5775
0.208984	-0.588
0.257812	-0.5985
0.228516	-0.609
0.283203	-0.6195
0.230469	-0.63
0.230469	-0.6405
0.298828	-0.651
0.302734	-0.6615
0.273438	-0.672
0.271484	-0.6825
0.216797	-0.693
0.244141	-0.7035
0.255859	-0.714
0.275391	-0.7245
0.294922	-0.735
0.28125	-0.7455
0.273438	-0.756
0.289062	-0.7665
0.275391	-0.777
0.302734	-0.7875
0.271484	-0.798
0.330078	-0.8085
0.322266	-0.819
0.320312	-0.8295
0.287109	-0.84
0.3125	-0.8505
0.275391	-0.861
0.291016	-0.8715
0.326172	-0.882
0.328125	-0.8925
0.333984	-0.903
0.335938	-0.9135
0.345703	-0.924
0.349609	-0.9345
0.337891	-0.945
0.287109	-0.9555
0.371094	-0.966
0.396484	-0.9765
0.357422	-0.987
0.376953	-0.9975
0.421875	-1.008
0.367188	-1.0185
0.4375	-1.029
0.386719	-1.0395
0.384766	-1.05
0.425781	-1.0605
0.392578	-1.05
0.4375	-1.0395
0.417969	-1.029
0.373047	-1.0185
0.341797	-1.008
0.345703	-0.9975
0.306641	-0.987
0.326172	-0.9765
0.328125	-0.966
0.330078	-0.9555
0.375	-0.945
0.316406	-0.9345
0.333984	-0.924
0.365234	-0.9135
0.380859	-0.903
0.359375	-0.8925
0.345703	-0.882
0.324219	-0.8715
0.324219	-0.861
0.359375	-0.8505
0.320312	-0.84
0.3125	-0.8295
0.361328	-0.819
0.242188	-0.8085
0.242188	-0.798
0.265625	-0.7875
0.289062	-0.777
0.355469	-0.7665
0.279297	-0.756
0.289062	-0.7455
0.324219	-0.735
0.269531	-0.7245
0.259766	-0.714
0.275391	-0.7035
0.273438	-0.693
0.248047	-0.6825
0.279297	-0.672
0.244141	-0.6615
0.236328	-0.651
0.257812	-0.6405
0.228516	-0.63
0.310547	-0.6195
0.203125	-0.609
0.21875	-0.5985
0.257812	-0.588
0.273438	-0.5775
0.203125	-0.567
0.207031	-0.5565
0.185547	-0.546
0.279297	-0.5355
0.154297	-0.525
0.216797	-0.5145
0.25	-0.504
0.253906	-0.4935
0.152344	-0.483
0.164062	-0.4725
0.158203	-0.462
0.195312	-0.4515
0.214844	-0.441
0.162109	-0.4305
0.171875	-0.42
0.132812	-0.4095
0.154297	-0.399
0.173828	-0.3885
0.132812	-0.378
0.158203	-0.3675
0.169922	-0.357
0.0742188	-0.3465
0.132812	-0.336
0.130859	-0.3255
0.138672	-0.315
0.107422	-0.3045
0.0878906	-0.294
0.140625	-0.2835
0.0703125	-0.273
0.132812	-0.2625
0.150391	-0.252
0.0605469	-0.2415
0.0957031	-0.231
0.113281	-0.2205
0.0722656	-0.21
0.128906	-0.1995
0.103516	-0.189
0.0234375	-0.1785
0.101562	-0.168
0.0917969	-0.1575
0.0664062	-0.147
-0.0078125	-0.1365
-0.00195312	-0.126
0.0996094	-0.1155
0.0195312	-0.105
0.0800781	-0.0945
0.0117188	-0.084
0.0800781	-0.0735
-0.00585938	-0.063
0.0566406	-0.0525
-0.0253906	-0.042
0.0078125	-0.0315
-0.0332031	-0.021
-0.0488281	-0.0105
-0.0507812	-1.2837e-16
