0.09375	0
-0.0664062	0.0105
-0.158203	0.021
-0.212891	0.0315
-0.337891	0.042
-0.277344	0.0525
-0.4375	0.063
-0.474609	0.0735
-0.552734	0.084
-0.59375	0.0945
-0.625	0.105
-0.666016	0.1155
-0.6875	0.126
-0.732422	0.1365
-0.751953	0.147
-0.783203	0.1575
-0.765625	0.168
-0.783203	0.1785
-0.820312	0.189
-0.818359	0.1995
-0.828125	0.21
-0.839844	0.2205
-0.861328	0.231
-0.875	0.2415
-0.884766	0.252
-0.902344	0.2625
-0.902344	0.273
-0.894531	0.2835
-0.888672	0.294
-0.917969	0.3045
-0.943359	0.315
-0.931641	0.3255
-0.949219	0.336
-0.966797	0.3465
-0.947266	0.357
-0.939453	0.3675
-0.964844	0.378
-0.953125	0.3885
-0.955078	0.399
-0.980469	0.4095
-0.972656	0.42
-0.976562	0.4305
-0.972656	0.441
-0.974609	0.4515
-0.982422	0.462
-0.986328	0.4725
-0.972656	0.483
-0.976562	0.4935
-0.976562	0.504
-0.988281	0.5145
-0.990234	0.525
-0.982422	0.5355
-0.986328	0.546
-0.994141	0.5565
-0.984375	0.567
-0.978516	0.5775
-0.986328	0.588
-0.986328	0.5985
-0.988281	0.609
-0.996094	0.6195
-0.994141	0.63
-0.998047	0.6405
-0.996094	0.651
-0.992188	0.6615
-0.992188	0.672
-0.994141	0.6825
-0.998047	0.693
-0.994141	0.7035
-0.992188	0.714
-1	0.7245
-0.990234	0.735
-0.994141	0.7455
-0.998047	0.756
-1	0.7665
-0.992188	0.777
-0.994141	0.7875
-0.998047	0.798
-1	0.8085
-0.998047	0.819
-0.996094	0.8295
-0.998047	0.84
-1	0.8505
-1	0.861
-0.998047	0.8715
-1	0.882
-1	0.8925
-1	0.903
-1	0.9135
-1	0.924
-0.998047	0.9345
-1	0.945
-1	0.9555
-1	0.966
-1	0.9765
-1	0.987
-1	0.9975
-1	1.008
-0.998047	1.0185
-1	1.029
-1	1.0395
-1	1.05
-1	1.0605
-0.998047	1.05
-1	1.0395
-1	1.029
-0.998047	1.0185
-1	1.008
-0.998047	0.9975
-0.998047	0.987
-0.998047	0.9765
-1	0.966
-1	0.9555
-0.998047	0.945
-0.998047	0.9345
-0.996094	0.924
-1	0.9135
-0.998047	0.903
-1	0.8925
-1	0.882
-0.998047	0.8715
-0.998047	0.861
-0.998047	0.8505
-1	0.84
-0.998047	0.8295
-1	0.819
-1	0.8085
-0.998047	0.798
-0.994141	0.7875
-0.992188	0.777
-0.998047	0.7665
-0.998047	0.756
-0.994141	0.7455
-0.996094	0.735
-0.996094	0.7245
-0.998047	0.714
-0.996094	0.7035
-0.988281	0.693
-0.994141	0.6825
-0.996094	0.672
-0.998047	0.6615
-0.986328	0.651
-0.996094	0.6405
-0.992188	0.63
-0.994141	0.6195
-0.984375	0.609
-0.996094	0.5985
-0.982422	0.588
-0.980469	0.5775
-0.990234	0.567
-0.980469	0.5565
-0.988281	0.546
-0.984375	0.5355
-0.980469	0.525
-0.980469	0.5145
-0.980469	0.504
-0.980469	0.4935
-0.982422	0.483
-0.966797	0.4725
-0.974609	0.462
-0.972656	0.4515
-0.945312	0.441
-0.960938	0.4305
-0.970703	0.42
-0.970703	0.4095
-0.96875	0.399
-0.964844	0.3885
-0.962891	0.378
-0.970703	0.3675
-0.955078	0.357
-0.951172	0.3465
-0.939453	0.336
-0.935547	0.3255
-0.919922	0.315
-0.910156	0.3045
-0.912109	0.294
-0.904297	0.2835
-0.876953	0.273
-0.896484	0.2625
-0.882812	0.252
-0.869141	0.2415
-0.853516	0.231
-0.855469	0.2205
-0.835938	0.21
-0.84375	0.1995
-0.853516	0.189
-0.775391	0.1785
-0.773438	0.168
-0.742188	0.1575
-0.732422	0.147
-0.714844	0.1365
-0.730469	0.126
-0.648438	0.1155
-0.652344	0.105
-0.574219	0.0945
-0.615234	0.084
-0.505859	0.0735
-0.417969	0.063
-0.386719	0.0525
-0.363281	0.042
-0.269531	0.0315
-0.166016	0.021
-0.09375	0.0105
-0.00195312	-9.36751e-17
0.0625	-0.0105
0.0976562	-0.021
0.224609	-0.0315
0.380859	-0.042
0.347656	-0.0525
0.443359	-0.063
0.412109	-0.0735
0.568359	-0.084
0.580078	-0.0945
0.617188	-0.105
0.630859	-0.1155
0.65625	-0.126
0.714844	-0.1365
0.771484	-0.147
0.757812	-0.1575
0.753906	-0.168
0.775391	-0.1785
0.808594	-0.189
0.822266	-0.1995
0.853516	-0.21
0.832031	-0.2205
0.845703	-0.231
0.861328	-0.2415
0.873047	-0.252
0.886719	-0.2625
0.898438	-0.273
0.912109	-0.2835
0.912109	-0.294
0.896484	-0.3045
0.931641	-0.315
0.945312	-0.3255
0.947266	-0.336
0.955078	-0.3465
0.951172	-0.357
0.941406	-0.3675
0.962891	-0.378
0.949219	-0.3885
0.958984	-0.399
0.958984	-0.4095
0.972656	-0.42
0.972656	-0.4305
0.972656	-0.441
0.96875	-0.4515
0.972656	-0.462
0.970703	-0.4725
0.972656	-0.483
0.984375	-0.4935
0.976562	-0.504
0.982422	-0.5145
0.986328	-0.525
0.970703	-0.5355
0.990234	-0.546
0.990234	-0.5565
0.994141	-0.567
0.994141	-0.5775
0.986328	-0.588
0.996094	-0.5985
0.992188	-0.609
0.998047	-0.6195
0.994141	-0.63
0.994141	-0.6405
0.988281	-0.651
0.990234	-0.6615
0.992188	-0.672
0.998047	-0.6825
0.994141	-0.693
0.996094	-0.7035
0.996094	-0.714
0.996094	-0.7245
0.996094	-0.735
0.996094	-0.7455
0.998047	-0.756
0.996094	-0.7665
0.998047	-0.777
0.994141	-0.7875
0.996094	-0.798
0.998047	-0.8085
1	-0.819
1	-0.8295
0.996094	-0.84
1	-0.8505
0.996094	-0.861
1	-0.8715
1	-0.882
1	-0.8925
1	-0.903
1	-0.9135
1	-0.924
0.998047	-0.9345
1	-0.945
0.998047	-0.9555
1	-0.966
0.998047	-0.9765
0.998047	-0.987
1	-0.9975
0.998047	-1.008
1	-1.0185
1	-1.029
1	-1.0395
1	-1.05
1	-1.0605
0.994141	-1.05
1	-1.0395
1	-1.029
1	-1.0185
1	-1.008
1	-0.9975
1	-0.987
1	-0.9765
0.998047	-0.966
1	-0.9555
1	-0.945
0.998047	-0.9345
0.998047	-0.924
0.998047	-0.9135
1	-0.903
0.998047	-0.8925
1	-0.882
0.998047	-0.8715
0.998047	-0.861
0.998047	-0.8505
1	-0.84
1	-0.8295
0.996094	-0.819
0.994141	-0.8085
0.996094	-0.798
0.994141	-0.7875
1	-0.777
0.994141	-0.7665
1	-0.756
0.994141	-0.7455
0.992188	-0.735
0.992188	-0.7245
0.992188	-0.714
0.998047	-0.7035
0.996094	-0.693
0.996094	-0.6825
0.996094	-0.672
0.996094	-0.6615
0.998047	-0.651
0.990234	-0.6405
0.996094	-0.63
0.984375	-0.6195
0.994141	-0.609
0.982422	-0.5985
0.992188	-0.588
0.978516	-0.5775
0.988281	-0.567
0.986328	-0.5565
0.982422	-0.546
0.990234	-0.5355
0.990234	-0.525
0.982422	-0.5145
0.972656	-0.504
0.974609	-0.4935
0.984375	-0.483
0.982422	-0.4725
0.988281	-0.462
0.970703	-0.4515
0.976562	-0.441
0.96875	-0.4305
0.966797	-0.42
0.949219	-0.4095
0.962891	-0.399
0.962891	-0.3885
0.949219	-0.378
0.955078	-0.3675
0.947266	-0.357
0.945312	-0.3465
0.960938	-0.336
0.917969	-0.3255
0.943359	-0.315
0.929688	-0.3045
0.923828	-0.294
0.896484	-0.2835
0.923828	-0.273
0.904297	-0.2625
0.861328	-0.252
0.849609	-0.2415
0.845703	-0.231
0.859375	-0.2205
0.818359	-0.21
0.832031	-0.1995
0.845703	-0.189
0.835938	-0.1785
0.775391	-0.168
0.753906	-0.1575
0.767578	-0.147
0.683594	-0.1365
0.646484	-0.126
0.646484	-0.1155
0.646484	-0.105
0.615234	-0.0945
0.537109	-0.084
0.478516	-0.0735
0.419922	-0.063
0.365234	-0.0525
0.341797	-0.042
0.191406	-0.0315
0.0703125	-0.021
0.0195312	-0.0105
-0.0429688	-1.2837e-16
