0.0507812	0
-0.0839844	0.0105
-0.109375	0.021
-0.185547	0.0315
-0.181641	0.042
-0.306641	0.0525
-0.326172	0.063
-0.457031	0.0735
-0.427734	0.084
-0.380859	0.0945
-0.519531	0.105
-0.5625	0.1155
-0.568359	0.126
-0.59375	0.1365
-0.619141	0.147
-0.722656	0.1575
-0.697266	0.168
-0.71875	0.1785
-0.65625	0.189
-0.792969	0.1995
-0.761719	0.21
-0.753906	0.2205
-0.755859	0.231
-0.794922	0.2415
-0.800781	0.252
-0.818359	0.2625
-0.857422	0.273
-0.880859	0.2835
-0.886719	0.294
-0.861328	0.3045
-0.853516	0.315
-0.880859	0.3255
-0.876953	0.336
-0.892578	0.3465
-0.921875	0.357
-0.923828	0.3675
-0.931641	0.378
-0.908203	0.3885
-0.90625	0.399
-0.919922	0.4095
-0.947266	0.42
-0.947266	0.4305
-0.955078	0.441
-0.941406	0.4515
-0.933594	0.462
-0.951172	0.4725
-0.9375	0.483
-0.966797	0.4935
-0.964844	0.504
-0.976562	0.5145
-0.962891	0.525
-0.96875	0.5355
-0.96875	0.546
-0.957031	0.5565
-0.966797	0.567
-0.980469	0.5775
-0.96875	0.588
-0.978516	0.5985
-0.982422	0.609
-0.982422	0.6195
-0.984375	0.63
-0.988281	0.6405
-0.984375	0.651
-0.990234	0.6615
-0.982422	0.672
-0.994141	0.6825
-0.990234	0.693
-0.986328	0.7035
-0.992188	0.714
-0.994141	0.7245
-0.990234	0.735
-0.990234	0.7455
-0.990234	0.756
-0.992188	0.7665
-0.996094	0.777
-0.996094	0.7875
-0.988281	0.798
-0.996094	0.8085
-0.994141	0.819
-0.994141	0.8295
-0.998047	0.84
-0.996094	0.8505
-0.996094	0.861
-0.994141	0.8715
-0.996094	0.882
-0.996094	0.8925
-0.996094	0.903
-0.996094	0.9135
-0.998047	0.924
-1	0.9345
-0.998047	0.945
-1	0.9555
-1	0.966
-0.996094	0.9765
-0.998047	0.987
-1	0.9975
-0.996094	1.008
-0.992188	1.0185
-0.996094	1.029
-0.998047	1.0395
-0.996094	1.05
-0.998047	1.0605
-0.996094	1.05
-0.996094	1.0395
-0.994141	1.029
-1	1.0185
-0.998047	1.008
-1	0.9975
-0.998047	0.987
-0.994141	0.9765
-0.996094	0.966
-0.998047	0.9555
-0.998047	0.945
-0.994141	0.9345
-0.998047	0.924
-0.994141	0.9135
-0.998047	0.903
-0.996094	0.8925
-0.998047	0.882
-0.998047	0.8715
-0.994141	0.861
-0.998047	0.8505
-0.990234	0.84
-0.998047	0.8295
-0.996094	0.819
-0.988281	0.8085
-0.988281	0.798
-1	0.7875
-0.998047	0.777
-0.986328	0.7665
-0.990234	0.756
-0.990234	0.7455
-0.984375	0.735
-0.990234	0.7245
-0.996094	0.714
-0.996094	0.7035
-0.992188	0.693
-0.996094	0.6825
-0.994141	0.672
-0.988281	0.6615
-0.978516	0.651
-0.992188	0.6405
-0.994141	0.63
-0.980469	0.6195
-0.978516	0.609
-0.976562	0.5985
-0.970703	0.588
-0.978516	0.5775
-0.976562	0.567
-0.964844	0.5565
-0.982422	0.546
-0.984375	0.5355
-0.957031	0.525
-0.951172	0.5145
-0.958984	0.504
-0.960938	0.4935
-0.955078	0.483
-0.957031	0.4725
-0.949219	0.462
-0.9375	0.4515
-0.921875	0.441
-0.951172	0.4305
-0.949219	0.42
-0.947266	0.4095
-0.925781	0.399
-0.941406	0.3885
-0.933594	0.378
-0.912109	0.3675
-0.910156	0.357
-0.900391	0.3465
-0.882812	0.336
-0.908203	0.3255
-0.916016	0.315
-0.841797	0.3045
-0.892578	0.294
-0.849609	0.2835
-0.814453	0.273
-0.859375	0.2625
-0.837891	0.252
-0.845703	0.2415
-0.787109	0.231
-0.787109	0.2205
-0.800781	0.21
-0.712891	0.1995
-0.763672	0.189
-0.751953	0.1785
-0.703125	0.168
-0.693359	0.1575
-0.675781	0.147
-0.591797	0.1365
-0.601562	0.126
-0.503906	0.1155
-0.458984	0.105
-0.478516	0.0945
-0.447266	0.084
-0.367188	0.0735
-0.304688	0.063
-0.298828	0.0525
-0.242188	0.042
-0.173828	0.0315
-0.0175781	0.021
-0.0859375	0.0105
-0.0078125	-9.36751e-17
0.0585938	-0.0105
0.0878906	-0.021
0.154297	-0.0315
0.201172	-0.042
0.365234	-0.0525
0.324219	-0.063
0.337891	-0.0735
0.425781	-0.084
0.511719	-0.0945
0.455078	-0.105
0.539062	-0.1155
0.533203	-0.126
0.595703	-0.1365
0.636719	-0.147
0.671875	-0.1575
0.675781	-0.168
0.701172	-0.1785
0.708984	-0.189
0.742188	-0.1995
0.751953	-0.21
0.789062	-0.2205
0.800781	-0.231
0.798828	-0.2415
0.791016	-0.252
0.832031	-0.2625
0.824219	-0.273
0.839844	-0.2835
0.867188	-0.294
0.847656	-0.3045
0.876953	-0.315
0.892578	-0.3255
0.917969	-0.336
0.90625	-0.3465
0.898438	-0.357
0.917969	-0.3675
0.917969	-0.378
0.917969	-0.3885
0.929688	-0.399
0.925781	-0.4095
0.933594	-0.42
0.933594	-0.4305
0.943359	-0.441
0.958984	-0.4515
0.96875	-0.462
0.931641	-0.4725
0.960938	-0.483
0.939453	-0.4935
0.96875	-0.504
0.966797	-0.5145
0.970703	-0.525
0.970703	-0.5355
0.970703	-0.546
0.96875	-0.5565
0.980469	-0.567
0.96875	-0.5775
0.978516	-0.588
0.972656	-0.5985
0.982422	-0.609
0.982422	-0.6195
0.984375	-0.63
0.976562	-0.6405
0.990234	-0.651
0.986328	-0.6615
0.988281	-0.672
0.984375	-0.6825
0.986328	-0.693
0.986328	-0.7035
0.986328	-0.714
0.996094	-0.7245
0.994141	-0.735
0.986328	-0.7455
0.990234	-0.756
0.986328	-0.7665
0.988281	-0.777
0.996094	-0.7875
0.996094	-0.798
0.992188	-0.8085
0.990234	-0.819
0.996094	-0.8295
0.998047	-0.84
0.994141	-0.8505
0.996094	-0.861
0.986328	-0.8715
0.998047	-0.882
0.998047	-0.8925
0.998047	-0.903
1	-0.9135
0.998047	-0.924
0.998047	-0.9345
0.996094	-0.945
1	-0.9555
0.998047	-0.966
0.992188	-0.9765
0.998047	-0.987
0.998047	-0.9975
0.996094	-1.008
1	-1.0185
0.998047	-1.029
0.998047	-1.0395
1	-1.05
1	-1.0605
0.998047	-1.05
0.998047	-1.0395
0.998047	-1.029
0.992188	-1.0185
0.998047	-1.008
0.998047	-0.9975
1	-0.987
0.996094	-0.9765
0.998047	-0.966
0.998047	-0.9555
1	-0.945
0.996094	-0.9345
0.998047	-0.924
1	-0.9135
0.996094	-0.903
0.988281	-0.8925
0.996094	-0.882
0.998047	-0.8715
0.998047	-0.861
0.992188	-0.8505
0.996094	-0.84
0.998047	-0.8295
0.994141	-0.819
0.998047	-0.8085
0.994141	-0.798
0.998047	-0.7875
0.990234	-0.777
0.996094	-0.7665
0.990234	-0.756
0.984375	-0.7455
0.994141	-0.735
0.994141	-0.7245
0.986328	-0.714
0.984375	-0.7035
0.982422	-0.693
0.986328	-0.6825
0.986328	-0.672
0.976562	-0.6615
0.990234	-0.651
0.990234	-0.6405
0.966797	-0.63
0.980469	-0.6195
0.982422	-0.609
0.976562	-0.5985
0.964844	-0.588
0.976562	-0.5775
0.970703	-0.567
0.964844	-0.5565
0.966797	-0.546
0.955078	-0.5355
0.964844	-0.525
0.962891	-0.5145
0.962891	-0.504
0.953125	-0.4935
0.949219	-0.483
0.951172	-0.4725
0.949219	-0.462
0.947266	-0.4515
0.935547	-0.441
0.951172	-0.4305
0.9375	-0.42
0.939453	-0.4095
0.908203	-0.399
0.929688	-0.3885
0.90625	-0.378
0.933594	-0.3675
0.90625	-0.357
0.929688	-0.3465
0.925781	-0.336
0.888672	-0.3255
0.894531	-0.315
0.871094	-0.3045
0.835938	-0.294
0.876953	-0.2835
0.884766	-0.273
0.841797	-0.2625
0.806641	-0.252
0.820312	-0.2415
0.794922	-0.231
0.765625	-0.2205
0.783203	-0.21
0.732422	-0.1995
0.714844	-0.189
0.759766	-0.1785
0.664062	-0.168
0.623047	-0.1575
0.652344	-0.147
0.626953	-0.1365
0.611328	-0.126
0.464844	-0.1155
0.564453	-0.105
0.476562	-0.0945
0.482422	-0.084
0.421875	-0.0735
0.341797	-0.063
0.201172	-0.0525
0.179688	-0.042
0.113281	-0.0315
0.123047	-0.021
0.078125	-0.0105
0.0585938	-1.2837e-16
