-0.0878906	0
-0.0214844	0.0105
-0.0800781	0.021
-0.148438	0.0315
-0.134766	0.042
-0.177734	0.0525
-0.267578	0.063
-0.294922	0.0735
-0.365234	0.084
-0.408203	0.0945
-0.394531	0.105
-0.447266	0.1155
-0.5	0.126
-0.582031	0.1365
-0.576172	0.147
-0.548828	0.1575
-0.546875	0.168
-0.613281	0.1785
-0.619141	0.189
-0.677734	0.1995
-0.660156	0.21
-0.744141	0.2205
-0.740234	0.231
-0.773438	0.2415
-0.720703	0.252
-0.738281	0.2625
-0.746094	0.273
-0.783203	0.2835
-0.785156	0.294
-0.855469	0.3045
-0.830078	0.315
-0.851562	0.3255
-0.902344	0.336
-0.861328	0.3465
-0.894531	0.357
-0.839844	0.3675
-0.867188	0.378
-0.859375	0.3885
-0.884766	0.399
-0.876953	0.4095
-0.921875	0.42
-0.919922	0.4305
-0.917969	0.441
-0.914062	0.4515
-0.90625	0.462
-0.927734	0.4725
-0.921875	0.483
-0.917969	0.4935
-0.9375	0.504
-0.941406	0.5145
-0.958984	0.525
-0.9375	0.5355
-0.970703	0.546
-0.966797	0.5565
-0.960938	0.567
-0.943359	0.5775
-0.953125	0.588
-0.972656	0.5985
-0.964844	0.609
-0.972656	0.6195
-0.978516	0.63
-0.964844	0.6405
-0.960938	0.651
-0.962891	0.6615
-0.964844	0.672
-0.984375	0.6825
-0.978516	0.693
-0.982422	0.7035
-0.980469	0.714
-0.988281	0.7245
-0.980469	0.735
-0.988281	0.7455
-0.984375	0.756
-0.992188	0.7665
-0.980469	0.777
-0.982422	0.7875
-0.990234	0.798
-0.982422	0.8085
-0.990234	0.819
-0.986328	0.8295
-0.984375	0.84
-0.986328	0.8505
-0.994141	0.861
-0.994141	0.8715
-0.994141	0.882
-0.996094	0.8925
-0.996094	0.903
-0.998047	0.9135
-0.990234	0.924
-0.992188	0.9345
-0.996094	0.945
-1	0.9555
-0.996094	0.966
-0.998047	0.9765
-0.998047	0.987
-1	0.9975
-0.998047	1.008
-0.992188	1.0185
-0.998047	1.029
-0.992188	1.0395
-0.998047	1.05
-0.998047	1.0605
-0.994141	1.05
-0.996094	1.0395
-0.998047	1.029
-0.998047	1.0185
-0.996094	1.008
-0.990234	0.9975
-0.994141	0.987
-0.988281	0.9765
-0.992188	0.966
-0.996094	0.9555
-0.996094	0.945
-0.996094	0.9345
-0.986328	0.924
-0.984375	0.9135
-0.992188	0.903
-0.996094	0.8925
-0.990234	0.882
-0.994141	0.8715
-0.988281	0.861
-0.992188	0.8505
-0.994141	0.84
-0.994141	0.8295
-0.976562	0.819
-0.980469	0.8085
-0.972656	0.798
-0.988281	0.7875
-0.978516	0.777
-0.988281	0.7665
-0.978516	0.756
-0.976562	0.7455
-0.970703	0.735
-0.976562	0.7245
-0.980469	0.714
-0.974609	0.7035
-0.96875	0.693
-0.974609	0.6825
-0.966797	0.672
-0.978516	0.6615
-0.972656	0.651
-0.962891	0.6405
-0.960938	0.63
-0.970703	0.6195
-0.955078	0.609
-0.951172	0.5985
-0.960938	0.588
-0.935547	0.5775
-0.949219	0.567
-0.960938	0.5565
-0.951172	0.546
-0.945312	0.5355
-0.931641	0.525
-0.9375	0.5145
-0.945312	0.504
-0.949219	0.4935
-0.935547	0.483
-0.929688	0.4725
-0.919922	0.462
-0.916016	0.4515
-0.912109	0.441
-0.902344	0.4305
-0.945312	0.42
-0.910156	0.4095
-0.863281	0.399
-0.896484	0.3885
-0.892578	0.378
-0.859375	0.3675
-0.859375	0.357
-0.875	0.3465
-0.835938	0.336
-0.84375	0.3255
-0.814453	0.315
-0.8125	0.3045
-0.835938	0.294
-0.783203	0.2835
-0.753906	0.273
-0.796875	0.2625
-0.761719	0.252
-0.730469	0.2415
-0.720703	0.231
-0.714844	0.2205
-0.714844	0.21
-0.705078	0.1995
-0.617188	0.189
-0.589844	0.1785
-0.583984	0.168
-0.619141	0.1575
-0.523438	0.147
-0.523438	0.1365
-0.484375	0.126
-0.498047	0.1155
-0.384766	0.105
-0.380859	0.0945
-0.337891	0.084
-0.279297	0.0735
-0.3125	0.063
-0.228516	0.0525
-0.117188	0.042
-0.148438	0.0315
-0.0859375	0.021
0.0683594	0.0105
-0.0449219	-9.36751e-17
0.103516	-0.0105
0.132812	-0.021
0.1875	-0.0315
0.212891	-0.042
0.234375	-0.0525
0.255859	-0.063
0.333984	-0.0735
0.375	-0.084
0.414062	-0.0945
0.419922	-0.105
0.542969	-0.1155
0.509766	-0.126
0.582031	-0.1365
0.560547	-0.147
0.595703	-0.1575
0.574219	-0.168
0.617188	-0.1785
0.644531	-0.189
0.695312	-0.1995
0.701172	-0.21
0.748047	-0.2205
0.736328	-0.231
0.740234	-0.2415
0.761719	-0.252
0.761719	-0.2625
0.792969	-0.273
0.787109	-0.2835
0.808594	-0.294
0.832031	-0.3045
0.847656	-0.315
0.810547	-0.3255
0.828125	-0.336
0.841797	-0.3465
0.861328	-0.357
0.886719	-0.3675
0.884766	-0.378
0.900391	-0.3885
0.884766	-0.399
0.929688	-0.4095
0.902344	-0.42
0.890625	-0.4305
0.917969	-0.441
0.927734	-0.4515
0.935547	-0.462
0.912109	-0.4725
0.935547	-0.483
0.943359	-0.4935
0.960938	-0.504
0.923828	-0.5145
0.949219	-0.525
0.953125	-0.5355
0.947266	-0.546
0.941406	-0.5565
0.955078	-0.567
0.958984	-0.5775
0.966797	-0.588
0.962891	-0.5985
0.962891	-0.609
0.96875	-0.6195
0.970703	-0.63
0.964844	-0.6405
0.984375	-0.651
0.970703	-0.6615
0.976562	-0.672
0.984375	-0.6825
0.982422	-0.693
0.980469	-0.7035
0.964844	-0.714
0.984375	-0.7245
0.980469	-0.735
0.978516	-0.7455
0.990234	-0.756
0.976562	-0.7665
0.986328	-0.777
0.986328	-0.7875
0.96875	-0.798
0.986328	-0.8085
0.990234	-0.819
0.990234	-0.8295
0.986328	-0.84
0.976562	-0.8505
0.994141	-0.861
0.984375	-0.8715
0.990234	-0.882
0.994141	-0.8925
0.998047	-0.903
0.996094	-0.9135
0.996094	-0.924
0.994141	-0.9345
1	-0.945
0.994141	-0.9555
0.998047	-0.966
0.994141	-0.9765
0.996094	-0.987
1	-0.9975
0.992188	-1.008
0.996094	-1.0185
0.998047	-1.029
1	-1.0395
1	-1.05
1	-1.0605
1	-1.05
0.998047	-1.0395
0.994141	-1.029
1	-1.0185
0.994141	-1.008
0.992188	-0.9975
0.998047	-0.987
0.992188	-0.9765
0.998047	-0.966
0.994141	-0.9555
0.990234	-0.945
0.988281	-0.9345
0.996094	-0.924
0.982422	-0.9135
0.988281	-0.903
0.996094	-0.8925
0.986328	-0.882
0.992188	-0.8715
0.984375	-0.861
0.996094	-0.8505
0.990234	-0.84
0.994141	-0.8295
0.988281	-0.819
0.978516	-0.8085
0.986328	-0.798
0.988281	-0.7875
0.992188	-0.777
0.982422	-0.7665
0.984375	-0.756
0.96875	-0.7455
0.982422	-0.735
0.986328	-0.7245
0.972656	-0.714
0.970703	-0.7035
0.978516	-0.693
0.980469	-0.6825
0.96875	-0.672
0.982422	-0.6615
0.966797	-0.651
0.970703	-0.6405
0.970703	-0.63
0.955078	-0.6195
0.96875	-0.609
0.964844	-0.5985
0.974609	-0.588
0.957031	-0.5775
0.947266	-0.567
0.960938	-0.5565
0.976562	-0.546
0.958984	-0.5355
0.925781	-0.525
0.939453	-0.5145
0.941406	-0.504
0.931641	-0.4935
0.921875	-0.483
0.935547	-0.4725
0.933594	-0.462
0.916016	-0.4515
0.904297	-0.441
0.923828	-0.4305
0.908203	-0.42
0.90625	-0.4095
0.902344	-0.399
0.916016	-0.3885
0.876953	-0.378
0.863281	-0.3675
0.878906	-0.357
0.869141	-0.3465
0.851562	-0.336
0.849609	-0.3255
0.841797	-0.315
0.806641	-0.3045
0.8125	-0.294
0.804688	-0.2835
0.798828	-0.273
0.818359	-0.2625
0.769531	-0.252
0.751953	-0.2415
0.716797	-0.231
0.730469	-0.2205
0.699219	-0.21
0.714844	-0.1995
0.621094	-0.189
0.626953	-0.1785
0.601562	-0.168
0.564453	-0.1575
0.623047	-0.147
0.5625	-0.1365
0.480469	-0.126
0.484375	-0.1155
0.337891	-0.105
0.382812	-0.0945
0.394531	-0.084
0.292969	-0.0735
0.210938	-0.063
0.183594	-0.0525
0.169922	-0.042
0.195312	-0.0315
0.103516	-0.021
0.146484	-0.0105
0.0253906	-1.2837e-16
