0.03125	0
-0.046875	0.0105
-0.140625	0.021
-0.148438	0.0315
-0.253906	0.042
-0.111328	0.0525
-0.134766	0.063
-0.144531	0.0735
-0.328125	0.084
-0.345703	0.0945
-0.363281	0.105
-0.400391	0.1155
-0.396484	0.126
-0.46875	0.1365
-0.503906	0.147
-0.519531	0.1575
-0.527344	0.168
-0.605469	0.1785
-0.585938	0.189
-0.632812	0.1995
-0.630859	0.21
-0.632812	0.2205
-0.640625	0.231
-0.703125	0.2415
-0.669922	0.252
-0.705078	0.2625
-0.714844	0.273
-0.748047	0.2835
-0.712891	0.294
-0.771484	0.3045
-0.765625	0.315
-0.792969	0.3255
-0.791016	0.336
-0.798828	0.3465
-0.820312	0.357
-0.808594	0.3675
-0.804688	0.378
-0.800781	0.3885
-0.853516	0.399
-0.875	0.4095
-0.847656	0.42
-0.867188	0.4305
-0.908203	0.441
-0.896484	0.4515
-0.896484	0.462
-0.855469	0.4725
-0.904297	0.483
-0.890625	0.4935
-0.892578	0.504
-0.916016	0.5145
-0.933594	0.525
-0.941406	0.5355
-0.917969	0.546
-0.910156	0.5565
-0.957031	0.567
-0.921875	0.5775
-0.943359	0.588
-0.960938	0.5985
-0.947266	0.609
-0.949219	0.6195
-0.949219	0.63
-0.96875	0.6405
-0.957031	0.651
-0.953125	0.6615
-0.962891	0.672
-0.947266	0.6825
-0.962891	0.693
-0.958984	0.7035
-0.947266	0.714
-0.960938	0.7245
-0.964844	0.735
-0.974609	0.7455
-0.964844	0.756
-0.980469	0.7665
-0.957031	0.777
-0.976562	0.7875
-0.974609	0.798
-0.988281	0.8085
-0.976562	0.819
-0.984375	0.8295
-0.990234	0.84
-0.978516	0.8505
-0.982422	0.861
-0.974609	0.8715
-0.980469	0.882
-0.996094	0.8925
-0.980469	0.903
-0.992188	0.9135
-0.974609	0.924
-0.988281	0.9345
-0.982422	0.945
-0.984375	0.9555
-0.982422	0.966
-0.986328	0.9765
-0.994141	0.987
-0.980469	0.9975
-0.990234	1.008
-0.992188	1.0185
-0.996094	1.029
-0.988281	1.0395
-0.990234	1.05
-0.998047	1.0605
-0.992188	1.05
-0.994141	1.0395
-0.996094	1.029
-0.992188	1.0185
-0.994141	1.008
-0.996094	0.9975
-0.996094	0.987
-0.990234	0.9765
-0.986328	0.966
-0.986328	0.9555
-0.990234	0.945
-0.990234	0.9345
-0.980469	0.924
-0.984375	0.9135
-0.978516	0.903
-0.982422	0.8925
-0.988281	0.882
-0.988281	0.8715
-0.980469	0.861
-0.982422	0.8505
-0.986328	0.84
-0.976562	0.8295
-0.964844	0.819
-0.982422	0.8085
-0.974609	0.798
-0.953125	0.7875
-0.972656	0.777
-0.972656	0.7665
-0.970703	0.756
-0.970703	0.7455
-0.972656	0.735
-0.970703	0.7245
-0.960938	0.714
-0.953125	0.7035
-0.96875	0.693
-0.945312	0.6825
-0.957031	0.672
-0.964844	0.6615
-0.943359	0.651
-0.972656	0.6405
-0.955078	0.63
-0.960938	0.6195
-0.962891	0.609
-0.931641	0.5985
-0.951172	0.588
-0.951172	0.5775
-0.9375	0.567
-0.945312	0.5565
-0.941406	0.546
-0.917969	0.5355
-0.904297	0.525
-0.912109	0.5145
-0.925781	0.504
-0.900391	0.4935
-0.900391	0.483
-0.898438	0.4725
-0.919922	0.462
-0.898438	0.4515
-0.871094	0.441
-0.855469	0.4305
-0.839844	0.42
-0.859375	0.4095
-0.830078	0.399
-0.849609	0.3885
-0.84375	0.378
-0.806641	0.3675
-0.806641	0.357
-0.787109	0.3465
-0.798828	0.336
-0.802734	0.3255
-0.787109	0.315
-0.755859	0.3045
-0.771484	0.294
-0.753906	0.2835
-0.730469	0.273
-0.703125	0.2625
-0.640625	0.252
-0.703125	0.2415
-0.712891	0.231
-0.603516	0.2205
-0.695312	0.21
-0.642578	0.1995
-0.632812	0.189
-0.511719	0.1785
-0.535156	0.168
-0.505859	0.1575
-0.488281	0.147
-0.453125	0.1365
-0.345703	0.126
-0.433594	0.1155
-0.392578	0.105
-0.339844	0.0945
-0.277344	0.084
-0.232422	0.0735
-0.253906	0.063
-0.164062	0.0525
-0.123047	0.042
-0.0742188	0.0315
-0.0683594	0.021
-0.0839844	0.0105
-0.0878906	-9.36751e-17
0.00195312	-0.0105
0.162109	-0.021
0.195312	-0.0315
0.164062	-0.042
0.205078	-0.0525
0.230469	-0.063
0.248047	-0.0735
0.330078	-0.084
0.345703	-0.0945
0.310547	-0.105
0.416016	-0.1155
0.363281	-0.126
0.462891	-0.1365
0.462891	-0.147
0.509766	-0.1575
0.576172	-0.168
0.5	-0.1785
0.578125	-0.189
0.601562	-0.1995
0.625	-0.21
0.667969	-0.2205
0.673828	-0.231
0.646484	-0.2415
0.638672	-0.252
0.726562	-0.2625
0.699219	-0.273
0.71875	-0.2835
0.785156	-0.294
0.791016	-0.3045
0.746094	-0.315
0.796875	-0.3255
0.796875	-0.336
0.796875	-0.3465
0.816406	-0.357
0.828125	-0.3675
0.824219	-0.378
0.865234	-0.3885
0.847656	-0.399
0.853516	-0.4095
0.857422	-0.42
0.871094	-0.4305
0.890625	-0.441
0.919922	-0.4515
0.884766	-0.462
0.894531	-0.4725
0.917969	-0.483
0.923828	-0.4935
0.894531	-0.504
0.90625	-0.5145
0.941406	-0.525
0.925781	-0.5355
0.9375	-0.546
0.925781	-0.5565
0.949219	-0.567
0.917969	-0.5775
0.931641	-0.588
0.947266	-0.5985
0.951172	-0.609
0.941406	-0.6195
0.953125	-0.63
0.935547	-0.6405
0.964844	-0.651
0.949219	-0.6615
0.947266	-0.672
0.951172	-0.6825
0.974609	-0.693
0.980469	-0.7035
0.96875	-0.714
0.96875	-0.7245
0.960938	-0.735
0.966797	-0.7455
0.966797	-0.756
0.962891	-0.7665
0.974609	-0.777
0.970703	-0.7875
0.957031	-0.798
0.96875	-0.8085
0.984375	-0.819
0.988281	-0.8295
0.976562	-0.84
0.976562	-0.8505
0.980469	-0.861
0.992188	-0.8715
0.986328	-0.882
0.992188	-0.8925
0.988281	-0.903
0.986328	-0.9135
0.982422	-0.924
0.992188	-0.9345
0.984375	-0.945
0.982422	-0.9555
0.986328	-0.966
0.992188	-0.9765
0.990234	-0.987
0.984375	-0.9975
0.986328	-1.008
0.988281	-1.0185
0.994141	-1.029
0.988281	-1.0395
0.996094	-1.05
0.988281	-1.0605
0.988281	-1.05
0.982422	-1.0395
0.994141	-1.029
0.992188	-1.0185
0.994141	-1.008
0.988281	-0.9975
0.988281	-0.987
0.998047	-0.9765
0.984375	-0.966
0.988281	-0.9555
0.992188	-0.945
0.992188	-0.9345
0.990234	-0.924
0.986328	-0.9135
0.978516	-0.903
0.980469	-0.8925
0.990234	-0.882
0.986328	-0.8715
0.988281	-0.861
0.980469	-0.8505
0.992188	-0.84
0.974609	-0.8295
0.974609	-0.819
0.976562	-0.8085
0.976562	-0.798
0.974609	-0.7875
0.970703	-0.777
0.974609	-0.7665
0.966797	-0.756
0.964844	-0.7455
0.962891	-0.735
0.951172	-0.7245
0.960938	-0.714
0.960938	-0.7035
0.970703	-0.693
0.962891	-0.6825
0.974609	-0.672
0.955078	-0.6615
0.951172	-0.651
0.955078	-0.6405
0.953125	-0.63
0.947266	-0.6195
0.947266	-0.609
0.943359	-0.5985
0.925781	-0.588
0.917969	-0.5775
0.931641	-0.567
0.931641	-0.5565
0.947266	-0.546
0.929688	-0.5355
0.900391	-0.525
0.914062	-0.5145
0.896484	-0.504
0.908203	-0.4935
0.882812	-0.483
0.882812	-0.4725
0.865234	-0.462
0.894531	-0.4515
0.888672	-0.441
0.871094	-0.4305
0.828125	-0.42
0.849609	-0.4095
0.845703	-0.399
0.845703	-0.3885
0.837891	-0.378
0.798828	-0.3675
0.818359	-0.357
0.787109	-0.3465
0.804688	-0.336
0.746094	-0.3255
0.740234	-0.315
0.736328	-0.3045
0.720703	-0.294
0.722656	-0.2835
0.726562	-0.273
0.693359	-0.2625
0.669922	-0.252
0.681641	-0.2415
0.666016	-0.231
0.611328	-0.2205
0.597656	-0.21
0.550781	-0.1995
0.595703	-0.189
0.591797	-0.1785
0.498047	-0.168
0.525391	-0.1575
0.458984	-0.147
0.523438	-0.1365
0.402344	-0.126
0.337891	-0.1155
0.349609	-0.105
0.294922	-0.0945
0.353516	-0.084
0.271484	-0.0735
0.212891	-0.063
0.136719	-0.0525
0.167969	-0.042
0.111328	-0.0315
0.0664062	-0.021
0.0332031	-0.0105
-0.00976562	-1.2837e-16
