1000 -0.0194678 0.00268137 0.00890786
1500 -0.0096423 0.00321637 0.00753797
2000 -0.0109846 -0.00129034 0.00695532
2500 -0.0126362 0.00230506 0.00696665
3000 -0.00882876 0.000327337 0.00645418
3500 -0.00802925 -0.00139445 0.00756711
4000 -0.0065116 -0.00270752 0.00793709
4500 -0.00739224 -0.00226845 0.00872632
5000 -0.00332232 -0.00486974 0.00855741
5500 -0.00213483 -0.0059005 0.00877273
6000 -0.00263883 -0.00750679 0.00784669
6500 -0.00205858 -0.00820712 0.00790151
7000 -0.00188437 -0.00814613 0.00754246
7500 -0.00199957 -0.00892222 0.00623425
8000 -0.000420647 -0.00781268 0.00617314
8500 -0.0020391 -0.00722593 0.00686465
9000 -0.00131418 -0.00742446 0.00594201
9500 -0.000652122 -0.00650595 0.00634389
10000 -0.0010268 -0.00628976 0.00606153
10500 -0.000637534 -0.00583041 0.00531258
11000 -0.00157491 -0.00478705 0.00527189
11500 -0.00210188 -0.00532374 0.00543412
12000 -0.00247711 -0.00546261 0.00575882
12500 -0.00245565 -0.0049689 0.005284
13000 -0.00163492 -0.00553139 0.00488476
13500 -0.00131052 -0.00455806 0.00443224
14000 -0.00100226 -0.00464213 0.00405136
14500 -0.00108217 -0.00389378 0.00402452
15000 -0.00128819 -0.00355849 0.0039753
15500 -0.00150745 -0.00355105 0.0039325
16000 -0.00175947 -0.00354378 0.00398107
16500 -0.00186428 -0.00387354 0.00374793
17000 -0.00238364 -0.00379414 0.00367788
17500 -0.00150591 -0.00323396 0.00340022
18000 -0.00127443 -0.00322147 0.00315391
18500 -0.000912131 -0.00392648 0.00302208
19000 -0.000569519 -0.00366778 0.00304192
19500 -0.000763454 -0.00380915 0.00315183
20000 -0.000964294 -0.00291542 0.00281439
20500 -0.000893902 -0.00313987 0.00251338
21000 -0.000659654 -0.00298208 0.00302933
21500 -0.000223543 -0.00289309 0.00273594
22000 0.000146173 -0.00288039 0.00273773
22500 0.000452234 -0.00312582 0.00315568
23000 0.000442005 -0.00293202 0.00328917
23500 0.000535997 -0.0028962 0.00312612
24000 0.000500449 -0.00277581 0.00288684
24500 0.000528525 -0.00282048 0.0027755
25000 0.000111108 -0.00278249 0.00267013
25500 2.56072e-05 -0.00286925 0.00282795
26000 0.000143049 -0.0027945 0.00261122
26500 -0.000585723 -0.00263549 0.00243948
27000 -0.000487251 -0.00274213 0.00251649
27500 -0.000576904 -0.00301438 0.00269823
28000 -0.000286848 -0.00321129 0.00252739
28500 -0.000378257 -0.00345821 0.00257756
29000 -0.000664598 -0.00327205 0.0025464
29500 -0.000742111 -0.0030212 0.00275993
30000 -0.000692502 -0.00293789 0.00289513
30500 -0.000530665 -0.00290687 0.00257676
31000 -0.000559179 -0.00279052 0.00286441
31500 -0.00073908 -0.00268507 0.00308427
32500 -0.000874363 -0.00260259 0.00264161
34000 -0.000693622 -0.00231927 0.00192922
33000 -0.000769246 -0.00249538 0.00214402
33500 -0.000628625 -0.00231547 0.00200981
32000 -0.000960821 -0.00256755 0.0029233
34500 -0.000701429 -0.0020925 0.00201123
35000 -0.000923453 -0.00221167 0.0020574
35500 -0.00117026 -0.00206645 0.00170866
36500 -0.00122934 -0.0020259 0.00161729
37000 -0.0011734 -0.0018703 0.00176262
38000 -0.00130038 -0.00209733 0.00171886
36000 -0.000929172 -0.00212152 0.00154517
37500 -0.00108498 -0.00189308 0.00163045
39000 -0.000774372 -0.00221533 0.00160894
40000 -0.000446934 -0.00252269 0.00128437
38500 -0.000864715 -0.0020354 0.00152667
40500 -0.000641348 -0.00236068 0.00128794
39500 -0.000646485 -0.00222589 0.00135403
41500 -0.000473879 -0.00190564 0.00105618
41000 -0.000380844 -0.00207186 0.00134331
42000 -0.000658013 -0.00187752 0.00106816
42500 -0.000742471 -0.00188059 0.00108868
43000 -0.000860211 -0.00181407 0.00117828
43500 -0.000909596 -0.00148119 0.00133808
44000 -0.000833178 -0.00122926 0.00129834
44500 -0.000810085 -0.00122261 0.00123676
45000 -0.000620296 -0.00123358 0.00124477
45500 -0.000755447 -0.00110208 0.00109954
46000 -0.000784595 -0.000981228 0.00083839
47000 -0.0010459 -0.000814186 0.00111258
46500 -0.000863628 -0.000934508 0.000935694
47500 -0.00115766 -0.000700238 0.00114881
48000 -0.00116519 -0.000913773 0.000873316
48500 -0.00114287 -0.000928324 0.000941289
49000 -0.00099554 -0.00106704 0.000975342
49500 -0.000861552 -0.00111844 0.00126795
50000 -0.000810179 -0.000953319 0.00141587
50500 -0.000902922 -0.00104554 0.00129391
51500 -0.00109618 -0.00127014 0.00131851
52500 -0.0011624 -0.00152403 0.00144748
52000 -0.00110458 -0.00143269 0.0014009
51000 -0.00101342 -0.00117298 0.00123217
53000 -0.00113909 -0.00148202 0.00139668
54500 -0.00120115 -0.00170852 0.00126658
54000 -0.00124476 -0.00157416 0.00141641
53500 -0.00114544 -0.00164796 0.00142581
55000 -0.00114584 -0.00164333 0.00141364
55500 -0.00126624 -0.00156918 0.00131925
56500 -0.00129543 -0.00171576 0.00119616
57000 -0.00126211 -0.00174444 0.00104601
56000 -0.00120412 -0.00166822 0.00115368
58000 -0.00131624 -0.0015933 0.00116051
59000 -0.00142055 -0.00143758 0.00119481
57500 -0.00142913 -0.00154581 0.00109989
59500 -0.00139601 -0.00155173 0.0011055
58500 -0.00142446 -0.00145448 0.00116731
60500 -0.00141238 -0.00142729 0.000971835
61000 -0.00134473 -0.00131658 0.000924866
60000 -0.00138893 -0.00146903 0.00109155
62000 -0.00121515 -0.00143747 0.000761911
61500 -0.00129947 -0.00131735 0.000880147
63000 -0.00121565 -0.00131201 0.000676195
62500 -0.00129307 -0.00128244 0.000762082
63500 -0.00105567 -0.0013211 0.000738146
64500 -0.00109764 -0.00128953 0.000886068
64000 -0.000996502 -0.00122215 0.000871855
65500 -0.000993495 -0.00112048 0.000973994
66000 -0.0010184 -0.00122104 0.00108534
66500 -0.00103019 -0.00121592 0.00101575
65000 -0.00111387 -0.00114702 0.000957543
67500 -0.00138822 -0.00124201 0.00101036
67000 -0.0012491 -0.00128063 0.00102237
68500 -0.00140587 -0.00131237 0.00111567
69000 -0.00129831 -0.00127959 0.00107422
68000 -0.00142945 -0.00121729 0.00105564
71000 -0.00116472 -0.00114723 0.00151244
70500 -0.00118235 -0.00117984 0.00136284
69500 -0.00127882 -0.0013035 0.00113485
71500 -0.00118682 -0.00106472 0.00151212
70000 -0.00120171 -0.00134031 0.00111675
72000 -0.00103098 -0.00106334 0.0015042
73500 -0.000949159 -0.001097 0.00148161
73000 -0.00110941 -0.00114199 0.00159122
72500 -0.00100204 -0.00123308 0.00146141
74000 -0.000968053 -0.00124994 0.00150916
75500 -0.000801274 -0.00165177 0.00163219
74500 -0.000955343 -0.00125974 0.00152865
76500 -0.000821343 -0.00157121 0.0016151
75000 -0.000930238 -0.00142223 0.0015297
77500 -0.000965451 -0.00167182 0.00135661
76000 -0.000854195 -0.0016526 0.00162098
77000 -0.00084468 -0.00163853 0.00150033
78000 -0.000997672 -0.00168148 0.00116122
78500 -0.000979786 -0.00156074 0.00117788
79500 -0.000885333 -0.00151234 0.00116783
79000 -0.000937963 -0.00150505 0.00117371
80000 -0.000878183 -0.00151914 0.0010376
80500 -0.00103145 -0.00163533 0.00124518
81500 -0.00106078 -0.00176353 0.00134275
81000 -0.000972592 -0.00168019 0.0012573
82500 -0.00108544 -0.00175835 0.00128596
83500 -0.00101433 -0.00168866 0.00132278
83000 -0.00102315 -0.00159064 0.00133499
82000 -0.00107993 -0.00175193 0.00123895
85000 -0.000925373 -0.00170134 0.00122623
84000 -0.00107917 -0.00176 0.00126245
84500 -0.00103163 -0.00172306 0.00136732
85500 -0.000995235 -0.0016923 0.00118503
86000 -0.000785144 -0.00161795 0.0010946
86500 -0.000878175 -0.00178646 0.00112874
87000 -0.000843764 -0.00170396 0.00096791
88500 -0.000811849 -0.00172509 0.00103683
88000 -0.000709069 -0.00168572 0.00107228
87500 -0.00086488 -0.00168076 0.00105357
89000 -0.000851676 -0.00167814 0.00115138
89500 -0.000918166 -0.00169077 0.00104894
90000 -0.000918528 -0.00172443 0.00104623
90500 -0.000933662 -0.00161387 0.00105998
92500 -0.000759432 -0.00149004 0.00114227
91000 -0.000956065 -0.00168098 0.00107248
94500 -0.000747972 -0.00130035 0.00122048
91500 -0.000810292 -0.00160904 0.00116467
95500 -0.000543376 -0.00121654 0.00114075
92000 -0.000755105 -0.00155685 0.00114961
93000 -0.00070448 -0.00150233 0.00115025
94000 -0.000694786 -0.00141034 0.00124575
95000 -0.000619431 -0.00121867 0.00113068
93500 -0.000711858 -0.00141636 0.00121525
96000 -0.00049032 -0.00115176 0.00109792
97000 -0.000400344 -0.00115819 0.00101644
96500 -0.000458239 -0.00110418 0.00107031
97500 -0.000408513 -0.00120108 0.000865956
98500 -0.000534866 -0.00106757 0.000753595
98000 -0.000443237 -0.00114877 0.000809499
99000 -0.000627046 -0.001109 0.000781312
99500 -0.000626474 -0.00100164 0.000776793
