120 0.175253
144 0.173351
172 0.169602
206 0.168306
247 0.169883
296 0.166736
355 0.166763
426 0.167189
511 0.168448
613 0.164184
735 0.163823
882 0.165382
1058 0.165768
1522 0.166644
1269 0.165962
1826 0.166512
2191 0.167599
2629 0.167225
3154 0.165798
3784 0.165433
4540 0.164665
5448 0.164782
6537 0.164252
9412 0.165941
7844 0.165977
11294 0.166305
13552 0.165925
16262 0.166034
19514 0.165722
23416 0.166236
#28099 0.166301
#33718 0.166681
#40461 0.166809
#58263 0.166739
#69915 0.166798
#83898 0.166724
#120812 0.166571
#100677 0.166562
#144974 0.166565
#208761 0.16677
#173968 0.166616
#250513 0.166591
#300615 0.166557
#360738 0.166496
#432885 0.166439
#519462 0.166457
#623354 0.166463
#748024 0.166559
#897628 0.166599
#1077153 0.166589
