1061.81	0.339966
1061.81	0.374634
1061.81	0.409058
1061.81	0.458618
1061.81	0.492554
1061.81	0.518677
1061.81	0.54187
1061.81	0.569214
1061.81	0.591187
1061.81	0.60376
1061.81	0.619995
1061.81	0.633545
1061.81	0.64624
1061.81	0.651001
1061.81	0.673584
1061.81	0.694092
1061.81	0.697754
1061.81	0.7052
1061.81	0.706055
1061.81	0.713745
1061.81	0.730347
1061.81	0.733154
1061.81	0.734375
1061.81	0.73999
1061.81	0.749878
1061.81	0.757324
1061.81	0.766479
1061.81	0.77478
1061.81	0.781616
1061.81	0.789429
1061.81	0.795166
1061.81	0.801392
1061.81	0.814087
1061.81	0.815674
1061.81	0.819702
1061.81	0.827148
1061.81	0.827881
1061.81	0.832153
1061.81	0.833862
1061.81	0.836304
1061.81	0.839844
1061.81	0.847168
1061.81	0.850464
1061.81	0.856689
1061.81	0.857178
1061.81	0.86438
1061.81	0.871704
1061.81	0.872925
1061.81	0.873535
1061.81	0.880737
1061.81	0.885376
1061.81	0.884888
1061.81	0.886963
1061.81	0.890503
1061.81	0.896118
1061.81	0.895264
1061.81	0.894531
1061.81	0.889038
1061.81	0.889404
1061.81	0.883667
1061.81	0.887817
1061.81	0.890137
1061.81	0.887573
1061.81	0.890137
1061.81	0.883789
1061.81	0.88916
1061.81	0.893799
1061.81	0.897095
1061.81	0.897339
1061.81	0.902954
1061.81	0.901367
1061.81	0.906738
1061.81	0.901489
1061.81	0.901001
1061.81	0.89978
1061.81	0.897827
1061.81	0.897095
1061.81	0.905273
1061.81	0.904175
1061.81	0.903687
1061.81	0.905029
1061.81	0.911255
1061.81	0.910645
1061.81	0.910645
1061.81	0.907959
1061.81	0.910278
1061.81	0.91333
1061.81	0.91333
1061.81	0.9104
1061.81	0.910522
1061.81	0.911743
1061.81	0.915283
1061.81	0.921265
1061.81	0.927612
1061.81	0.929199
1061.81	0.929443
1061.81	0.931641
1061.81	0.932739
1061.81	0.931152
1061.81	0.926758
1061.81	0.929077
1061.81	0.931396
1061.81	0.931274
1061.81	0.931519
1061.81	0.932251
1061.81	0.932129
1061.81	0.937988
1061.81	0.936157
1061.81	0.936157
1061.81	0.937378
1061.81	0.935425
1061.81	0.932007
1061.81	0.9375
1061.81	0.938232
1061.81	0.934692
1061.81	0.939575
1061.81	0.939819
1061.81	0.940674
1061.81	0.940552
1061.81	0.941772
1061.81	0.938965
1061.81	0.938843
1061.81	0.937622
1061.81	0.937012
1061.81	0.932251
1061.81	0.931152
1061.81	0.938599
1061.81	0.938599
1061.81	0.942505
1061.81	0.947754
1061.81	0.945679
1061.81	0.948486
1061.81	0.948608
1061.81	0.949829
1061.81	0.951538
1061.81	0.951538
1061.81	0.951538
1061.81	0.950928
1061.81	0.948853
1061.81	0.952637
1061.81	0.950317
1061.81	0.950806
1061.81	0.958862
1061.81	0.955811
1061.81	0.951294
1061.81	0.947021
1061.81	0.947021
1061.81	0.947632
1061.81	0.945557
1061.81	0.949097
1061.81	0.95166
1061.81	0.958496
1061.81	0.963257
1061.81	0.958862
1061.81	0.955933
1061.81	0.950562
1061.81	0.94812
1061.81	0.95166
1061.81	0.954102
1061.81	0.951904
1061.81	0.953491
1061.81	0.951294
1061.81	0.953979
1061.81	0.950439
1061.81	0.951416
1061.81	0.95166
1061.81	0.950562
1061.81	0.949341
1061.81	0.946899
1061.81	0.947754
1061.81	0.949585
1061.81	0.949097
1061.81	0.947876
1061.81	0.950195
1061.81	0.954834
1061.81	0.951538
1061.81	0.953003
1061.81	0.955566
1061.81	0.952271
1061.81	0.953857
1061.81	0.956177
1061.81	0.956421
1061.81	0.958618
1061.81	0.953491
1061.81	0.954956
1061.81	0.951172
1061.81	0.952515
1061.81	0.952515
1061.81	0.95459
1061.81	0.950684
1061.81	0.952637
1061.81	0.949219
1061.81	0.951172
1061.81	0.957642
1061.81	0.956299
1061.81	0.954956
1061.81	0.952759
1061.81	0.955078
1061.81	0.956421
1061.81	0.954102
