1531.8	0.304321
1531.8	0.299072
1531.8	0.305786
1531.8	0.291748
1531.8	0.288452
1531.8	0.27832
1531.8	0.273926
1531.8	0.266602
1531.8	0.266846
1531.8	0.261841
1531.8	0.273193
1531.8	0.266846
1531.8	0.280762
1531.8	0.261963
1531.8	0.264526
1531.8	0.26416
1531.8	0.262085
1531.8	0.240234
1531.8	0.245728
1531.8	0.243164
1531.8	0.208862
1531.8	0.204956
1531.8	0.199097
1531.8	0.189087
1531.8	0.181152
1531.8	0.174561
1531.8	0.173096
1531.8	0.161011
1531.8	0.144043
1531.8	0.137573
1531.8	0.132446
1531.8	0.12915
1531.8	0.119019
1531.8	0.106812
1531.8	0.100464
1531.8	0.102661
1531.8	0.0993652
1531.8	0.09375
1531.8	0.0842285
1531.8	0.0809326
1531.8	0.0847168
1531.8	0.0726318
1531.8	0.0756836
1531.8	0.0644531
1531.8	0.0405273
1531.8	0.0354004
1531.8	0.0476074
1531.8	0.0466309
1531.8	0.0471191
1531.8	0.0579834
1531.8	0.0443115
1531.8	0.0438232
1531.8	0.0401611
1531.8	0.0289307
1531.8	0.0269775
1531.8	0.0172119
1531.8	0.00549316
1531.8	-0.000244141
1531.8	-0.00646973
1531.8	-0.0153809
1531.8	-0.0300293
1531.8	-0.0345459
1531.8	-0.0469971
1531.8	-0.0374756
1531.8	-0.0501709
1531.8	-0.0592041
1531.8	-0.0626221
1531.8	-0.0600586
1531.8	-0.0593262
1531.8	-0.0628662
1531.8	-0.0499268
1531.8	-0.0620117
1531.8	-0.0430908
1531.8	-0.0285645
1531.8	-0.0336914
1531.8	-0.0402832
1531.8	-0.0446777
1531.8	-0.0297852
1531.8	-0.010498
1531.8	-0.012085
1531.8	-0.027832
1531.8	-0.0372314
1531.8	-0.0286865
1531.8	-0.024292
1531.8	-0.0323486
1531.8	-0.03125
1531.8	-0.029541
1531.8	-0.0181885
1531.8	0.000610352
1531.8	-0.0020752
1531.8	-0.0114746
1531.8	0.00488281
1531.8	0.0253906
1531.8	0.0184326
1531.8	0.027832
1531.8	0.0236816
1531.8	0.019043
1531.8	0.0390625
1531.8	0.0366211
1531.8	0.0473633
1531.8	0.0484619
1531.8	0.0495605
1531.8	0.0552979
1531.8	0.0490723
1531.8	0.0598145
1531.8	0.0718994
1531.8	0.0769043
1531.8	0.0822754
1531.8	0.0722656
1531.8	0.0688477
1531.8	0.0568848
1531.8	0.0527344
1531.8	0.0473633
1531.8	0.0512695
1531.8	0.0554199
1531.8	0.0461426
1531.8	0.0373535
1531.8	0.0507812
1531.8	0.0479736
1531.8	0.0722656
1531.8	0.0797119
1531.8	0.072998
1531.8	0.0738525
1531.8	0.0744629
1531.8	0.0739746
1531.8	0.067749
1531.8	0.0679932
1531.8	0.067627
1531.8	0.067627
1531.8	0.0682373
1531.8	0.0592041
1531.8	0.0592041
1531.8	0.0605469
1531.8	0.0516357
1531.8	0.0421143
1531.8	0.0340576
1531.8	0.0385742
1531.8	0.0307617
1531.8	0.0374756
1531.8	0.0407715
1531.8	0.0378418
1531.8	0.0334473
1531.8	0.0279541
1531.8	0.0285645
1531.8	0.0318604
1531.8	0.0338135
1531.8	0.0393066
1531.8	0.043335
1531.8	0.0349121
1531.8	0.0394287
1531.8	0.0332031
1531.8	0.0332031
1531.8	0.0462646
1531.8	0.0513916
1531.8	0.0554199
1531.8	0.0482178
1531.8	0.027832
1531.8	0.020874
1531.8	0.0152588
1531.8	0.0209961
1531.8	0.0334473
1531.8	0.0527344
1531.8	0.0406494
1531.8	0.0330811
1531.8	0.0247803
1531.8	0.0281982
1531.8	0.0251465
1531.8	0.0108643
1531.8	0.0273438
1531.8	0.0213623
1531.8	0.0256348
1531.8	0.0219727
1531.8	0.0157471
1531.8	0.0218506
1531.8	-0.00622559
1531.8	-0.0164795
1531.8	-0.0141602
1531.8	-0.0179443
1531.8	-0.0395508
1531.8	-0.0500488
1531.8	-0.0638428
1531.8	-0.0668945
1531.8	-0.0770264
1531.8	-0.0845947
1531.8	-0.0643311
1531.8	-0.0596924
1531.8	-0.0582275
1531.8	-0.057251
1531.8	-0.0476074
1531.8	-0.0341797
1531.8	-0.0289307
1531.8	-0.0335693
1531.8	-0.0285645
1531.8	-0.0362549
1531.8	-0.0299072
1531.8	-0.0214844
1531.8	0.0057373
1531.8	-0.00915527
1531.8	-0.0111084
1531.8	0.00390625
