1166.25	0.334473
1166.25	0.367554
1166.25	0.410156
1166.25	0.454834
1166.25	0.489014
1166.25	0.502197
1166.25	0.506348
1166.25	0.518921
1166.25	0.524048
1166.25	0.528564
1166.25	0.550903
1166.25	0.564209
1166.25	0.575806
1166.25	0.592651
1166.25	0.604492
1166.25	0.613892
1166.25	0.625854
1166.25	0.643311
1166.25	0.654541
1166.25	0.664673
1166.25	0.663086
1166.25	0.665161
1166.25	0.683716
1166.25	0.688965
1166.25	0.702026
1166.25	0.702026
1166.25	0.699829
1166.25	0.700195
1166.25	0.700195
1166.25	0.705933
1166.25	0.705933
1166.25	0.712646
1166.25	0.724731
1166.25	0.72644
1166.25	0.732544
1166.25	0.732422
1166.25	0.722656
1166.25	0.730347
1166.25	0.743652
1166.25	0.741333
1166.25	0.739014
1166.25	0.744385
1166.25	0.747437
1166.25	0.754883
1166.25	0.754883
1166.25	0.752441
1166.25	0.759399
1166.25	0.763062
1166.25	0.763916
1166.25	0.759155
1166.25	0.761597
1166.25	0.763916
1166.25	0.757935
1166.25	0.758789
1166.25	0.764404
1166.25	0.767822
1166.25	0.77002
1166.25	0.770142
1166.25	0.769653
1166.25	0.776123
1166.25	0.771851
1166.25	0.767334
1166.25	0.768677
1166.25	0.775879
1166.25	0.77478
1166.25	0.775146
1166.25	0.776611
1166.25	0.772827
1166.25	0.772827
1166.25	0.77478
1166.25	0.778076
1166.25	0.779541
1166.25	0.780884
1166.25	0.781982
1166.25	0.793579
1166.25	0.789795
1166.25	0.794556
1166.25	0.794312
1166.25	0.795532
1166.25	0.799072
1166.25	0.802246
1166.25	0.789307
1166.25	0.794434
1166.25	0.801392
1166.25	0.803467
1166.25	0.811035
1166.25	0.81311
1166.25	0.80896
1166.25	0.814209
1166.25	0.81189
1166.25	0.809082
1166.25	0.810059
1166.25	0.808105
1166.25	0.806152
1166.25	0.809204
1166.25	0.811035
1166.25	0.812988
1166.25	0.816284
1166.25	0.817383
1166.25	0.813232
1166.25	0.814209
1166.25	0.817749
1166.25	0.815308
1166.25	0.821899
1166.25	0.820435
1166.25	0.828003
1166.25	0.824463
1166.25	0.826904
1166.25	0.82251
1166.25	0.836304
1166.25	0.841064
1166.25	0.836792
1166.25	0.835815
1166.25	0.832397
1166.25	0.82666
1166.25	0.830566
1166.25	0.838013
1166.25	0.843262
1166.25	0.840576
1166.25	0.839478
1166.25	0.836792
1166.25	0.836182
1166.25	0.841553
1166.25	0.838257
1166.25	0.840454
1166.25	0.835449
1166.25	0.829224
1166.25	0.829834
1166.25	0.828979
1166.25	0.827881
1166.25	0.8302
1166.25	0.828979
1166.25	0.824341
1166.25	0.823608
1166.25	0.825073
1166.25	0.825439
1166.25	0.82959
1166.25	0.830566
1166.25	0.837036
1166.25	0.835938
1166.25	0.841187
1166.25	0.837158
1166.25	0.837769
1166.25	0.838867
1166.25	0.842407
1166.25	0.837036
1166.25	0.838745
1166.25	0.837891
1166.25	0.838745
1166.25	0.840698
1166.25	0.839844
1166.25	0.845459
1166.25	0.852295
1166.25	0.847656
1166.25	0.843262
1166.25	0.84668
1166.25	0.857422
1166.25	0.851074
1166.25	0.84668
1166.25	0.848511
1166.25	0.85437
1166.25	0.853638
1166.25	0.853394
1166.25	0.859619
1166.25	0.863403
1166.25	0.868408
1166.25	0.869995
1166.25	0.865723
1166.25	0.867432
1166.25	0.865356
1166.25	0.867676
1166.25	0.869751
1166.25	0.873169
1166.25	0.869873
1166.25	0.866577
1166.25	0.86792
1166.25	0.872559
1166.25	0.871948
1166.25	0.872803
1166.25	0.871826
1166.25	0.86731
1166.25	0.87085
1166.25	0.871338
1166.25	0.870972
1166.25	0.873169
1166.25	0.881226
1166.25	0.880859
1166.25	0.88147
1166.25	0.877808
1166.25	0.87854
1166.25	0.877197
1166.25	0.87854
1166.25	0.876709
1166.25	0.878174
1166.25	0.878174
1166.25	0.883301
1166.25	0.892212
1166.25	0.888794
1166.25	0.885742
1166.25	0.889282
