1105.33	0.360718
1105.33	0.418701
1105.33	0.459717
1105.33	0.516602
1105.33	0.561523
1105.33	0.597656
1105.33	0.623901
1105.33	0.648804
1105.33	0.672974
1105.33	0.695435
1105.33	0.706543
1105.33	0.722412
1105.33	0.71875
1105.33	0.730591
1105.33	0.74353
1105.33	0.752319
1105.33	0.762451
1105.33	0.769409
1105.33	0.772461
1105.33	0.779419
1105.33	0.784058
1105.33	0.791138
1105.33	0.791382
1105.33	0.799683
1105.33	0.808472
1105.33	0.808472
1105.33	0.810059
1105.33	0.811523
1105.33	0.817749
1105.33	0.82251
1105.33	0.821045
1105.33	0.821533
1105.33	0.823853
1105.33	0.829834
1105.33	0.838989
1105.33	0.844971
1105.33	0.853394
1105.33	0.857544
1105.33	0.855591
1105.33	0.854736
1105.33	0.8573
1105.33	0.862915
1105.33	0.868896
1105.33	0.872192
1105.33	0.873535
1105.33	0.876221
1105.33	0.874634
1105.33	0.872559
1105.33	0.87085
1105.33	0.86853
1105.33	0.866821
1105.33	0.870605
1105.33	0.867554
1105.33	0.863892
1105.33	0.860352
1105.33	0.865112
1105.33	0.87854
1105.33	0.878418
1105.33	0.87793
1105.33	0.883179
1105.33	0.880005
1105.33	0.883545
1105.33	0.882812
1105.33	0.881226
1105.33	0.890503
1105.33	0.897217
1105.33	0.896118
1105.33	0.895142
1105.33	0.894653
1105.33	0.894653
1105.33	0.889648
1105.33	0.893311
1105.33	0.895386
1105.33	0.898804
1105.33	0.903442
1105.33	0.905151
1105.33	0.904175
1105.33	0.904785
1105.33	0.904541
1105.33	0.902344
1105.33	0.905273
1105.33	0.904297
1105.33	0.907715
1105.33	0.9021
1105.33	0.90564
1105.33	0.905151
1105.33	0.907349
1105.33	0.907715
1105.33	0.905029
1105.33	0.905762
1105.33	0.9021
1105.33	0.901855
1105.33	0.907104
1105.33	0.907104
1105.33	0.913574
1105.33	0.916626
1105.33	0.916016
1105.33	0.916138
1105.33	0.908569
1105.33	0.915039
1105.33	0.916138
1105.33	0.915161
1105.33	0.913452
1105.33	0.911255
1105.33	0.910278
1105.33	0.911255
1105.33	0.908936
1105.33	0.908325
1105.33	0.913086
1105.33	0.911133
1105.33	0.911621
1105.33	0.914673
1105.33	0.920044
1105.33	0.919189
1105.33	0.915527
1105.33	0.914185
1105.33	0.915527
1105.33	0.916504
1105.33	0.914673
1105.33	0.912109
1105.33	0.908936
1105.33	0.909668
1105.33	0.909912
1105.33	0.907593
1105.33	0.911621
1105.33	0.91333
1105.33	0.918213
1105.33	0.915649
1105.33	0.915771
1105.33	0.916992
1105.33	0.91626
1105.33	0.918823
1105.33	0.920166
1105.33	0.91687
1105.33	0.918945
1105.33	0.92041
1105.33	0.921875
1105.33	0.920532
1105.33	0.924072
1105.33	0.918335
1105.33	0.919556
1105.33	0.924805
1105.33	0.925415
1105.33	0.927979
1105.33	0.927246
1105.33	0.92688
1105.33	0.925293
1105.33	0.928589
1105.33	0.926025
1105.33	0.925537
1105.33	0.927124
1105.33	0.924438
1105.33	0.922241
1105.33	0.926758
1105.33	0.923462
1105.33	0.926514
1105.33	0.928833
1105.33	0.929199
1105.33	0.930054
1105.33	0.930176
1105.33	0.931396
1105.33	0.931274
1105.33	0.927856
1105.33	0.924927
1105.33	0.921143
1105.33	0.925049
1105.33	0.92334
1105.33	0.922607
1105.33	0.928711
1105.33	0.929565
1105.33	0.92688
1105.33	0.924683
1105.33	0.927124
1105.33	0.923828
1105.33	0.92749
1105.33	0.927124
1105.33	0.931885
1105.33	0.931274
1105.33	0.928589
1105.33	0.926392
1105.33	0.927612
1105.33	0.932495
1105.33	0.928833
1105.33	0.926758
1105.33	0.934204
1105.33	0.932251
1105.33	0.933228
1105.33	0.93396
1105.33	0.932739
1105.33	0.931396
1105.33	0.927124
1105.33	0.930298
1105.33	0.93103
1105.33	0.932861
1105.33	0.929443
1105.33	0.931396
1105.33	0.929077
1105.33	0.927246
1105.33	0.928345
1105.33	0.933838
