1575.31	0.273315
1575.31	0.272827
1575.31	0.256714
1575.31	0.251099
1575.31	0.235107
1575.31	0.228149
1575.31	0.213989
1575.31	0.209595
1575.31	0.199463
1575.31	0.180054
1575.31	0.168213
1575.31	0.182007
1575.31	0.170044
1575.31	0.149536
1575.31	0.154297
1575.31	0.139282
1575.31	0.133789
1575.31	0.130249
1575.31	0.127808
1575.31	0.129883
1575.31	0.122681
1575.31	0.09375
1575.31	0.0737305
1575.31	0.0753174
1575.31	0.069458
1575.31	0.0844727
1575.31	0.0834961
1575.31	0.103882
1575.31	0.0955811
1575.31	0.0838623
1575.31	0.0958252
1575.31	0.0985107
1575.31	0.0924072
1575.31	0.0966797
1575.31	0.0877686
1575.31	0.0959473
1575.31	0.0963135
1575.31	0.0932617
1575.31	0.09729
1575.31	0.0919189
1575.31	0.0848389
1575.31	0.0582275
1575.31	0.041626
1575.31	0.0511475
1575.31	0.0488281
1575.31	0.0593262
1575.31	0.0632324
1575.31	0.0614014
1575.31	0.0456543
1575.31	0.039917
1575.31	0.0203857
1575.31	0.0285645
1575.31	0.0375977
1575.31	0.0223389
1575.31	0.0142822
1575.31	0.0159912
1575.31	0.0155029
1575.31	0.0296631
1575.31	0.0308838
1575.31	0.0445557
1575.31	0.0535889
1575.31	0.0539551
1575.31	0.0517578
1575.31	0.059082
1575.31	0.059082
1575.31	0.0400391
1575.31	0.0253906
1575.31	0.0302734
1575.31	0.019043
1575.31	0.0252686
1575.31	0.00769043
1575.31	0.0119629
1575.31	-0.00585938
1575.31	-0.00793457
1575.31	0.00512695
1575.31	0.0136719
1575.31	0.00756836
1575.31	0.0100098
1575.31	0.0101318
1575.31	0.0201416
1575.31	0.0180664
1575.31	-0.00219727
1575.31	-0.0124512
1575.31	-0.0119629
1575.31	-0.00891113
1575.31	-0.00732422
1575.31	-0.00756836
1575.31	-0.0128174
1575.31	-0.0209961
1575.31	-0.0238037
1575.31	-0.0181885
1575.31	-0.0264893
1575.31	-0.0447998
1575.31	-0.027832
1575.31	-0.0373535
1575.31	-0.0307617
1575.31	-0.0222168
1575.31	-0.0140381
1575.31	-0.00830078
1575.31	0.000244141
1575.31	-0.00439453
1575.31	-0.00976562
1575.31	0.00195312
1575.31	-0.00158691
1575.31	-0.00927734
1575.31	-0.00183105
1575.31	0.0107422
1575.31	0.0153809
1575.31	0.0198975
1575.31	0.0179443
1575.31	0.0201416
1575.31	0.0195312
1575.31	0.0161133
1575.31	0.00939941
1575.31	0.0239258
1575.31	0.012085
1575.31	0.00146484
1575.31	-0.0130615
1575.31	-0.0179443
1575.31	-0.0134277
1575.31	-0.0145264
1575.31	-0.0257568
1575.31	-0.0183105
1575.31	-0.00561523
1575.31	-0.0136719
1575.31	-0.0299072
1575.31	-0.0255127
1575.31	-0.0310059
1575.31	-0.0294189
1575.31	-0.0258789
1575.31	-0.0212402
1575.31	-0.00585938
1575.31	-0.00854492
1575.31	-0.00891113
1575.31	-0.0168457
1575.31	-0.00976562
1575.31	0.00390625
1575.31	-0.00317383
1575.31	-0.0147705
1575.31	0.000976562
1575.31	0.00830078
1575.31	0.00793457
1575.31	0.0247803
1575.31	0.0118408
1575.31	0.00476074
1575.31	0.00341797
1575.31	0.00354004
1575.31	0.013916
1575.31	0.0123291
1575.31	0.0119629
1575.31	0.00134277
1575.31	0.0180664
1575.31	0.0141602
1575.31	0.0106201
1575.31	0.0203857
1575.31	0.0124512
1575.31	0.00854492
1575.31	-0.000610352
1575.31	0.000366211
1575.31	0.0098877
1575.31	0.00549316
1575.31	0.00952148
1575.31	0.0129395
1575.31	0.00305176
1575.31	0.00170898
1575.31	-0.00219727
1575.31	-0.00256348
1575.31	-0.0032959
1575.31	-0.00183105
1575.31	0.0111084
1575.31	0.0198975
1575.31	0.0430908
1575.31	0.0534668
1575.31	0.0540771
1575.31	0.052002
1575.31	0.0625
1575.31	0.052002
1575.31	0.0457764
1575.31	0.0507812
1575.31	0.0595703
1575.31	0.060791
1575.31	0.0557861
1575.31	0.0482178
1575.31	0.0512695
1575.31	0.0507812
1575.31	0.0528564
1575.31	0.0419922
1575.31	0.0266113
1575.31	0.0377197
1575.31	0.0352783
1575.31	0.0284424
1575.31	0.0350342
1575.31	0.0266113
1575.31	0.0195312
1575.31	0.0205078
1575.31	0.00390625
1575.31	0.00805664
1575.31	0.019043
1575.31	0.00732422
1575.31	0.0131836
