913.856	0.369629
913.856	0.441528
913.856	0.510864
913.856	0.562012
913.856	0.608276
913.856	0.643433
913.856	0.686279
913.856	0.710938
913.856	0.736816
913.856	0.75708
913.856	0.777466
913.856	0.790039
913.856	0.803223
913.856	0.814575
913.856	0.824219
913.856	0.83252
913.856	0.84314
913.856	0.849731
913.856	0.854858
913.856	0.861816
913.856	0.872437
913.856	0.882324
913.856	0.890991
913.856	0.896362
913.856	0.906982
913.856	0.903442
913.856	0.905762
913.856	0.909424
913.856	0.911133
913.856	0.916626
913.856	0.920166
913.856	0.921265
913.856	0.925293
913.856	0.926147
913.856	0.929932
913.856	0.931885
913.856	0.935303
913.856	0.939575
913.856	0.937256
913.856	0.934204
913.856	0.935547
913.856	0.939819
913.856	0.937256
913.856	0.941895
913.856	0.945068
913.856	0.94458
913.856	0.944214
913.856	0.946411
913.856	0.943237
913.856	0.945435
913.856	0.944824
913.856	0.943726
913.856	0.948975
913.856	0.94751
913.856	0.94751
913.856	0.949829
913.856	0.947266
913.856	0.949463
913.856	0.950195
913.856	0.952515
913.856	0.953247
913.856	0.957031
913.856	0.958984
913.856	0.955566
913.856	0.953125
913.856	0.955078
913.856	0.955933
913.856	0.955933
913.856	0.954468
913.856	0.958618
913.856	0.960815
913.856	0.959961
913.856	0.96167
913.856	0.963867
913.856	0.964722
913.856	0.963501
913.856	0.963989
913.856	0.963135
913.856	0.968018
913.856	0.968262
913.856	0.968994
913.856	0.967896
913.856	0.968018
913.856	0.970581
913.856	0.970459
913.856	0.96875
913.856	0.967651
913.856	0.973633
913.856	0.973145
913.856	0.974731
913.856	0.971802
913.856	0.972534
913.856	0.972046
913.856	0.973267
913.856	0.974731
913.856	0.976074
913.856	0.976318
913.856	0.978638
913.856	0.977417
913.856	0.983887
913.856	0.981689
913.856	0.980713
913.856	0.97998
913.856	0.980469
913.856	0.979858
913.856	0.977417
913.856	0.979126
913.856	0.981445
913.856	0.980469
913.856	0.97937
913.856	0.981323
913.856	0.982178
913.856	0.980103
913.856	0.97876
913.856	0.981812
913.856	0.983521
913.856	0.983643
913.856	0.983521
913.856	0.985352
913.856	0.982666
913.856	0.982788
913.856	0.97998
913.856	0.980713
913.856	0.980713
913.856	0.981567
913.856	0.982666
913.856	0.982666
913.856	0.982422
913.856	0.981812
913.856	0.984009
913.856	0.983521
913.856	0.985474
913.856	0.984253
913.856	0.984009
913.856	0.983276
913.856	0.97937
913.856	0.97998
913.856	0.978149
913.856	0.982788
913.856	0.981934
913.856	0.97937
913.856	0.980347
913.856	0.984009
913.856	0.983398
913.856	0.98291
913.856	0.984131
913.856	0.983765
913.856	0.981934
913.856	0.980469
913.856	0.982056
913.856	0.980347
913.856	0.979492
913.856	0.979492
913.856	0.982788
913.856	0.981567
913.856	0.982788
913.856	0.982666
913.856	0.985718
913.856	0.984741
913.856	0.983398
913.856	0.980835
913.856	0.980347
913.856	0.983154
913.856	0.983643
913.856	0.985718
913.856	0.985229
913.856	0.981323
913.856	0.979248
913.856	0.982422
913.856	0.9823
913.856	0.980957
913.856	0.982666
913.856	0.979614
913.856	0.982056
913.856	0.983521
913.856	0.981445
913.856	0.9823
913.856	0.981445
913.856	0.984619
913.856	0.982788
913.856	0.980835
913.856	0.980835
913.856	0.978027
913.856	0.979126
913.856	0.982422
913.856	0.982178
913.856	0.981567
913.856	0.984009
913.856	0.980835
913.856	0.980469
913.856	0.980225
913.856	0.979492
913.856	0.981323
913.856	0.978516
913.856	0.977783
913.856	0.980835
913.856	0.981689
913.856	0.979614
913.856	0.979492
913.856	0.978638
