1305.51	0.322876
1305.51	0.33252
1305.51	0.365479
1305.51	0.395386
1305.51	0.414917
1305.51	0.427612
1305.51	0.442993
1305.51	0.442383
1305.51	0.453125
1305.51	0.466553
1305.51	0.474976
1305.51	0.496582
1305.51	0.505127
1305.51	0.511475
1305.51	0.508301
1305.51	0.508057
1305.51	0.507935
1305.51	0.515259
1305.51	0.510986
1305.51	0.51123
1305.51	0.522217
1305.51	0.517578
1305.51	0.52063
1305.51	0.51416
1305.51	0.50769
1305.51	0.51123
1305.51	0.52124
1305.51	0.531616
1305.51	0.525513
1305.51	0.522705
1305.51	0.530518
1305.51	0.533813
1305.51	0.532227
1305.51	0.526367
1305.51	0.520996
1305.51	0.519775
1305.51	0.515015
1305.51	0.528076
1305.51	0.536987
1305.51	0.547852
1305.51	0.553345
1305.51	0.552856
1305.51	0.551514
1305.51	0.551636
1305.51	0.548584
1305.51	0.544434
1305.51	0.535034
1305.51	0.552979
1305.51	0.551636
1305.51	0.546631
1305.51	0.543213
1305.51	0.529419
1305.51	0.544434
1305.51	0.546997
1305.51	0.547607
1305.51	0.545776
1305.51	0.552612
1305.51	0.543579
1305.51	0.537231
1305.51	0.535522
1305.51	0.528076
1305.51	0.534058
1305.51	0.530273
1305.51	0.523438
1305.51	0.532959
1305.51	0.531616
1305.51	0.53418
1305.51	0.538696
1305.51	0.540405
1305.51	0.535034
1305.51	0.536743
1305.51	0.536987
1305.51	0.531128
1305.51	0.535889
1305.51	0.531616
1305.51	0.536255
1305.51	0.54895
1305.51	0.550781
1305.51	0.56311
1305.51	0.555176
1305.51	0.561768
1305.51	0.569702
1305.51	0.57251
1305.51	0.56958
1305.51	0.557129
1305.51	0.547485
1305.51	0.548218
1305.51	0.553467
1305.51	0.55481
1305.51	0.555298
1305.51	0.556763
1305.51	0.555664
1305.51	0.556152
1305.51	0.554688
1305.51	0.557373
1305.51	0.556274
1305.51	0.557373
1305.51	0.562622
1305.51	0.553711
1305.51	0.563354
1305.51	0.569214
1305.51	0.57312
1305.51	0.578247
1305.51	0.593018
1305.51	0.588989
1305.51	0.578369
1305.51	0.583008
1305.51	0.584717
1305.51	0.58374
1305.51	0.592896
1305.51	0.597778
1305.51	0.590332
1305.51	0.595947
1305.51	0.591553
1305.51	0.588867
1305.51	0.590942
1305.51	0.591919
1305.51	0.593872
1305.51	0.596191
1305.51	0.601318
1305.51	0.59729
1305.51	0.588379
1305.51	0.595337
1305.51	0.590698
1305.51	0.591431
1305.51	0.583374
1305.51	0.587891
1305.51	0.589722
1305.51	0.594238
1305.51	0.589111
1305.51	0.58374
1305.51	0.581787
1305.51	0.585693
1305.51	0.582886
1305.51	0.575317
1305.51	0.591919
1305.51	0.592407
1305.51	0.57959
1305.51	0.578613
1305.51	0.579712
1305.51	0.569824
1305.51	0.576172
1305.51	0.585449
1305.51	0.591064
1305.51	0.590088
1305.51	0.596436
1305.51	0.591187
1305.51	0.596191
1305.51	0.600464
1305.51	0.606201
1305.51	0.60437
1305.51	0.611816
1305.51	0.61084
1305.51	0.608887
1305.51	0.610596
1305.51	0.601929
1305.51	0.596436
1305.51	0.606812
1305.51	0.597412
1305.51	0.598267
1305.51	0.586792
1305.51	0.58667
1305.51	0.59668
1305.51	0.603149
1305.51	0.608032
1305.51	0.602173
1305.51	0.612183
1305.51	0.606567
1305.51	0.599365
1305.51	0.609741
1305.51	0.609375
1305.51	0.607056
1305.51	0.61084
1305.51	0.606934
1305.51	0.612915
1305.51	0.616821
1305.51	0.620605
1305.51	0.621338
1305.51	0.619995
1305.51	0.635132
1305.51	0.633423
1305.51	0.636108
1305.51	0.636597
1305.51	0.627319
1305.51	0.617188
1305.51	0.617188
1305.51	0.619507
1305.51	0.623657
1305.51	0.62439
1305.51	0.622314
1305.51	0.612915
1305.51	0.610962
1305.51	0.613281
1305.51	0.61792
1305.51	0.617798
1305.51	0.627441
1305.51	0.638062
1305.51	0.640991
1305.51	0.638306
1305.51	0.637329
