905.153	0.344971
905.153	0.430298
905.153	0.484741
905.153	0.532959
905.153	0.570312
905.153	0.603638
905.153	0.643311
905.153	0.67627
905.153	0.703857
905.153	0.722534
905.153	0.739746
905.153	0.754639
905.153	0.769531
905.153	0.785522
905.153	0.805176
905.153	0.818115
905.153	0.827026
905.153	0.841919
905.153	0.851929
905.153	0.858154
905.153	0.862793
905.153	0.870605
905.153	0.871948
905.153	0.883179
905.153	0.892334
905.153	0.900024
905.153	0.905884
905.153	0.907715
905.153	0.911743
905.153	0.912598
905.153	0.914429
905.153	0.917847
905.153	0.92041
905.153	0.920898
905.153	0.92395
905.153	0.928101
905.153	0.929077
905.153	0.935791
905.153	0.935181
905.153	0.938232
905.153	0.939819
905.153	0.942383
905.153	0.941528
905.153	0.942627
905.153	0.945435
905.153	0.942383
905.153	0.947632
905.153	0.948975
905.153	0.952271
905.153	0.955566
905.153	0.955688
905.153	0.959595
905.153	0.956665
905.153	0.957275
905.153	0.957764
905.153	0.95813
905.153	0.960083
905.153	0.960449
905.153	0.962402
905.153	0.963623
905.153	0.963501
905.153	0.96228
905.153	0.964844
905.153	0.965576
905.153	0.963501
905.153	0.964966
905.153	0.963257
905.153	0.962646
905.153	0.962646
905.153	0.961426
905.153	0.96106
905.153	0.962158
905.153	0.964966
905.153	0.963867
905.153	0.969238
905.153	0.967773
905.153	0.966919
905.153	0.969116
905.153	0.968628
905.153	0.969849
905.153	0.969727
905.153	0.971191
905.153	0.973877
905.153	0.97522
905.153	0.974121
905.153	0.973267
905.153	0.976929
905.153	0.976929
905.153	0.97644
905.153	0.977051
905.153	0.976929
905.153	0.977417
905.153	0.977539
905.153	0.976318
905.153	0.981567
905.153	0.979736
905.153	0.980835
905.153	0.980347
905.153	0.981689
905.153	0.983765
905.153	0.981323
905.153	0.980103
905.153	0.977295
905.153	0.976929
905.153	0.977051
905.153	0.977173
905.153	0.979004
905.153	0.978149
905.153	0.976074
905.153	0.977173
905.153	0.976318
905.153	0.980225
905.153	0.978271
905.153	0.978149
905.153	0.978516
905.153	0.980957
905.153	0.981445
905.153	0.980347
905.153	0.980103
905.153	0.980347
905.153	0.983521
905.153	0.984253
905.153	0.981934
905.153	0.981567
905.153	0.984619
905.153	0.986084
905.153	0.981201
905.153	0.982666
905.153	0.984863
905.153	0.985352
905.153	0.983032
905.153	0.981812
905.153	0.984741
905.153	0.985718
905.153	0.985352
905.153	0.984009
905.153	0.982422
905.153	0.984497
905.153	0.982178
905.153	0.983643
905.153	0.982788
905.153	0.983521
905.153	0.981567
905.153	0.980469
905.153	0.982178
905.153	0.980957
905.153	0.981567
905.153	0.983154
905.153	0.981445
905.153	0.978882
905.153	0.981567
905.153	0.980225
905.153	0.983887
905.153	0.979736
905.153	0.981201
905.153	0.981323
905.153	0.980347
905.153	0.981812
905.153	0.984131
905.153	0.9823
905.153	0.983398
905.153	0.984863
905.153	0.985474
905.153	0.983276
905.153	0.982178
905.153	0.98291
905.153	0.983154
905.153	0.984619
905.153	0.984863
905.153	0.981323
905.153	0.980835
905.153	0.984131
905.153	0.985962
905.153	0.984741
905.153	0.9823
905.153	0.982666
905.153	0.982788
905.153	0.982544
905.153	0.982666
905.153	0.983398
905.153	0.985229
905.153	0.98291
905.153	0.981689
905.153	0.982178
905.153	0.981812
905.153	0.981812
905.153	0.981689
905.153	0.981934
905.153	0.978271
905.153	0.97998
905.153	0.982666
905.153	0.982178
905.153	0.97998
905.153	0.983032
905.153	0.9823
905.153	0.980713
905.153	0.980835
905.153	0.981445
905.153	0.982788
905.153	0.980957
