992.187	0.359497
992.187	0.434692
992.187	0.488037
992.187	0.536499
992.187	0.576172
992.187	0.616821
992.187	0.647217
992.187	0.666748
992.187	0.687988
992.187	0.71521
992.187	0.724609
992.187	0.744629
992.187	0.757568
992.187	0.770386
992.187	0.783203
992.187	0.796997
992.187	0.801392
992.187	0.812866
992.187	0.820679
992.187	0.823486
992.187	0.830078
992.187	0.834717
992.187	0.850342
992.187	0.859497
992.187	0.86731
992.187	0.876221
992.187	0.880371
992.187	0.882324
992.187	0.885376
992.187	0.890259
992.187	0.892578
992.187	0.892456
992.187	0.890747
992.187	0.894409
992.187	0.901001
992.187	0.903076
992.187	0.903564
992.187	0.905029
992.187	0.910767
992.187	0.915771
992.187	0.919067
992.187	0.915894
992.187	0.920654
992.187	0.922729
992.187	0.923828
992.187	0.92688
992.187	0.929932
992.187	0.928101
992.187	0.929443
992.187	0.929688
992.187	0.932129
992.187	0.935547
992.187	0.936035
992.187	0.940186
992.187	0.942261
992.187	0.942017
992.187	0.944092
992.187	0.943237
992.187	0.944458
992.187	0.943359
992.187	0.944702
992.187	0.944702
992.187	0.948364
992.187	0.951538
992.187	0.948242
992.187	0.953979
992.187	0.9552
992.187	0.958252
992.187	0.96167
992.187	0.96106
992.187	0.966431
992.187	0.965454
992.187	0.963867
992.187	0.963135
992.187	0.960571
992.187	0.962524
992.187	0.959473
992.187	0.959473
992.187	0.956299
992.187	0.959839
992.187	0.957153
992.187	0.963501
992.187	0.962646
992.187	0.966064
992.187	0.964111
992.187	0.965698
992.187	0.962646
992.187	0.96106
992.187	0.960083
992.187	0.963623
992.187	0.964478
992.187	0.966064
992.187	0.966187
992.187	0.965088
992.187	0.963623
992.187	0.963989
992.187	0.968506
992.187	0.964722
992.187	0.964233
992.187	0.965576
992.187	0.966553
992.187	0.964233
992.187	0.961914
992.187	0.9646
992.187	0.962646
992.187	0.964478
992.187	0.969238
992.187	0.967041
992.187	0.967896
992.187	0.97229
992.187	0.970947
992.187	0.968506
992.187	0.967163
992.187	0.96936
992.187	0.967529
992.187	0.965454
992.187	0.962646
992.187	0.967041
992.187	0.968872
992.187	0.968628
992.187	0.967285
992.187	0.96875
992.187	0.971436
992.187	0.970581
992.187	0.97229
992.187	0.974487
992.187	0.973511
992.187	0.973999
992.187	0.972046
992.187	0.970215
992.187	0.967041
992.187	0.968262
992.187	0.969482
992.187	0.969727
992.187	0.968384
992.187	0.970581
992.187	0.972046
992.187	0.971802
992.187	0.969482
992.187	0.968384
992.187	0.971191
992.187	0.968506
992.187	0.963135
992.187	0.961914
992.187	0.966919
992.187	0.964722
992.187	0.964966
992.187	0.96814
992.187	0.966797
992.187	0.966187
992.187	0.963501
992.187	0.966431
992.187	0.964233
992.187	0.96521
992.187	0.966064
992.187	0.963745
992.187	0.967163
992.187	0.970703
992.187	0.966431
992.187	0.972778
992.187	0.968994
992.187	0.969238
992.187	0.96814
992.187	0.965332
992.187	0.966187
992.187	0.969604
992.187	0.972046
992.187	0.971313
992.187	0.967651
992.187	0.965576
992.187	0.966187
992.187	0.965088
992.187	0.967651
992.187	0.967041
992.187	0.967896
992.187	0.967163
992.187	0.964111
992.187	0.966675
992.187	0.964355
992.187	0.962402
992.187	0.9646
992.187	0.966797
992.187	0.969849
992.187	0.96814
992.187	0.968262
992.187	0.968994
992.187	0.968262
992.187	0.968384
992.187	0.966797
992.187	0.969238
992.187	0.970825
992.187	0.9729
992.187	0.970459
992.187	0.972046
992.187	0.967407
992.187	0.968018
992.187	0.966187
992.187	0.968384
992.187	0.968872
992.187	0.969727
