1549.2	0.271118
1549.2	0.286621
1549.2	0.298828
1549.2	0.290405
1549.2	0.289429
1549.2	0.304321
1549.2	0.303955
1549.2	0.297852
1549.2	0.295898
1549.2	0.300903
1549.2	0.2948
1549.2	0.296753
1549.2	0.295166
1549.2	0.296875
1549.2	0.293457
1549.2	0.282104
1549.2	0.273315
1549.2	0.277344
1549.2	0.271484
1549.2	0.263672
1549.2	0.259766
1549.2	0.248535
1549.2	0.22229
1549.2	0.210327
1549.2	0.201172
1549.2	0.196899
1549.2	0.171265
1549.2	0.163696
1549.2	0.158813
1549.2	0.139404
1549.2	0.142822
1549.2	0.14624
1549.2	0.145386
1549.2	0.139771
1549.2	0.118164
1549.2	0.119873
1549.2	0.114136
1549.2	0.115845
1549.2	0.106567
1549.2	0.103882
1549.2	0.105225
1549.2	0.090332
1549.2	0.0808105
1549.2	0.0794678
1549.2	0.0686035
1549.2	0.0666504
1549.2	0.0687256
1549.2	0.0720215
1549.2	0.072876
1549.2	0.0823975
1549.2	0.0762939
1549.2	0.0686035
1549.2	0.074585
1549.2	0.0543213
1549.2	0.0424805
1549.2	0.0330811
1549.2	0.0311279
1549.2	0.0311279
1549.2	0.0413818
1549.2	0.0579834
1549.2	0.0576172
1549.2	0.0664062
1549.2	0.0717773
1549.2	0.06604
1549.2	0.0620117
1549.2	0.0645752
1549.2	0.055542
1549.2	0.0510254
1549.2	0.0482178
1549.2	0.0484619
1549.2	0.0412598
1549.2	0.0299072
1549.2	0.024292
1549.2	0.0301514
1549.2	0.0501709
1549.2	0.0540771
1549.2	0.0522461
1549.2	0.0588379
1549.2	0.0561523
1549.2	0.0358887
1549.2	0.0335693
1549.2	0.0267334
1549.2	0.0355225
1549.2	0.0396729
1549.2	0.0240479
1549.2	0.0250244
1549.2	0.00891113
1549.2	0.00231934
1549.2	-0.000366211
1549.2	-0.00244141
1549.2	-0.00878906
1549.2	-0.0184326
1549.2	-0.00915527
1549.2	-0.0152588
1549.2	0.00488281
1549.2	0.00354004
1549.2	0.0183105
1549.2	0.00805664
1549.2	0.00463867
1549.2	0.000488281
1549.2	0.00878906
1549.2	0.0057373
1549.2	0.00231934
1549.2	0.0112305
1549.2	0.00634766
1549.2	0.0179443
1549.2	0.0146484
1549.2	0.0098877
1549.2	0.0131836
1549.2	0.0195312
1549.2	0.0212402
1549.2	0.0200195
1549.2	0.00744629
1549.2	0.00646973
1549.2	0.0101318
1549.2	0.0246582
1549.2	0.0223389
1549.2	0.0128174
1549.2	0.0214844
1549.2	0.017334
1549.2	0.0169678
1549.2	0.0166016
1549.2	0.010376
1549.2	0.0145264
1549.2	0.0140381
1549.2	0.0012207
1549.2	-0.0141602
1549.2	-0.00170898
1549.2	-0.00805664
1549.2	-0.0124512
1549.2	-0.0125732
1549.2	-0.0155029
1549.2	-0.0307617
1549.2	-0.0296631
1549.2	-0.0170898
1549.2	-0.0169678
1549.2	-0.0114746
1549.2	-0.0239258
1549.2	-0.0380859
1549.2	-0.0300293
1549.2	-0.0307617
1549.2	-0.0101318
1549.2	-0.019165
1549.2	-0.00744629
1549.2	-0.00402832
1549.2	-0.00488281
1549.2	-0.0163574
1549.2	-0.0113525
1549.2	-0.020874
1549.2	-0.0102539
1549.2	-0.00427246
1549.2	-0.0189209
1549.2	-0.0175781
1549.2	-0.0131836
1549.2	0.00158691
1549.2	0.0267334
1549.2	0.0302734
1549.2	0.0291748
1549.2	0.0238037
1549.2	0.0195312
1549.2	0.0174561
1549.2	0.0205078
1549.2	0.00463867
1549.2	-0.00195312
1549.2	-0.000976562
1549.2	-0.000854492
1549.2	-0.00354004
1549.2	-0.0117188
1549.2	-0.00683594
1549.2	-0.0102539
1549.2	-0.0294189
1549.2	-0.0311279
1549.2	-0.036377
1549.2	-0.0428467
1549.2	-0.0367432
1549.2	-0.0246582
1549.2	-0.032959
1549.2	-0.0432129
1549.2	-0.041748
1549.2	-0.0333252
1549.2	-0.0302734
1549.2	-0.017334
1549.2	-0.0247803
1549.2	-0.0247803
1549.2	-0.0343018
1549.2	-0.0478516
1549.2	-0.0369873
1549.2	-0.0550537
1549.2	-0.0487061
1549.2	-0.0230713
1549.2	-0.0166016
1549.2	-0.0057373
1549.2	-0.00476074
1549.2	-0.0155029
1549.2	-0.000732422
1549.2	-0.012207
1549.2	-0.0159912
1549.2	-0.00317383
1549.2	-0.00537109
1549.2	-0.0113525
