974.78	0.352905
974.78	0.422241
974.78	0.487427
974.78	0.54895
974.78	0.577759
974.78	0.610352
974.78	0.626465
974.78	0.643677
974.78	0.661499
974.78	0.673584
974.78	0.694092
974.78	0.704102
974.78	0.724365
974.78	0.740601
974.78	0.751831
974.78	0.765381
974.78	0.775513
974.78	0.790405
974.78	0.798584
974.78	0.803223
974.78	0.82312
974.78	0.824341
974.78	0.834717
974.78	0.841309
974.78	0.842896
974.78	0.847168
974.78	0.856079
974.78	0.856689
974.78	0.862061
974.78	0.864014
974.78	0.86792
974.78	0.870728
974.78	0.878418
974.78	0.88269
974.78	0.886597
974.78	0.891968
974.78	0.89856
974.78	0.904419
974.78	0.904785
974.78	0.9104
974.78	0.915527
974.78	0.917847
974.78	0.9198
974.78	0.922729
974.78	0.92749
974.78	0.930054
974.78	0.930542
974.78	0.931274
974.78	0.941284
974.78	0.939209
974.78	0.937988
974.78	0.940918
974.78	0.940918
974.78	0.941284
974.78	0.943237
974.78	0.949219
974.78	0.949463
974.78	0.951416
974.78	0.956421
974.78	0.9552
974.78	0.953369
974.78	0.95813
974.78	0.962524
974.78	0.957886
974.78	0.959717
974.78	0.960205
974.78	0.959961
974.78	0.963867
974.78	0.967896
974.78	0.964844
974.78	0.966064
974.78	0.962158
974.78	0.962646
974.78	0.960449
974.78	0.958374
974.78	0.96167
974.78	0.966675
974.78	0.966187
974.78	0.963135
974.78	0.964722
974.78	0.963745
974.78	0.966797
974.78	0.966797
974.78	0.9646
974.78	0.966064
974.78	0.968018
974.78	0.965576
974.78	0.964722
974.78	0.965332
974.78	0.962646
974.78	0.963989
974.78	0.965332
974.78	0.966431
974.78	0.965942
974.78	0.970093
974.78	0.964966
974.78	0.968018
974.78	0.967163
974.78	0.965454
974.78	0.966675
974.78	0.967529
974.78	0.969849
974.78	0.971558
974.78	0.969482
974.78	0.968628
974.78	0.97229
974.78	0.969849
974.78	0.972534
974.78	0.973145
974.78	0.974609
974.78	0.973389
974.78	0.972168
974.78	0.97229
974.78	0.969604
974.78	0.972656
974.78	0.972778
974.78	0.971558
974.78	0.975464
974.78	0.975342
974.78	0.975586
974.78	0.977783
974.78	0.972168
974.78	0.969849
974.78	0.967041
974.78	0.972412
974.78	0.971924
974.78	0.973267
974.78	0.973022
974.78	0.969604
974.78	0.96875
974.78	0.973389
974.78	0.971069
974.78	0.974731
974.78	0.972534
974.78	0.975708
974.78	0.973755
974.78	0.969604
974.78	0.970337
974.78	0.971558
974.78	0.974731
974.78	0.976196
974.78	0.975586
974.78	0.97522
974.78	0.973633
974.78	0.976685
974.78	0.976318
974.78	0.975586
974.78	0.977295
974.78	0.97583
974.78	0.97583
974.78	0.975952
974.78	0.972168
974.78	0.975098
974.78	0.972534
974.78	0.97522
974.78	0.977295
974.78	0.976074
974.78	0.974487
974.78	0.974731
974.78	0.974976
974.78	0.976074
974.78	0.973511
974.78	0.974243
974.78	0.972534
974.78	0.969482
974.78	0.976562
974.78	0.973389
974.78	0.96875
974.78	0.974609
974.78	0.968872
974.78	0.967407
974.78	0.971802
974.78	0.969482
974.78	0.969604
974.78	0.972534
974.78	0.975464
974.78	0.973389
974.78	0.968872
974.78	0.968994
974.78	0.971436
974.78	0.971802
974.78	0.971924
974.78	0.971802
974.78	0.97168
974.78	0.969238
974.78	0.971436
974.78	0.974976
974.78	0.974365
974.78	0.973145
974.78	0.96875
974.78	0.967041
974.78	0.972656
974.78	0.973755
974.78	0.974121
974.78	0.974121
974.78	0.973022
974.78	0.976562
974.78	0.974243
974.78	0.972778
974.78	0.971924
