1322.92	0.307007
1322.92	0.359131
1322.92	0.385254
1322.92	0.401733
1322.92	0.412231
1322.92	0.419922
1322.92	0.428955
1322.92	0.434082
1322.92	0.429688
1322.92	0.428833
1322.92	0.437134
1322.92	0.446411
1322.92	0.456909
1322.92	0.458618
1322.92	0.460205
1322.92	0.458008
1322.92	0.464966
1322.92	0.460083
1322.92	0.466309
1322.92	0.470215
1322.92	0.471924
1322.92	0.467163
1322.92	0.4729
1322.92	0.486816
1322.92	0.501465
1322.92	0.497803
1322.92	0.497437
1322.92	0.498413
1322.92	0.496094
1322.92	0.508057
1322.92	0.492432
1322.92	0.496094
1322.92	0.494385
1322.92	0.482788
1322.92	0.495972
1322.92	0.496826
1322.92	0.501953
1322.92	0.494385
1322.92	0.494507
1322.92	0.4823
1322.92	0.491699
1322.92	0.499268
1322.92	0.507568
1322.92	0.497925
1322.92	0.493774
1322.92	0.491211
1322.92	0.492188
1322.92	0.500854
1322.92	0.513062
1322.92	0.518433
1322.92	0.511963
1322.92	0.5
1322.92	0.509155
1322.92	0.509033
1322.92	0.517944
1322.92	0.524902
1322.92	0.526855
1322.92	0.528076
1322.92	0.528809
1322.92	0.531494
1322.92	0.536133
1322.92	0.537964
1322.92	0.536865
1322.92	0.530396
1322.92	0.523926
1322.92	0.530273
1322.92	0.544189
1322.92	0.5354
1322.92	0.532104
1322.92	0.522583
1322.92	0.520996
1322.92	0.525391
1322.92	0.523682
1322.92	0.520142
1322.92	0.517944
1322.92	0.518921
1322.92	0.505493
1322.92	0.518799
1322.92	0.522461
1322.92	0.525757
1322.92	0.525513
1322.92	0.537231
1322.92	0.538818
1322.92	0.54834
1322.92	0.545166
1322.92	0.548218
1322.92	0.563599
1322.92	0.562256
1322.92	0.558105
1322.92	0.557495
1322.92	0.554932
1322.92	0.543701
1322.92	0.540527
1322.92	0.544678
1322.92	0.539307
1322.92	0.538208
1322.92	0.530762
1322.92	0.525024
1322.92	0.520142
1322.92	0.525879
1322.92	0.520996
1322.92	0.523193
1322.92	0.525635
1322.92	0.519165
1322.92	0.515503
1322.92	0.515137
1322.92	0.515015
1322.92	0.505615
1322.92	0.509155
1322.92	0.516113
1322.92	0.520996
1322.92	0.518799
1322.92	0.520752
1322.92	0.519165
1322.92	0.525635
1322.92	0.532471
1322.92	0.52771
1322.92	0.528564
1322.92	0.528442
1322.92	0.532104
1322.92	0.533081
1322.92	0.540161
1322.92	0.552979
1322.92	0.561279
1322.92	0.553467
1322.92	0.552246
1322.92	0.567139
1322.92	0.562744
1322.92	0.554077
1322.92	0.541504
1322.92	0.54895
1322.92	0.556519
1322.92	0.552612
1322.92	0.55835
1322.92	0.559204
1322.92	0.566772
1322.92	0.569946
1322.92	0.564941
1322.92	0.564575
1322.92	0.570312
1322.92	0.568848
1322.92	0.575806
1322.92	0.577759
1322.92	0.57373
1322.92	0.572632
1322.92	0.567261
1322.92	0.56958
1322.92	0.577637
1322.92	0.568604
1322.92	0.561035
1322.92	0.560303
1322.92	0.563599
1322.92	0.548828
1322.92	0.544678
1322.92	0.55481
1322.92	0.554077
1322.92	0.547119
1322.92	0.541748
1322.92	0.551636
1322.92	0.545288
1322.92	0.534668
1322.92	0.535767
1322.92	0.533081
1322.92	0.523438
1322.92	0.516602
1322.92	0.51709
1322.92	0.524048
1322.92	0.527588
1322.92	0.537964
1322.92	0.544678
1322.92	0.544189
1322.92	0.538696
1322.92	0.532471
1322.92	0.534424
1322.92	0.528564
1322.92	0.529053
1322.92	0.539307
1322.92	0.538696
1322.92	0.537598
1322.92	0.538696
1322.92	0.536133
1322.92	0.546265
1322.92	0.554932
1322.92	0.560547
1322.92	0.557861
1322.92	0.553711
1322.92	0.550049
1322.92	0.547729
1322.92	0.545166
1322.92	0.550537
1322.92	0.555298
1322.92	0.564087
1322.92	0.563721
1322.92	0.563965
1322.92	0.571045
1322.92	0.56189
1322.92	0.567871
1322.92	0.563599
1322.92	0.565308
1322.92	0.568237
