1636.24	0.276367
1636.24	0.262329
1636.24	0.257324
1636.24	0.279419
1636.24	0.276367
1636.24	0.264282
1636.24	0.266113
1636.24	0.251709
1636.24	0.23645
1636.24	0.221558
1636.24	0.22168
1636.24	0.210815
1636.24	0.185303
1636.24	0.186279
1636.24	0.161255
1636.24	0.144653
1636.24	0.159546
1636.24	0.142944
1636.24	0.13562
1636.24	0.143677
1636.24	0.13208
1636.24	0.138184
1636.24	0.121948
1636.24	0.109375
1636.24	0.110352
1636.24	0.111328
1636.24	0.0975342
1636.24	0.102051
1636.24	0.0987549
1636.24	0.0847168
1636.24	0.085083
1636.24	0.0787354
1636.24	0.0845947
1636.24	0.0893555
1636.24	0.0883789
1636.24	0.105103
1636.24	0.100342
1636.24	0.112793
1636.24	0.0953369
1636.24	0.0831299
1636.24	0.0905762
1636.24	0.0773926
1636.24	0.0814209
1636.24	0.0865479
1636.24	0.071167
1636.24	0.0720215
1636.24	0.0609131
1636.24	0.0593262
1636.24	0.0601807
1636.24	0.0535889
1636.24	0.0473633
1636.24	0.041626
1636.24	0.0440674
1636.24	0.0373535
1636.24	0.0439453
1636.24	0.0396729
1636.24	0.0270996
1636.24	0.0328369
1636.24	0.0393066
1636.24	0.0518799
1636.24	0.0489502
1636.24	0.0574951
1636.24	0.0476074
1636.24	0.0373535
1636.24	0.0480957
1636.24	0.0550537
1636.24	0.0367432
1636.24	0.0264893
1636.24	0.0146484
1636.24	-0.00561523
1636.24	0.00195312
1636.24	-0.00598145
1636.24	-0.0098877
1636.24	-0.00793457
1636.24	0.00878906
1636.24	0.00952148
1636.24	0.00378418
1636.24	-0.0124512
1636.24	0.00268555
1636.24	-0.0032959
1636.24	-0.00292969
1636.24	-0.0065918
1636.24	-0.0102539
1636.24	-0.00866699
1636.24	-0.0217285
1636.24	-0.015625
1636.24	-0.0135498
1636.24	-0.0107422
1636.24	-0.012085
1636.24	-0.00561523
1636.24	-0.0170898
1636.24	-0.0157471
1636.24	-0.00891113
1636.24	-0.0197754
1636.24	-0.00390625
1636.24	-0.00134277
1636.24	0.0140381
1636.24	0.00476074
1636.24	0.00683594
1636.24	0.0180664
1636.24	-0.00439453
1636.24	0.00646973
1636.24	-0.00244141
1636.24	-0.00512695
1636.24	-0.0045166
1636.24	0.00744629
1636.24	0.00427246
1636.24	0.0157471
1636.24	0.0115967
1636.24	0.0170898
1636.24	0.0178223
1636.24	0.0234375
1636.24	0.0177002
1636.24	0.0175781
1636.24	0.0142822
1636.24	0.0145264
1636.24	0.0209961
1636.24	0.0290527
1636.24	0.0334473
1636.24	0.017334
1636.24	0.0203857
1636.24	0.0257568
1636.24	0.026001
1636.24	0.0180664
1636.24	0.0125732
1636.24	0.0162354
1636.24	0.0134277
1636.24	0.0198975
1636.24	0.0218506
1636.24	0.0213623
1636.24	0.0240479
1636.24	0.0131836
1636.24	0.0124512
1636.24	0
1636.24	0.0032959
1636.24	-0.00378418
1636.24	-0.000976562
1636.24	-0.0057373
1636.24	0.00219727
1636.24	0.0108643
1636.24	0.00842285
1636.24	0.00427246
1636.24	-0.00268555
1636.24	-0.010376
1636.24	-0.0235596
1636.24	-0.0264893
1636.24	-0.0126953
1636.24	0.00231934
1636.24	0.00012207
1636.24	0.0098877
1636.24	-0.00683594
1636.24	-0.0126953
1636.24	-0.00512695
1636.24	-0.00720215
1636.24	-0.0106201
1636.24	-0.0098877
1636.24	0.00891113
1636.24	0.0130615
1636.24	0.0317383
1636.24	0.0325928
1636.24	0.029541
1636.24	0.0238037
1636.24	0.0202637
1636.24	0.0163574
1636.24	0.00964355
1636.24	-0.000488281
1636.24	-0.0020752
1636.24	-0.0148926
1636.24	-0.0299072
1636.24	-0.0290527
1636.24	-0.0192871
1636.24	-0.020752
1636.24	-0.0223389
1636.24	-0.0216064
1636.24	-0.0314941
1636.24	-0.0357666
1636.24	-0.0223389
1636.24	-0.0153809
1636.24	-0.0152588
1636.24	-0.010498
1636.24	-0.00622559
1636.24	-0.00231934
1636.24	0.000488281
1636.24	0.00378418
1636.24	-0.00854492
1636.24	0.00134277
1636.24	0.00622559
1636.24	0.0247803
1636.24	0.0330811
1636.24	0.0274658
1636.24	0.034668
1636.24	0.0338135
1636.24	0.0340576
1636.24	0.02771
1636.24	0.00756836
1636.24	0.00146484
1636.24	0
1636.24	0.00805664
1636.24	0.0257568
1636.24	0.0045166
