1035.7	0.329468
1035.7	0.4021
1035.7	0.448242
1035.7	0.488159
1035.7	0.530151
1035.7	0.549438
1035.7	0.577148
1035.7	0.594482
1035.7	0.614868
1035.7	0.633057
1035.7	0.642578
1035.7	0.661743
1035.7	0.672119
1035.7	0.696411
1035.7	0.718628
1035.7	0.723511
1035.7	0.736572
1035.7	0.751709
1035.7	0.764771
1035.7	0.772705
1035.7	0.779297
1035.7	0.785889
1035.7	0.78772
1035.7	0.799194
1035.7	0.813354
1035.7	0.823608
1035.7	0.827148
1035.7	0.830078
1035.7	0.835938
1035.7	0.838013
1035.7	0.845947
1035.7	0.8479
1035.7	0.851807
1035.7	0.862549
1035.7	0.865967
1035.7	0.871582
1035.7	0.87207
1035.7	0.87439
1035.7	0.879028
1035.7	0.887573
1035.7	0.887085
1035.7	0.887939
1035.7	0.89502
1035.7	0.892944
1035.7	0.891724
1035.7	0.89563
1035.7	0.901489
1035.7	0.904663
1035.7	0.902954
1035.7	0.909912
1035.7	0.906372
1035.7	0.911133
1035.7	0.914917
1035.7	0.919556
1035.7	0.919067
1035.7	0.919434
1035.7	0.923584
1035.7	0.920044
1035.7	0.922607
1035.7	0.924927
1035.7	0.922241
1035.7	0.918213
1035.7	0.923218
1035.7	0.921997
1035.7	0.92688
1035.7	0.924194
1035.7	0.92334
1035.7	0.923584
1035.7	0.931641
1035.7	0.927368
1035.7	0.928345
1035.7	0.932007
1035.7	0.930908
1035.7	0.932983
1035.7	0.930786
1035.7	0.926392
1035.7	0.926147
1035.7	0.925781
1035.7	0.92749
1035.7	0.931519
1035.7	0.933105
1035.7	0.928223
1035.7	0.929443
1035.7	0.928589
1035.7	0.93335
1035.7	0.936035
1035.7	0.933716
1035.7	0.931885
1035.7	0.938477
1035.7	0.939819
1035.7	0.944336
1035.7	0.94165
1035.7	0.941162
1035.7	0.941895
1035.7	0.938721
1035.7	0.943848
1035.7	0.942749
1035.7	0.942383
1035.7	0.945923
1035.7	0.945557
1035.7	0.943237
1035.7	0.945557
1035.7	0.942749
1035.7	0.941528
1035.7	0.941284
1035.7	0.941406
1035.7	0.940918
1035.7	0.939697
1035.7	0.93689
1035.7	0.943481
1035.7	0.949463
1035.7	0.948975
1035.7	0.953247
1035.7	0.953735
1035.7	0.953491
1035.7	0.954956
1035.7	0.957275
1035.7	0.957886
1035.7	0.957153
1035.7	0.958008
1035.7	0.957275
1035.7	0.953003
1035.7	0.953491
1035.7	0.956177
1035.7	0.95874
1035.7	0.960205
1035.7	0.957397
1035.7	0.957397
1035.7	0.957275
1035.7	0.96228
1035.7	0.957031
1035.7	0.9552
1035.7	0.956787
1035.7	0.957886
1035.7	0.958618
1035.7	0.958984
1035.7	0.962402
1035.7	0.963135
1035.7	0.964844
1035.7	0.962769
1035.7	0.96167
1035.7	0.957764
1035.7	0.957764
1035.7	0.959106
1035.7	0.961548
1035.7	0.961914
1035.7	0.964966
1035.7	0.961426
1035.7	0.960938
1035.7	0.959839
1035.7	0.961426
1035.7	0.958252
1035.7	0.956543
1035.7	0.955566
1035.7	0.957275
1035.7	0.956299
1035.7	0.954956
1035.7	0.954834
1035.7	0.949585
1035.7	0.952515
1035.7	0.954712
1035.7	0.954712
1035.7	0.951904
1035.7	0.952271
1035.7	0.954224
1035.7	0.957642
1035.7	0.958496
1035.7	0.956421
1035.7	0.959961
1035.7	0.960938
1035.7	0.961304
1035.7	0.963989
1035.7	0.963013
1035.7	0.960938
1035.7	0.959961
1035.7	0.961914
1035.7	0.960938
1035.7	0.958496
1035.7	0.959595
1035.7	0.961304
1035.7	0.959351
1035.7	0.959717
1035.7	0.958252
1035.7	0.957886
1035.7	0.957031
1035.7	0.954956
1035.7	0.956421
1035.7	0.960327
1035.7	0.958618
1035.7	0.960571
1035.7	0.960327
1035.7	0.959717
1035.7	0.958984
1035.7	0.96167
1035.7	0.958252
1035.7	0.963867
1035.7	0.963257
1035.7	0.960938
1035.7	0.962891
1035.7	0.962402
