1436.06	0.315552
1436.06	0.321289
1436.06	0.316895
1436.06	0.325195
1436.06	0.319336
1436.06	0.322388
1436.06	0.313843
1436.06	0.319458
1436.06	0.335693
1436.06	0.341309
1436.06	0.354126
1436.06	0.353149
1436.06	0.360352
1436.06	0.36084
1436.06	0.35083
1436.06	0.342285
1436.06	0.349854
1436.06	0.354126
1436.06	0.361084
1436.06	0.347046
1436.06	0.347168
1436.06	0.342041
1436.06	0.342651
1436.06	0.330933
1436.06	0.340576
1436.06	0.35144
1436.06	0.359985
1436.06	0.364746
1436.06	0.359253
1436.06	0.372681
1436.06	0.378906
1436.06	0.356934
1436.06	0.354614
1436.06	0.355713
1436.06	0.360229
1436.06	0.353516
1436.06	0.340576
1436.06	0.339722
1436.06	0.327759
1436.06	0.323242
1436.06	0.329834
1436.06	0.314331
1436.06	0.301025
1436.06	0.2948
1436.06	0.290039
1436.06	0.289429
1436.06	0.27771
1436.06	0.282227
1436.06	0.278076
1436.06	0.286377
1436.06	0.300171
1436.06	0.275269
1436.06	0.286377
1436.06	0.268677
1436.06	0.256958
1436.06	0.252808
1436.06	0.247192
1436.06	0.239868
1436.06	0.254272
1436.06	0.237061
1436.06	0.245972
1436.06	0.24353
1436.06	0.245972
1436.06	0.239258
1436.06	0.228882
1436.06	0.243042
1436.06	0.259277
1436.06	0.245972
1436.06	0.236938
1436.06	0.243774
1436.06	0.233887
1436.06	0.239136
1436.06	0.232178
1436.06	0.235352
1436.06	0.228027
1436.06	0.21936
1436.06	0.204712
1436.06	0.222534
1436.06	0.212891
1436.06	0.229492
1436.06	0.226074
1436.06	0.220581
1436.06	0.223877
1436.06	0.218018
1436.06	0.223389
1436.06	0.2146
1436.06	0.211426
1436.06	0.207031
1436.06	0.208008
1436.06	0.216187
1436.06	0.218018
1436.06	0.21814
1436.06	0.229492
1436.06	0.23645
1436.06	0.21936
1436.06	0.211304
1436.06	0.210083
1436.06	0.216919
1436.06	0.223755
1436.06	0.215088
1436.06	0.200928
1436.06	0.206421
1436.06	0.21228
1436.06	0.198486
1436.06	0.205078
1436.06	0.194824
1436.06	0.182861
1436.06	0.189941
1436.06	0.167725
1436.06	0.178467
1436.06	0.174438
1436.06	0.1604
1436.06	0.172974
1436.06	0.17688
1436.06	0.184937
1436.06	0.184326
1436.06	0.184448
1436.06	0.187378
1436.06	0.167969
1436.06	0.168213
1436.06	0.170044
1436.06	0.163086
1436.06	0.148071
1436.06	0.145996
1436.06	0.157104
1436.06	0.167358
1436.06	0.162598
1436.06	0.164185
1436.06	0.155273
1436.06	0.150635
1436.06	0.151367
1436.06	0.14624
1436.06	0.145752
1436.06	0.148682
1436.06	0.141602
1436.06	0.142456
1436.06	0.144653
1436.06	0.147217
1436.06	0.144409
1436.06	0.13208
1436.06	0.118652
1436.06	0.118408
1436.06	0.109985
1436.06	0.103027
1436.06	0.0969238
1436.06	0.0880127
1436.06	0.0898438
1436.06	0.0876465
1436.06	0.0938721
1436.06	0.079834
1436.06	0.0825195
1436.06	0.0906982
1436.06	0.0930176
1436.06	0.0893555
1436.06	0.0998535
1436.06	0.0974121
1436.06	0.0848389
1436.06	0.0909424
1436.06	0.0878906
1436.06	0.0904541
1436.06	0.0830078
1436.06	0.0892334
1436.06	0.0770264
1436.06	0.0743408
1436.06	0.0792236
1436.06	0.0864258
1436.06	0.079834
1436.06	0.0822754
1436.06	0.0775146
1436.06	0.0853271
1436.06	0.0845947
1436.06	0.09375
1436.06	0.0960693
1436.06	0.0960693
1436.06	0.101318
1436.06	0.108276
1436.06	0.108765
1436.06	0.104004
1436.06	0.102417
1436.06	0.116577
1436.06	0.134033
1436.06	0.133179
1436.06	0.150024
1436.06	0.15332
1436.06	0.159668
1436.06	0.158325
1436.06	0.157959
1436.06	0.151245
1436.06	0.153076
1436.06	0.159302
1436.06	0.134399
1436.06	0.139771
1436.06	0.132568
1436.06	0.132446
1436.06	0.120972
1436.06	0.121704
1436.06	0.124146
1436.06	0.112183
1436.06	0.117065
1436.06	0.123535
