1157.55	0.316284
1157.55	0.360596
1157.55	0.394775
1157.55	0.424438
1157.55	0.443481
1157.55	0.456543
1157.55	0.472534
1157.55	0.479004
1157.55	0.499634
1157.55	0.509644
1157.55	0.521362
1157.55	0.535522
1157.55	0.559814
1157.55	0.565552
1157.55	0.570312
1157.55	0.57019
1157.55	0.585815
1157.55	0.598022
1157.55	0.603149
1157.55	0.619507
1157.55	0.628052
1157.55	0.626465
1157.55	0.625977
1157.55	0.633667
1157.55	0.640137
1157.55	0.647339
1157.55	0.650024
1157.55	0.65979
1157.55	0.659302
1157.55	0.664062
1157.55	0.66748
1157.55	0.674316
1157.55	0.672974
1157.55	0.68457
1157.55	0.685913
1157.55	0.695557
1157.55	0.699829
1157.55	0.709717
1157.55	0.717773
1157.55	0.721069
1157.55	0.72998
1157.55	0.736938
1157.55	0.738403
1157.55	0.746826
1157.55	0.751465
1157.55	0.758301
1157.55	0.764038
1157.55	0.774902
1157.55	0.77832
1157.55	0.776855
1157.55	0.784302
1157.55	0.786011
1157.55	0.79541
1157.55	0.803345
1157.55	0.805054
1157.55	0.802734
1157.55	0.803711
1157.55	0.807251
1157.55	0.812012
1157.55	0.8125
1157.55	0.808472
1157.55	0.814087
1157.55	0.812012
1157.55	0.815674
1157.55	0.814575
1157.55	0.81543
1157.55	0.826538
1157.55	0.823608
1157.55	0.820923
1157.55	0.821289
1157.55	0.824707
1157.55	0.834595
1157.55	0.833618
1157.55	0.839111
1157.55	0.83728
1157.55	0.842163
1157.55	0.841553
1157.55	0.842407
1157.55	0.841187
1157.55	0.840942
1157.55	0.843018
1157.55	0.843506
1157.55	0.851807
1157.55	0.848877
1157.55	0.848145
1157.55	0.849243
1157.55	0.848267
1157.55	0.858032
1157.55	0.857666
1157.55	0.862305
1157.55	0.862305
1157.55	0.868408
1157.55	0.880005
1157.55	0.87854
1157.55	0.875854
1157.55	0.873291
1157.55	0.871582
1157.55	0.873413
1157.55	0.870239
1157.55	0.867432
1157.55	0.871826
1157.55	0.880493
1157.55	0.885742
1157.55	0.88208
1157.55	0.878784
1157.55	0.886841
1157.55	0.890015
1157.55	0.893311
1157.55	0.891357
1157.55	0.893677
1157.55	0.891846
1157.55	0.887695
1157.55	0.883545
1157.55	0.886963
1157.55	0.893433
1157.55	0.892944
1157.55	0.890503
1157.55	0.890747
1157.55	0.892212
1157.55	0.895142
1157.55	0.893555
1157.55	0.889771
1157.55	0.890503
1157.55	0.887451
1157.55	0.894409
1157.55	0.896973
1157.55	0.89209
1157.55	0.896118
1157.55	0.892944
1157.55	0.892944
1157.55	0.891602
1157.55	0.889404
1157.55	0.89563
1157.55	0.903198
1157.55	0.901978
1157.55	0.9021
1157.55	0.909546
1157.55	0.90918
1157.55	0.9021
1157.55	0.903076
1157.55	0.900879
1157.55	0.894897
1157.55	0.896606
1157.55	0.898438
1157.55	0.903687
1157.55	0.909058
1157.55	0.909668
1157.55	0.912598
1157.55	0.906372
1157.55	0.906494
1157.55	0.900513
1157.55	0.906616
1157.55	0.912476
1157.55	0.917358
1157.55	0.910522
1157.55	0.907104
1157.55	0.911133
1157.55	0.911621
1157.55	0.917969
1157.55	0.917358
1157.55	0.920288
1157.55	0.914551
1157.55	0.920654
1157.55	0.915039
1157.55	0.909668
1157.55	0.903931
1157.55	0.906982
1157.55	0.905884
1157.55	0.904541
1157.55	0.918579
1157.55	0.921631
1157.55	0.924683
1157.55	0.928101
1157.55	0.928589
1157.55	0.922485
1157.55	0.916626
1157.55	0.911865
1157.55	0.910645
1157.55	0.915405
1157.55	0.91748
1157.55	0.912109
1157.55	0.916748
1157.55	0.917969
1157.55	0.91687
1157.55	0.916504
1157.55	0.917358
1157.55	0.911621
1157.55	0.911621
1157.55	0.913452
1157.55	0.911865
1157.55	0.90918
1157.55	0.910156
1157.55	0.908447
1157.55	0.90979
1157.55	0.910645
1157.55	0.910034
1157.55	0.910156
1157.55	0.911499
1157.55	0.904541
1157.55	0.901001
