1375.14	0.317993
1375.14	0.341675
1375.14	0.340576
1375.14	0.357788
1375.14	0.368896
1375.14	0.37915
1375.14	0.388062
1375.14	0.39209
1375.14	0.400879
1375.14	0.39856
1375.14	0.395264
1375.14	0.387573
1375.14	0.391235
1375.14	0.390259
1375.14	0.382812
1375.14	0.389893
1375.14	0.379272
1375.14	0.390137
1375.14	0.397339
1375.14	0.4021
1375.14	0.392578
1375.14	0.381226
1375.14	0.375244
1375.14	0.376587
1375.14	0.368164
1375.14	0.37561
1375.14	0.368042
1375.14	0.369385
1375.14	0.375488
1375.14	0.384766
1375.14	0.376099
1375.14	0.376709
1375.14	0.380249
1375.14	0.381958
1375.14	0.376099
1375.14	0.37439
1375.14	0.366943
1375.14	0.364746
1375.14	0.37085
1375.14	0.365601
1375.14	0.362183
1375.14	0.37085
1375.14	0.376465
1375.14	0.391235
1375.14	0.390625
1375.14	0.38855
1375.14	0.388794
1375.14	0.399048
1375.14	0.417114
1375.14	0.417236
1375.14	0.41333
1375.14	0.418091
1375.14	0.4198
1375.14	0.423828
1375.14	0.426758
1375.14	0.420898
1375.14	0.422119
1375.14	0.425903
1375.14	0.424438
1375.14	0.417725
1375.14	0.412598
1375.14	0.419067
1375.14	0.4198
1375.14	0.420898
1375.14	0.417725
1375.14	0.429565
1375.14	0.439941
1375.14	0.440308
1375.14	0.449585
1375.14	0.444214
1375.14	0.444092
1375.14	0.438721
1375.14	0.434814
1375.14	0.432007
1375.14	0.42981
1375.14	0.422119
1375.14	0.422729
1375.14	0.432007
1375.14	0.409302
1375.14	0.412842
1375.14	0.403809
1375.14	0.409912
1375.14	0.404419
1375.14	0.405762
1375.14	0.406494
1375.14	0.398438
1375.14	0.395996
1375.14	0.389282
1375.14	0.369751
1375.14	0.372192
1375.14	0.366333
1375.14	0.359619
1375.14	0.366699
1375.14	0.36377
1375.14	0.375977
1375.14	0.381714
1375.14	0.377808
1375.14	0.380859
1375.14	0.387085
1375.14	0.381226
1375.14	0.380371
1375.14	0.373291
1375.14	0.373169
1375.14	0.367798
1375.14	0.36377
1375.14	0.352295
1375.14	0.348511
1375.14	0.341064
1375.14	0.339844
1375.14	0.32605
1375.14	0.340698
1375.14	0.322876
1375.14	0.32312
1375.14	0.328613
1375.14	0.330566
1375.14	0.332397
1375.14	0.331543
1375.14	0.331787
1375.14	0.330566
1375.14	0.333984
1375.14	0.319214
1375.14	0.315063
1375.14	0.324585
1375.14	0.336426
1375.14	0.332764
1375.14	0.3302
1375.14	0.345947
1375.14	0.352173
1375.14	0.355103
1375.14	0.357788
1375.14	0.345581
1375.14	0.343384
1375.14	0.338379
1375.14	0.339722
1375.14	0.338623
1375.14	0.346802
1375.14	0.358032
1375.14	0.362427
1375.14	0.37085
1375.14	0.362305
1375.14	0.36084
1375.14	0.351807
1375.14	0.34375
1375.14	0.337646
1375.14	0.328857
1375.14	0.3396
1375.14	0.337036
1375.14	0.340088
1375.14	0.338501
1375.14	0.341187
1375.14	0.339844
1375.14	0.337158
1375.14	0.33252
1375.14	0.330078
1375.14	0.343384
1375.14	0.328491
1375.14	0.334839
1375.14	0.327271
1375.14	0.328247
1375.14	0.341797
1375.14	0.349121
1375.14	0.34314
1375.14	0.348511
1375.14	0.344116
1375.14	0.348633
1375.14	0.346313
1375.14	0.343872
1375.14	0.341919
1375.14	0.349854
1375.14	0.354126
1375.14	0.355225
1375.14	0.342407
1375.14	0.343628
1375.14	0.337891
1375.14	0.343262
1375.14	0.341309
1375.14	0.344971
1375.14	0.36438
1375.14	0.351318
1375.14	0.338379
1375.14	0.323975
1375.14	0.315308
1375.14	0.322998
1375.14	0.317505
1375.14	0.315063
1375.14	0.316895
1375.14	0.318604
1375.14	0.328857
1375.14	0.318726
1375.14	0.337524
1375.14	0.342285
1375.14	0.337158
1375.14	0.334106
1375.14	0.332886
1375.14	0.338013
1375.14	0.347168
1375.14	0.349854
1375.14	0.343506
1375.14	0.329468
1375.14	0.325073
