1705.86	0.253784
1705.86	0.233032
1705.86	0.213013
1705.86	0.204712
1705.86	0.204224
1705.86	0.19873
1705.86	0.19043
1705.86	0.162109
1705.86	0.149902
1705.86	0.163696
1705.86	0.142334
1705.86	0.143799
1705.86	0.143433
1705.86	0.13562
1705.86	0.13623
1705.86	0.13855
1705.86	0.125244
1705.86	0.136597
1705.86	0.132446
1705.86	0.128174
1705.86	0.11792
1705.86	0.104248
1705.86	0.0941162
1705.86	0.083374
1705.86	0.0904541
1705.86	0.0928955
1705.86	0.10437
1705.86	0.116943
1705.86	0.111328
1705.86	0.0915527
1705.86	0.0739746
1705.86	0.0794678
1705.86	0.0844727
1705.86	0.0566406
1705.86	0.0644531
1705.86	0.0732422
1705.86	0.0568848
1705.86	0.0733643
1705.86	0.0664062
1705.86	0.0603027
1705.86	0.0473633
1705.86	0.0413818
1705.86	0.0345459
1705.86	0.0333252
1705.86	0.0447998
1705.86	0.0456543
1705.86	0.0587158
1705.86	0.0506592
1705.86	0.0570068
1705.86	0.0722656
1705.86	0.0633545
1705.86	0.0524902
1705.86	0.0606689
1705.86	0.045166
1705.86	0.055542
1705.86	0.0531006
1705.86	0.0483398
1705.86	0.0345459
1705.86	0.0266113
1705.86	0.024292
1705.86	0.0183105
1705.86	0.0178223
1705.86	0.0155029
1705.86	0.0270996
1705.86	0.0258789
1705.86	0.0461426
1705.86	0.0541992
1705.86	0.0507812
1705.86	0.0509033
1705.86	0.0458984
1705.86	0.0479736
1705.86	0.0440674
1705.86	0.0218506
1705.86	0.0358887
1705.86	0.0262451
1705.86	0.0178223
1705.86	0.0157471
1705.86	0.02771
1705.86	0.0240479
1705.86	0.00622559
1705.86	-0.00195312
1705.86	-0.00646973
1705.86	0.00805664
1705.86	0.0223389
1705.86	0.0109863
1705.86	0.0227051
1705.86	0.0136719
1705.86	0.0126953
1705.86	-0.000488281
1705.86	0.0129395
1705.86	0.0334473
1705.86	0.0194092
1705.86	0.0201416
1705.86	0.0119629
1705.86	0.00720215
1705.86	0.0332031
1705.86	0.0378418
1705.86	0.0273438
1705.86	0.0341797
1705.86	0.0394287
1705.86	0.0333252
1705.86	0.0395508
1705.86	0.045166
1705.86	0.036377
1705.86	0.0307617
1705.86	0.0180664
1705.86	0.0166016
1705.86	0.0146484
1705.86	0.0133057
1705.86	0.0192871
1705.86	0.0131836
1705.86	0.0157471
1705.86	0.0300293
1705.86	0.0308838
1705.86	0.0297852
1705.86	0.0328369
1705.86	0.0317383
1705.86	0.0216064
1705.86	0.0233154
1705.86	0.043335
1705.86	0.041748
1705.86	0.038208
1705.86	0.0322266
1705.86	0.0294189
1705.86	0.0305176
1705.86	0.0284424
1705.86	0.0283203
1705.86	0.0306396
1705.86	0.0262451
1705.86	0.0142822
1705.86	0.0012207
1705.86	0.00537109
1705.86	0.00671387
1705.86	0.00500488
1705.86	-0.00195312
1705.86	0.00354004
1705.86	-0.02771
1705.86	-0.0305176
1705.86	-0.0253906
1705.86	-0.012207
1705.86	-0.00268555
1705.86	0.000610352
1705.86	0.00415039
1705.86	0.00134277
1705.86	-0.00634766
1705.86	-0.0245361
1705.86	-0.0129395
1705.86	-0.0166016
1705.86	-0.0211182
1705.86	-0.0196533
1705.86	-0.0229492
1705.86	-0.0279541
1705.86	-0.0437012
1705.86	-0.0368652
1705.86	-0.0373535
1705.86	-0.0328369
1705.86	-0.0151367
1705.86	-0.00671387
1705.86	-0.0150146
1705.86	-0.0170898
1705.86	-0.00646973
1705.86	-0.0158691
1705.86	-0.0231934
1705.86	-0.0289307
1705.86	-0.00842285
1705.86	-0.0177002
1705.86	-0.0107422
1705.86	-0.00915527
1705.86	-0.0197754
1705.86	-0.019165
1705.86	-0.0151367
1705.86	-0.0285645
1705.86	-0.0291748
1705.86	-0.0244141
1705.86	-0.0144043
1705.86	-0.00671387
1705.86	-0.00512695
1705.86	-0.00231934
1705.86	0.00488281
1705.86	-0.00646973
1705.86	-0.00769043
1705.86	0.000244141
1705.86	-0.00354004
1705.86	0.0113525
1705.86	0.012207
1705.86	0.0223389
1705.86	0.0239258
1705.86	0.020874
1705.86	0.0115967
1705.86	0.0178223
1705.86	0.0264893
1705.86	0.0288086
1705.86	0.0198975
1705.86	0.00524902
1705.86	0.00793457
1705.86	-0.0211182
1705.86	-0.0181885
1705.86	-0.0445557
1705.86	-0.0447998
1705.86	-0.0366211
