879.043	0.377441
879.043	0.453003
879.043	0.513672
879.043	0.575195
879.043	0.614868
879.043	0.653564
879.043	0.687622
879.043	0.720215
879.043	0.750366
879.043	0.771851
879.043	0.781372
879.043	0.800049
879.043	0.812256
879.043	0.824829
879.043	0.839844
879.043	0.851318
879.043	0.863159
879.043	0.868774
879.043	0.878052
879.043	0.884033
879.043	0.888794
879.043	0.892212
879.043	0.899048
879.043	0.905762
879.043	0.90918
879.043	0.910889
879.043	0.917236
879.043	0.920532
879.043	0.921143
879.043	0.926392
879.043	0.927734
879.043	0.927612
879.043	0.924927
879.043	0.928223
879.043	0.92981
879.043	0.929688
879.043	0.927856
879.043	0.931519
879.043	0.937256
879.043	0.938599
879.043	0.942383
879.043	0.946533
879.043	0.949829
879.043	0.954102
879.043	0.953369
879.043	0.955322
879.043	0.957397
879.043	0.957764
879.043	0.963501
879.043	0.964722
879.043	0.966675
879.043	0.962524
879.043	0.968872
879.043	0.967285
879.043	0.970459
879.043	0.970703
879.043	0.97229
879.043	0.973389
879.043	0.976685
879.043	0.974609
879.043	0.974854
879.043	0.972534
879.043	0.974121
879.043	0.974976
879.043	0.97876
879.043	0.97876
879.043	0.981445
879.043	0.979126
879.043	0.978394
879.043	0.982056
879.043	0.981812
879.043	0.982666
879.043	0.9823
879.043	0.980469
879.043	0.981323
879.043	0.982056
879.043	0.983398
879.043	0.980713
879.043	0.982544
879.043	0.982666
879.043	0.979858
879.043	0.980591
879.043	0.980591
879.043	0.981934
879.043	0.983154
879.043	0.981323
879.043	0.980713
879.043	0.981689
879.043	0.981689
879.043	0.981567
879.043	0.982056
879.043	0.983032
879.043	0.983032
879.043	0.983398
879.043	0.985352
879.043	0.984985
879.043	0.984497
879.043	0.985107
879.043	0.985474
879.043	0.984741
879.043	0.986816
879.043	0.984497
879.043	0.98584
879.043	0.987305
879.043	0.984253
879.043	0.981445
879.043	0.983521
879.043	0.985962
879.043	0.984131
879.043	0.98584
879.043	0.986694
879.043	0.988525
879.043	0.988647
879.043	0.986816
879.043	0.984619
879.043	0.98584
879.043	0.983765
879.043	0.983398
879.043	0.985229
879.043	0.985474
879.043	0.986328
879.043	0.985229
879.043	0.985962
879.043	0.987305
879.043	0.985107
879.043	0.986694
879.043	0.987061
879.043	0.984985
879.043	0.984131
879.043	0.985229
879.043	0.985474
879.043	0.984375
879.043	0.986816
879.043	0.987793
879.043	0.987183
879.043	0.986694
879.043	0.984619
879.043	0.985474
879.043	0.986328
879.043	0.984863
879.043	0.985962
879.043	0.984375
879.043	0.985596
879.043	0.984741
879.043	0.984863
879.043	0.988403
879.043	0.987793
879.043	0.988525
879.043	0.988647
879.043	0.987183
879.043	0.987427
879.043	0.985474
879.043	0.984253
879.043	0.986084
879.043	0.98645
879.043	0.986206
879.043	0.987793
879.043	0.988037
879.043	0.986206
879.043	0.983887
879.043	0.985962
879.043	0.984863
879.043	0.985229
879.043	0.984253
879.043	0.98584
879.043	0.983521
879.043	0.983521
879.043	0.984863
879.043	0.984741
879.043	0.986816
879.043	0.987427
879.043	0.984131
879.043	0.983643
879.043	0.984497
879.043	0.984375
879.043	0.985107
879.043	0.986694
879.043	0.988159
879.043	0.987305
879.043	0.986328
879.043	0.987061
879.043	0.984741
879.043	0.984985
879.043	0.988403
879.043	0.985229
879.043	0.985107
879.043	0.985352
879.043	0.98645
879.043	0.988892
879.043	0.985352
879.043	0.983887
879.043	0.986206
879.043	0.987061
879.043	0.985352
879.043	0.984497
879.043	0.984863
879.043	0.986816
879.043	0.987915
879.043	0.986816
879.043	0.986938
