1714.57	0.275635
1714.57	0.264893
1714.57	0.234741
1714.57	0.21814
1714.57	0.190796
1714.57	0.182495
1714.57	0.168579
1714.57	0.149292
1714.57	0.124634
1714.57	0.116211
1714.57	0.120361
1714.57	0.112793
1714.57	0.10083
1714.57	0.0802002
1714.57	0.0870361
1714.57	0.0787354
1714.57	0.0914307
1714.57	0.0974121
1714.57	0.0955811
1714.57	0.0722656
1714.57	0.0513916
1714.57	0.0539551
1714.57	0.0405273
1714.57	0.0422363
1714.57	0.0511475
1714.57	0.0566406
1714.57	0.0397949
1714.57	0.0280762
1714.57	0.043457
1714.57	0.0294189
1714.57	0.0375977
1714.57	0.00549316
1714.57	0.00256348
1714.57	0.00219727
1714.57	-0.0032959
1714.57	0.0159912
1714.57	0.0297852
1714.57	0.0209961
1714.57	0.0115967
1714.57	0.0235596
1714.57	0.0269775
1714.57	0.0217285
1714.57	0.0231934
1714.57	0.0136719
1714.57	0.0128174
1714.57	0.0150146
1714.57	0.0123291
1714.57	0.0267334
1714.57	0.0166016
1714.57	0.0161133
1714.57	0.0189209
1714.57	0.0256348
1714.57	0.0135498
1714.57	0.00195312
1714.57	-0.00610352
1714.57	0.00708008
1714.57	0.0178223
1714.57	0.0100098
1714.57	0.0317383
1714.57	0.026123
1714.57	0.0267334
1714.57	0.0250244
1714.57	0.0238037
1714.57	0.0286865
1714.57	0.0335693
1714.57	0.0444336
1714.57	0.0345459
1714.57	0.0294189
1714.57	0.0251465
1714.57	0.00866699
1714.57	-0.0114746
1714.57	-0.0147705
1714.57	-0.0141602
1714.57	-0.000732422
1714.57	-0.00183105
1714.57	0.00231934
1714.57	0.00695801
1714.57	0.0078125
1714.57	-0.00390625
1714.57	-0.00976562
1714.57	-0.0186768
1714.57	-0.0189209
1714.57	-0.0195312
1714.57	-0.0285645
1714.57	-0.0274658
1714.57	-0.0343018
1714.57	-0.0323486
1714.57	-0.0374756
1714.57	-0.0418701
1714.57	-0.0418701
1714.57	-0.0528564
1714.57	-0.0527344
1714.57	-0.036377
1714.57	-0.0268555
1714.57	-0.0350342
1714.57	-0.0324707
1714.57	-0.0311279
1714.57	-0.00866699
1714.57	0.00366211
1714.57	0.000610352
1714.57	0.00512695
1714.57	-0.00866699
1714.57	-0.0189209
1714.57	-0.0102539
1714.57	-0.00402832
1714.57	-0.0109863
1714.57	0.0146484
1714.57	0.0349121
1714.57	0.0384521
1714.57	0.0344238
1714.57	0.0310059
1714.57	0.0274658
1714.57	0.0200195
1714.57	0.0131836
1714.57	0.00439453
1714.57	0.0124512
1714.57	-0.00231934
1714.57	0.00354004
1714.57	-0.0131836
1714.57	-0.00952148
1714.57	-0.00646973
1714.57	-0.00976562
1714.57	-0.0117188
1714.57	-0.0135498
1714.57	-0.0371094
1714.57	-0.0141602
1714.57	-0.00927734
1714.57	-0.0163574
1714.57	-0.0178223
1714.57	-0.010498
1714.57	-0.00744629
1714.57	0.0098877
1714.57	0.0275879
1714.57	0.0229492
1714.57	0.024292
1714.57	0.0111084
1714.57	0.013916
1714.57	-0.00109863
1714.57	-0.00134277
1714.57	0.000488281
1714.57	0.0045166
1714.57	-0.010376
1714.57	-0.00585938
1714.57	-0.0179443
1714.57	-0.0142822
1714.57	-0.0162354
1714.57	-0.00366211
1714.57	0.0102539
1714.57	0.0109863
1714.57	0.00512695
1714.57	0.0145264
1714.57	-0.00219727
1714.57	-0.00708008
1714.57	0.0020752
1714.57	-0.00354004
1714.57	0
1714.57	-0.0065918
1714.57	0.00170898
1714.57	0.0020752
1714.57	0.00830078
1714.57	0.0098877
1714.57	0.0119629
1714.57	0.00976562
1714.57	0.0175781
1714.57	0.0308838
1714.57	0.0319824
1714.57	0.0142822
1714.57	0.0219727
1714.57	0.0146484
1714.57	0.0310059
1714.57	0.041748
1714.57	0.0390625
1714.57	0.0316162
1714.57	0.0354004
1714.57	0.0290527
1714.57	0.0465088
1714.57	0.03125
1714.57	0.0313721
1714.57	0.0256348
1714.57	0.0177002
1714.57	0.0183105
1714.57	0.00170898
1714.57	0.00793457
1714.57	0.0144043
1714.57	0.0174561
1714.57	0.0234375
1714.57	0.0273438
1714.57	0.0218506
1714.57	0.0330811
1714.57	0.0196533
1714.57	0.0217285
1714.57	0.0170898
1714.57	0.00610352
1714.57	0.0100098
1714.57	0.00622559
1714.57	0.0159912
1714.57	0.0255127
1714.57	0.0140381
1714.57	0.00439453
1714.57	0.0102539
