1496.98	0.303223
1496.98	0.303345
1496.98	0.299561
1496.98	0.293945
1496.98	0.280273
1496.98	0.278076
1496.98	0.279907
1496.98	0.264404
1496.98	0.249268
1496.98	0.251099
1496.98	0.242065
1496.98	0.229614
1496.98	0.226196
1496.98	0.223755
1496.98	0.218872
1496.98	0.206787
1496.98	0.195923
1496.98	0.212036
1496.98	0.20874
1496.98	0.211426
1496.98	0.208984
1496.98	0.202026
1496.98	0.201538
1496.98	0.210571
1496.98	0.207275
1496.98	0.205688
1496.98	0.190796
1496.98	0.205688
1496.98	0.179565
1496.98	0.174927
1496.98	0.163696
1496.98	0.172241
1496.98	0.188354
1496.98	0.178101
1496.98	0.166138
1496.98	0.143188
1496.98	0.152832
1496.98	0.145386
1496.98	0.144165
1496.98	0.143799
1496.98	0.140381
1496.98	0.128784
1496.98	0.124268
1496.98	0.127686
1496.98	0.125366
1496.98	0.129639
1496.98	0.113159
1496.98	0.104004
1496.98	0.100586
1496.98	0.103394
1496.98	0.092041
1496.98	0.0863037
1496.98	0.0859375
1496.98	0.0821533
1496.98	0.0777588
1496.98	0.0743408
1496.98	0.0788574
1496.98	0.0861816
1496.98	0.0782471
1496.98	0.0858154
1496.98	0.0803223
1496.98	0.0771484
1496.98	0.079834
1496.98	0.0853271
1496.98	0.0666504
1496.98	0.0684814
1496.98	0.0803223
1496.98	0.0662842
1496.98	0.0511475
1496.98	0.0722656
1496.98	0.0805664
1496.98	0.0794678
1496.98	0.0819092
1496.98	0.0690918
1496.98	0.0603027
1496.98	0.0587158
1496.98	0.0668945
1496.98	0.0583496
1496.98	0.0577393
1496.98	0.0467529
1496.98	0.0422363
1496.98	0.039917
1496.98	0.0219727
1496.98	0.0288086
1496.98	0.0245361
1496.98	0.0231934
1496.98	0.0380859
1496.98	0.0446777
1496.98	0.0361328
1496.98	0.0200195
1496.98	0.0078125
1496.98	0.00769043
1496.98	0.0100098
1496.98	0.012207
1496.98	0.0129395
1496.98	0.00012207
1496.98	0.0153809
1496.98	0.0202637
1496.98	0.0101318
1496.98	0.013916
1496.98	0.00805664
1496.98	0.0148926
1496.98	0.0219727
1496.98	0.0217285
1496.98	0.0141602
1496.98	0.00732422
1496.98	-0.00695801
1496.98	0.00390625
1496.98	0.0229492
1496.98	0.0181885
1496.98	-0.00292969
1496.98	-0.0108643
1496.98	-0.00366211
1496.98	0.00915527
1496.98	0.0032959
1496.98	0.0125732
1496.98	0.0290527
1496.98	0.0369873
1496.98	0.0427246
1496.98	0.0418701
1496.98	0.017334
1496.98	0.0239258
1496.98	0.0209961
1496.98	0.00756836
1496.98	0.00610352
1496.98	0.0185547
1496.98	0.0175781
1496.98	0.0216064
1496.98	0.0235596
1496.98	0.00891113
1496.98	0.00292969
1496.98	-0.00976562
1496.98	-0.00720215
1496.98	-0.0020752
1496.98	-0.00866699
1496.98	-0.0112305
1496.98	-0.0195312
1496.98	-0.0231934
1496.98	-0.020752
1496.98	-0.0218506
1496.98	-0.00878906
1496.98	-0.00537109
1496.98	-0.00280762
1496.98	-0.0183105
1496.98	-0.00683594
1496.98	0.00390625
1496.98	0.00378418
1496.98	0.0119629
1496.98	0.00793457
1496.98	0.0223389
1496.98	-0.00598145
1496.98	-0.0189209
1496.98	-0.00476074
1496.98	-0.000488281
1496.98	-0.000610352
1496.98	0.0100098
1496.98	0.00109863
1496.98	0.0131836
1496.98	-0.00476074
1496.98	-0.00268555
1496.98	-0.0133057
1496.98	-0.020752
1496.98	-0.0273438
1496.98	-0.0446777
1496.98	-0.0559082
1496.98	-0.0697021
1496.98	-0.0715332
1496.98	-0.067749
1496.98	-0.0845947
1496.98	-0.0795898
1496.98	-0.0782471
1496.98	-0.0593262
1496.98	-0.050293
1496.98	-0.0441895
1496.98	-0.0463867
1496.98	-0.0441895
1496.98	-0.0496826
1496.98	-0.0384521
1496.98	-0.0297852
1496.98	-0.0344238
1496.98	-0.0377197
1496.98	-0.0447998
1496.98	-0.0361328
1496.98	-0.0423584
1496.98	-0.0524902
1496.98	-0.0465088
1496.98	-0.0483398
1496.98	-0.0401611
1496.98	-0.0563965
1496.98	-0.0495605
1496.98	-0.0495605
1496.98	-0.0495605
1496.98	-0.0471191
1496.98	-0.0395508
1496.98	-0.0467529
1496.98	-0.0474854
1496.98	-0.0411377
1496.98	-0.0628662
1496.98	-0.072876
1496.98	-0.0653076
