1662.35	0.276245
1662.35	0.267334
1662.35	0.255615
1662.35	0.249023
1662.35	0.246094
1662.35	0.234741
1662.35	0.242065
1662.35	0.236816
1662.35	0.214478
1662.35	0.192261
1662.35	0.178833
1662.35	0.179565
1662.35	0.17041
1662.35	0.152344
1662.35	0.132935
1662.35	0.147339
1662.35	0.13623
1662.35	0.129883
1662.35	0.119141
1662.35	0.115845
1662.35	0.127197
1662.35	0.142212
1662.35	0.13501
1662.35	0.13269
1662.35	0.126587
1662.35	0.12207
1662.35	0.118408
1662.35	0.108276
1662.35	0.105225
1662.35	0.114258
1662.35	0.116333
1662.35	0.104858
1662.35	0.0982666
1662.35	0.0751953
1662.35	0.06604
1662.35	0.0643311
1662.35	0.074707
1662.35	0.074585
1662.35	0.0777588
1662.35	0.072876
1662.35	0.0820312
1662.35	0.0860596
1662.35	0.0916748
1662.35	0.0799561
1662.35	0.0715332
1662.35	0.0755615
1662.35	0.079834
1662.35	0.0897217
1662.35	0.0904541
1662.35	0.0820312
1662.35	0.0968018
1662.35	0.0817871
1662.35	0.0795898
1662.35	0.0622559
1662.35	0.0721436
1662.35	0.0610352
1662.35	0.0684814
1662.35	0.0688477
1662.35	0.059082
1662.35	0.0175781
1662.35	0.0251465
1662.35	0.00512695
1662.35	-0.0270996
1662.35	-0.0344238
1662.35	-0.0317383
1662.35	-0.0461426
1662.35	-0.050415
1662.35	-0.0476074
1662.35	-0.043335
1662.35	-0.0599365
1662.35	-0.0482178
1662.35	-0.0620117
1662.35	-0.0598145
1662.35	-0.0651855
1662.35	-0.0498047
1662.35	-0.0432129
1662.35	-0.0266113
1662.35	-0.0148926
1662.35	-0.00402832
1662.35	-0.0141602
1662.35	-0.00756836
1662.35	0.00622559
1662.35	0.00939941
1662.35	-0.00317383
1662.35	-0.012085
1662.35	-0.00292969
1662.35	-0.0133057
1662.35	-0.0113525
1662.35	-0.0115967
1662.35	-0.00317383
1662.35	-0.00708008
1662.35	-0.0126953
1662.35	-0.0101318
1662.35	-0.0126953
1662.35	-0.00964355
1662.35	-0.013916
1662.35	-0.0168457
1662.35	-0.00537109
1662.35	0.00427246
1662.35	-0.00939941
1662.35	0.00183105
1662.35	-0.0032959
1662.35	0.00439453
1662.35	0.00256348
1662.35	0.0140381
1662.35	0.0158691
1662.35	0.0198975
1662.35	0.0241699
1662.35	0.0415039
1662.35	0.0463867
1662.35	0.034668
1662.35	0.0140381
1662.35	0.0175781
1662.35	0.010376
1662.35	0.00146484
1662.35	0.00744629
1662.35	0.00402832
1662.35	-0.00756836
1662.35	-0.0112305
1662.35	0.0078125
1662.35	-0.00390625
1662.35	0.000244141
1662.35	0.00378418
1662.35	0.000488281
1662.35	-0.00695801
1662.35	-0.00634766
1662.35	0.0057373
1662.35	0.000488281
1662.35	-0.00158691
1662.35	0.00585938
1662.35	0.0107422
1662.35	0.00732422
1662.35	0.0163574
1662.35	0.0324707
1662.35	0.0422363
1662.35	0.0352783
1662.35	0.0205078
1662.35	0.00561523
1662.35	0.00146484
1662.35	-0.0131836
1662.35	0.0102539
1662.35	0.00671387
1662.35	0.00769043
1662.35	-0.000976562
1662.35	-0.0106201
1662.35	-0.032959
1662.35	-0.0330811
1662.35	-0.0213623
1662.35	-0.0268555
1662.35	-0.0205078
1662.35	-0.0283203
1662.35	-0.0297852
1662.35	-0.0362549
1662.35	-0.0324707
1662.35	-0.0401611
1662.35	-0.0357666
1662.35	-0.0447998
1662.35	-0.0410156
1662.35	-0.0323486
1662.35	-0.0367432
1662.35	-0.0377197
1662.35	-0.0319824
1662.35	-0.0338135
1662.35	-0.027832
1662.35	-0.0217285
1662.35	-0.0253906
1662.35	-0.0166016
1662.35	-0.0332031
1662.35	-0.0396729
1662.35	-0.0240479
1662.35	-0.0220947
1662.35	-0.0147705
1662.35	-0.00866699
1662.35	-0.012207
1662.35	-0.0145264
1662.35	0.00378418
1662.35	0.0169678
1662.35	0.0065918
1662.35	0.0144043
1662.35	0.0231934
1662.35	0.0151367
1662.35	0.0234375
1662.35	0.0223389
1662.35	0.0140381
1662.35	0.0107422
1662.35	0.0153809
1662.35	0.00598145
1662.35	0.0129395
1662.35	0.015625
1662.35	0.0426025
1662.35	0.0489502
1662.35	0.0449219
1662.35	0.0351562
1662.35	0.039917
1662.35	0.0246582
1662.35	0.0153809
1662.35	-0.00378418
1662.35	-0.00366211
1662.35	-0.0283203
1662.35	-0.0371094
