1261.99	0.304688
1261.99	0.322266
1261.99	0.353394
1261.99	0.369385
1261.99	0.391479
1261.99	0.400757
1261.99	0.416382
1261.99	0.424561
1261.99	0.428101
1261.99	0.45166
1261.99	0.474243
1261.99	0.47876
1261.99	0.487915
1261.99	0.5
1261.99	0.509644
1261.99	0.525269
1261.99	0.518311
1261.99	0.523071
1261.99	0.532227
1261.99	0.530762
1261.99	0.533813
1261.99	0.5448
1261.99	0.548096
1261.99	0.555786
1261.99	0.55835
1261.99	0.567505
1261.99	0.571777
1261.99	0.568848
1261.99	0.569946
1261.99	0.567383
1261.99	0.569214
1261.99	0.574463
1261.99	0.576294
1261.99	0.583374
1261.99	0.588867
1261.99	0.592529
1261.99	0.60437
1261.99	0.614624
1261.99	0.625977
1261.99	0.624756
1261.99	0.625854
1261.99	0.629639
1261.99	0.632568
1261.99	0.628296
1261.99	0.628418
1261.99	0.630615
1261.99	0.637695
1261.99	0.647827
1261.99	0.647949
1261.99	0.640137
1261.99	0.641479
1261.99	0.636841
1261.99	0.643311
1261.99	0.640137
1261.99	0.636108
1261.99	0.633789
1261.99	0.641357
1261.99	0.646484
1261.99	0.642944
1261.99	0.641235
1261.99	0.64563
1261.99	0.643188
1261.99	0.643188
1261.99	0.652954
1261.99	0.649292
1261.99	0.657959
1261.99	0.659668
1261.99	0.665527
1261.99	0.675049
1261.99	0.668945
1261.99	0.664795
1261.99	0.664917
1261.99	0.672241
1261.99	0.673584
1261.99	0.675781
1261.99	0.677002
1261.99	0.677612
1261.99	0.682861
1261.99	0.684448
1261.99	0.681274
1261.99	0.67749
1261.99	0.687256
1261.99	0.686646
1261.99	0.678955
1261.99	0.678223
1261.99	0.671509
1261.99	0.673584
1261.99	0.671265
1261.99	0.674316
1261.99	0.672607
1261.99	0.672119
1261.99	0.675171
1261.99	0.685547
1261.99	0.682739
1261.99	0.677002
1261.99	0.671997
1261.99	0.669678
1261.99	0.677246
1261.99	0.669312
1261.99	0.680298
1261.99	0.678589
1261.99	0.678223
1261.99	0.677368
1261.99	0.674805
1261.99	0.669678
1261.99	0.67688
1261.99	0.667969
1261.99	0.663818
1261.99	0.661743
1261.99	0.659424
1261.99	0.672485
1261.99	0.671997
1261.99	0.665161
1261.99	0.675049
1261.99	0.665894
1261.99	0.669189
1261.99	0.668823
1261.99	0.666992
1261.99	0.670166
1261.99	0.676636
1261.99	0.678467
1261.99	0.677246
1261.99	0.684082
1261.99	0.678223
1261.99	0.672729
1261.99	0.671265
1261.99	0.668945
1261.99	0.670166
1261.99	0.667969
1261.99	0.665771
1261.99	0.668701
1261.99	0.668213
1261.99	0.674438
1261.99	0.681641
1261.99	0.681885
1261.99	0.686768
1261.99	0.688965
1261.99	0.68811
1261.99	0.669189
1261.99	0.668213
1261.99	0.665649
1261.99	0.66272
1261.99	0.678223
1261.99	0.68335
1261.99	0.686279
1261.99	0.681519
1261.99	0.68689
1261.99	0.687866
1261.99	0.683594
1261.99	0.687012
1261.99	0.691162
1261.99	0.682495
1261.99	0.685059
1261.99	0.698486
1261.99	0.695557
1261.99	0.690308
1261.99	0.692627
1261.99	0.686035
1261.99	0.682007
1261.99	0.680908
1261.99	0.69397
1261.99	0.697388
1261.99	0.690308
1261.99	0.691406
1261.99	0.693237
1261.99	0.682129
1261.99	0.681763
1261.99	0.687744
1261.99	0.688965
1261.99	0.68811
1261.99	0.695679
1261.99	0.69812
1261.99	0.69458
1261.99	0.69751
1261.99	0.697632
1261.99	0.700928
1261.99	0.702026
1261.99	0.703369
1261.99	0.716553
1261.99	0.710205
1261.99	0.703003
1261.99	0.704102
1261.99	0.699341
1261.99	0.696899
1261.99	0.688965
1261.99	0.688965
1261.99	0.692139
1261.99	0.684204
1261.99	0.697876
1261.99	0.699829
1261.99	0.692017
1261.99	0.699707
1261.99	0.703979
1261.99	0.705811
1261.99	0.711548
1261.99	0.709106
1261.99	0.712891
1261.99	0.71582
1261.99	0.708862
1261.99	0.718384
