1218.47	0.327393
1218.47	0.344971
1218.47	0.362061
1218.47	0.385132
1218.47	0.394653
1218.47	0.4104
1218.47	0.426025
1218.47	0.444702
1218.47	0.455078
1218.47	0.453857
1218.47	0.464355
1218.47	0.465942
1218.47	0.482666
1218.47	0.494263
1218.47	0.506104
1218.47	0.518677
1218.47	0.529053
1218.47	0.541382
1218.47	0.550415
1218.47	0.554199
1218.47	0.556641
1218.47	0.561401
1218.47	0.580688
1218.47	0.57605
1218.47	0.584473
1218.47	0.602295
1218.47	0.618652
1218.47	0.617188
1218.47	0.629028
1218.47	0.642944
1218.47	0.640381
1218.47	0.639893
1218.47	0.653442
1218.47	0.654053
1218.47	0.663696
1218.47	0.672241
1218.47	0.672119
1218.47	0.67627
1218.47	0.678589
1218.47	0.682129
1218.47	0.674316
1218.47	0.67627
1218.47	0.67981
1218.47	0.68689
1218.47	0.694946
1218.47	0.700195
1218.47	0.699341
1218.47	0.697632
1218.47	0.704956
1218.47	0.710693
1218.47	0.717407
1218.47	0.722412
1218.47	0.726929
1218.47	0.735474
1218.47	0.740356
1218.47	0.748901
1218.47	0.745605
1218.47	0.745972
1218.47	0.750366
1218.47	0.758301
1218.47	0.764282
1218.47	0.771729
1218.47	0.77002
1218.47	0.773804
1218.47	0.776245
1218.47	0.779297
1218.47	0.779663
1218.47	0.786011
1218.47	0.779785
1218.47	0.781372
1218.47	0.786377
1218.47	0.801636
1218.47	0.804321
1218.47	0.806396
1218.47	0.807495
1218.47	0.817993
1218.47	0.82312
1218.47	0.815552
1218.47	0.813232
1218.47	0.811523
1218.47	0.81311
1218.47	0.816284
1218.47	0.822998
1218.47	0.820068
1218.47	0.82251
1218.47	0.823486
1218.47	0.825562
1218.47	0.826538
1218.47	0.820068
1218.47	0.81665
1218.47	0.81311
1218.47	0.818481
1218.47	0.816895
1218.47	0.822266
1218.47	0.819824
1218.47	0.821533
1218.47	0.820557
1218.47	0.82605
1218.47	0.823486
1218.47	0.827515
1218.47	0.828247
1218.47	0.825928
1218.47	0.830322
1218.47	0.834473
1218.47	0.847046
1218.47	0.847778
1218.47	0.851929
1218.47	0.849976
1218.47	0.844971
1218.47	0.845703
1218.47	0.847534
1218.47	0.845703
1218.47	0.839111
1218.47	0.845459
1218.47	0.839478
1218.47	0.844727
1218.47	0.838623
1218.47	0.838257
1218.47	0.843994
1218.47	0.842041
1218.47	0.844482
1218.47	0.843628
1218.47	0.850708
1218.47	0.848022
1218.47	0.851807
1218.47	0.853882
1218.47	0.851074
1218.47	0.846558
1218.47	0.844116
1218.47	0.848511
1218.47	0.85083
1218.47	0.843018
1218.47	0.843018
1218.47	0.838867
1218.47	0.838867
1218.47	0.837524
1218.47	0.844238
1218.47	0.847656
1218.47	0.848999
1218.47	0.856323
1218.47	0.857544
1218.47	0.854126
1218.47	0.849976
1218.47	0.849731
1218.47	0.846313
1218.47	0.842163
1218.47	0.843994
1218.47	0.84021
1218.47	0.842163
1218.47	0.845459
1218.47	0.845215
1218.47	0.8479
1218.47	0.842041
1218.47	0.847656
1218.47	0.842773
1218.47	0.845215
1218.47	0.846802
1218.47	0.855225
1218.47	0.86377
1218.47	0.866211
1218.47	0.865479
1218.47	0.867798
1218.47	0.867676
1218.47	0.866699
1218.47	0.858765
1218.47	0.860107
1218.47	0.858887
1218.47	0.849487
1218.47	0.846924
1218.47	0.856934
1218.47	0.852661
1218.47	0.851929
1218.47	0.849121
1218.47	0.852539
1218.47	0.853516
1218.47	0.853394
1218.47	0.847534
1218.47	0.855103
1218.47	0.855103
1218.47	0.854492
1218.47	0.857544
1218.47	0.854492
1218.47	0.854614
1218.47	0.854004
1218.47	0.852051
1218.47	0.847168
1218.47	0.842163
1218.47	0.851685
1218.47	0.85022
1218.47	0.851196
1218.47	0.846191
1218.47	0.850708
1218.47	0.848633
1218.47	0.849609
1218.47	0.851196
1218.47	0.855469
1218.47	0.86084
1218.47	0.865723
1218.47	0.863037
1218.47	0.859741
