966.076	0.348022
966.076	0.416504
966.076	0.47937
966.076	0.527344
966.076	0.562012
966.076	0.606689
966.076	0.639038
966.076	0.668091
966.076	0.686523
966.076	0.699463
966.076	0.712402
966.076	0.729004
966.076	0.747437
966.076	0.758057
966.076	0.762695
966.076	0.779907
966.076	0.796875
966.076	0.806152
966.076	0.820068
966.076	0.826782
966.076	0.835449
966.076	0.844971
966.076	0.854248
966.076	0.857788
966.076	0.857422
966.076	0.863037
966.076	0.867798
966.076	0.870972
966.076	0.875488
966.076	0.876587
966.076	0.880127
966.076	0.883911
966.076	0.885742
966.076	0.884888
966.076	0.890137
966.076	0.896729
966.076	0.893433
966.076	0.900024
966.076	0.90332
966.076	0.900146
966.076	0.897949
966.076	0.900269
966.076	0.901978
966.076	0.899902
966.076	0.9021
966.076	0.9104
966.076	0.913696
966.076	0.912231
966.076	0.907959
966.076	0.911011
966.076	0.90625
966.076	0.909668
966.076	0.909668
966.076	0.91333
966.076	0.91626
966.076	0.916992
966.076	0.918335
966.076	0.923462
966.076	0.92627
966.076	0.92395
966.076	0.92627
966.076	0.926636
966.076	0.925537
966.076	0.923706
966.076	0.924683
966.076	0.929077
966.076	0.929932
966.076	0.934814
966.076	0.934326
966.076	0.933838
966.076	0.93042
966.076	0.935913
966.076	0.933472
966.076	0.938232
966.076	0.937866
966.076	0.942993
966.076	0.943726
966.076	0.948853
966.076	0.948486
966.076	0.951538
966.076	0.951538
966.076	0.953247
966.076	0.955322
966.076	0.960449
966.076	0.964233
966.076	0.963867
966.076	0.961304
966.076	0.962646
966.076	0.960938
966.076	0.961426
966.076	0.967163
966.076	0.968994
966.076	0.964722
966.076	0.961792
966.076	0.96814
966.076	0.970337
966.076	0.973633
966.076	0.974487
966.076	0.976074
966.076	0.972656
966.076	0.972656
966.076	0.973267
966.076	0.974243
966.076	0.973633
966.076	0.972168
966.076	0.969604
966.076	0.971191
966.076	0.9729
966.076	0.972534
966.076	0.974487
966.076	0.972778
966.076	0.97168
966.076	0.971313
966.076	0.970581
966.076	0.974365
966.076	0.976929
966.076	0.97583
966.076	0.972778
966.076	0.975342
966.076	0.975708
966.076	0.977173
966.076	0.979126
966.076	0.973145
966.076	0.973633
966.076	0.973755
966.076	0.975098
966.076	0.976685
966.076	0.974121
966.076	0.970581
966.076	0.974731
966.076	0.974609
966.076	0.976562
966.076	0.97876
966.076	0.974365
966.076	0.974121
966.076	0.973022
966.076	0.975586
966.076	0.97522
966.076	0.975708
966.076	0.970459
966.076	0.970215
966.076	0.973389
966.076	0.97168
966.076	0.973633
966.076	0.97229
966.076	0.972412
966.076	0.972656
966.076	0.970581
966.076	0.976807
966.076	0.976196
966.076	0.975342
966.076	0.974365
966.076	0.974854
966.076	0.974731
966.076	0.969727
966.076	0.972778
966.076	0.973877
966.076	0.972656
966.076	0.96936
966.076	0.972046
966.076	0.976196
966.076	0.971313
966.076	0.972534
966.076	0.973022
966.076	0.97168
966.076	0.972412
966.076	0.969849
966.076	0.974243
966.076	0.971924
966.076	0.968628
966.076	0.969604
966.076	0.96936
966.076	0.969238
966.076	0.969849
966.076	0.971558
966.076	0.969116
966.076	0.970703
966.076	0.973511
966.076	0.97522
966.076	0.97168
966.076	0.973022
966.076	0.973267
966.076	0.972046
966.076	0.975586
966.076	0.976685
966.076	0.975952
966.076	0.974976
966.076	0.97583
966.076	0.974365
966.076	0.975464
966.076	0.974731
966.076	0.972168
966.076	0.969971
966.076	0.9729
966.076	0.973999
966.076	0.9729
966.076	0.973389
966.076	0.973389
966.076	0.972412
966.076	0.972534
