1592.72	0.275635
1592.72	0.261841
1592.72	0.249878
1592.72	0.241943
1592.72	0.243896
1592.72	0.229126
1592.72	0.220581
1592.72	0.214355
1592.72	0.187744
1592.72	0.18335
1592.72	0.189819
1592.72	0.18396
1592.72	0.19873
1592.72	0.194336
1592.72	0.202271
1592.72	0.196411
1592.72	0.191772
1592.72	0.186157
1592.72	0.178101
1592.72	0.182617
1592.72	0.159058
1592.72	0.146851
1592.72	0.152954
1592.72	0.139038
1592.72	0.138428
1592.72	0.126221
1592.72	0.123413
1592.72	0.116577
1592.72	0.106201
1592.72	0.103638
1592.72	0.0958252
1592.72	0.0809326
1592.72	0.0786133
1592.72	0.0699463
1592.72	0.072998
1592.72	0.0791016
1592.72	0.0905762
1592.72	0.0799561
1592.72	0.0762939
1592.72	0.0876465
1592.72	0.0733643
1592.72	0.0800781
1592.72	0.0718994
1592.72	0.0864258
1592.72	0.0897217
1592.72	0.0872803
1592.72	0.0864258
1592.72	0.0865479
1592.72	0.0823975
1592.72	0.0804443
1592.72	0.0803223
1592.72	0.0644531
1592.72	0.0623779
1592.72	0.0410156
1592.72	0.0349121
1592.72	0.0123291
1592.72	0.0166016
1592.72	0.0335693
1592.72	0.0334473
1592.72	0.0227051
1592.72	0.0240479
1592.72	0.015625
1592.72	0.00183105
1592.72	-0.0100098
1592.72	0.00512695
1592.72	0.000610352
1592.72	0.00463867
1592.72	-0.00134277
1592.72	-0.00292969
1592.72	0.0102539
1592.72	-0.00915527
1592.72	0.00634766
1592.72	0.00305176
1592.72	0.0012207
1592.72	-0.00512695
1592.72	-0.00891113
1592.72	-0.00610352
1592.72	-0.0212402
1592.72	-0.0166016
1592.72	0.00549316
1592.72	-0.0012207
1592.72	0.0129395
1592.72	0.0114746
1592.72	0.0216064
1592.72	0.015625
1592.72	0.0206299
1592.72	0.0196533
1592.72	0.0152588
1592.72	0.0152588
1592.72	0.00549316
1592.72	0.0124512
1592.72	-0.00317383
1592.72	0.013916
1592.72	0.00366211
1592.72	-0.00341797
1592.72	-0.000732422
1592.72	0.00366211
1592.72	0.020752
1592.72	0.0184326
1592.72	0.0274658
1592.72	0.027832
1592.72	0.0264893
1592.72	0.041626
1592.72	0.0432129
1592.72	0.0404053
1592.72	0.0201416
1592.72	0.00256348
1592.72	0.0155029
1592.72	0.0045166
1592.72	0.00317383
1592.72	-0.0065918
1592.72	-0.0045166
1592.72	-0.00634766
1592.72	-0.0214844
1592.72	-0.0286865
1592.72	-0.0321045
1592.72	-0.0283203
1592.72	-0.0212402
1592.72	-0.00549316
1592.72	0.00146484
1592.72	0.00720215
1592.72	0.0111084
1592.72	0.020874
1592.72	0.0180664
1592.72	0.0230713
1592.72	0.0316162
1592.72	0.0118408
1592.72	-0.00012207
1592.72	-0.00866699
1592.72	-0.00317383
1592.72	0.0106201
1592.72	0.0140381
1592.72	0.0131836
1592.72	0.0012207
1592.72	0.00488281
1592.72	0.0129395
1592.72	0.00842285
1592.72	0.0216064
1592.72	0.0288086
1592.72	0.00817871
1592.72	0.00195312
1592.72	0.00769043
1592.72	0.0045166
1592.72	-0.0133057
1592.72	-0.0314941
1592.72	-0.0313721
1592.72	-0.0245361
1592.72	-0.0256348
1592.72	-0.0106201
1592.72	-0.00378418
1592.72	-0.0178223
1592.72	-0.012207
1592.72	-0.00390625
1592.72	-0.0137939
1592.72	-0.00805664
1592.72	-0.00512695
1592.72	-0.0137939
1592.72	-0.00622559
1592.72	-0.0152588
1592.72	-0.0078125
1592.72	-0.0239258
1592.72	-0.0175781
1592.72	-0.0257568
1592.72	-0.0396729
1592.72	-0.0441895
1592.72	-0.0517578
1592.72	-0.0550537
1592.72	-0.0596924
1592.72	-0.0675049
1592.72	-0.06604
1592.72	-0.0623779
1592.72	-0.0655518
1592.72	-0.0817871
1592.72	-0.0709229
1592.72	-0.0671387
1592.72	-0.0617676
1592.72	-0.0617676
1592.72	-0.0651855
1592.72	-0.0727539
1592.72	-0.0648193
1592.72	-0.0515137
1592.72	-0.0650635
1592.72	-0.0551758
1592.72	-0.0646973
1592.72	-0.0737305
1592.72	-0.0683594
1592.72	-0.0670166
1592.72	-0.0697021
1592.72	-0.0628662
1592.72	-0.0644531
1592.72	-0.0655518
1592.72	-0.0656738
1592.72	-0.0562744
1592.72	-0.0541992
1592.72	-0.0582275
1592.72	-0.0592041
1592.72	-0.0529785
1592.72	-0.0560303
1592.72	-0.0695801
1592.72	-0.0848389
