1027	0.331177
1027	0.375732
1027	0.415283
1027	0.447144
1027	0.487061
1027	0.5177
1027	0.535889
1027	0.556763
1027	0.581543
1027	0.60376
1027	0.616089
1027	0.628906
1027	0.648193
1027	0.650757
1027	0.664307
1027	0.675537
1027	0.684692
1027	0.69458
1027	0.702759
1027	0.701172
1027	0.710083
1027	0.719116
1027	0.727905
1027	0.730835
1027	0.739014
1027	0.751953
1027	0.75415
1027	0.763062
1027	0.761963
1027	0.763428
1027	0.77356
1027	0.776245
1027	0.780518
1027	0.789429
1027	0.792114
1027	0.795654
1027	0.797241
1027	0.803101
1027	0.8125
1027	0.812744
1027	0.818115
1027	0.819946
1027	0.824219
1027	0.82605
1027	0.825073
1027	0.826782
1027	0.835571
1027	0.837158
1027	0.840942
1027	0.842651
1027	0.840332
1027	0.845825
1027	0.846558
1027	0.846558
1027	0.853149
1027	0.850342
1027	0.852295
1027	0.85376
1027	0.859253
1027	0.859497
1027	0.860107
1027	0.866821
1027	0.869019
1027	0.869629
1027	0.871826
1027	0.874878
1027	0.873535
1027	0.881104
1027	0.879761
1027	0.87915
1027	0.878784
1027	0.881958
1027	0.879639
1027	0.882446
1027	0.875122
1027	0.884521
1027	0.887695
1027	0.889404
1027	0.891479
1027	0.891968
1027	0.89978
1027	0.89502
1027	0.892578
1027	0.893433
1027	0.899902
1027	0.908203
1027	0.9021
1027	0.900635
1027	0.907837
1027	0.904175
1027	0.906982
1027	0.908569
1027	0.903687
1027	0.904175
1027	0.907715
1027	0.907349
1027	0.90979
1027	0.91272
1027	0.913452
1027	0.912354
1027	0.916748
1027	0.91626
1027	0.916992
1027	0.916992
1027	0.913452
1027	0.915527
1027	0.914062
1027	0.916992
1027	0.917969
1027	0.91687
1027	0.914673
1027	0.913574
1027	0.917114
1027	0.920166
1027	0.922241
1027	0.926025
1027	0.926636
1027	0.926025
1027	0.923828
1027	0.922119
1027	0.92395
1027	0.929077
1027	0.926392
1027	0.923462
1027	0.928101
1027	0.928467
1027	0.933716
1027	0.933838
1027	0.9375
1027	0.934814
1027	0.928589
1027	0.930176
1027	0.930298
1027	0.929565
1027	0.932495
1027	0.93042
1027	0.938599
1027	0.943481
1027	0.946289
1027	0.941528
1027	0.943848
1027	0.943726
1027	0.942871
1027	0.942993
1027	0.94043
1027	0.940308
1027	0.936401
1027	0.928833
1027	0.934937
1027	0.935791
1027	0.936646
1027	0.934326
1027	0.937866
1027	0.935547
1027	0.931763
1027	0.934082
1027	0.935425
1027	0.939209
1027	0.938843
1027	0.935425
1027	0.936646
1027	0.93811
1027	0.940552
1027	0.94104
1027	0.938477
1027	0.934814
1027	0.940063
1027	0.939331
1027	0.942871
1027	0.942627
1027	0.942261
1027	0.940063
1027	0.938843
1027	0.935425
1027	0.935059
1027	0.934082
1027	0.938599
1027	0.94165
1027	0.939941
1027	0.942139
1027	0.943237
1027	0.942871
1027	0.945557
1027	0.949829
1027	0.952393
1027	0.952515
1027	0.945557
1027	0.949463
1027	0.954834
1027	0.951416
1027	0.950317
1027	0.954712
1027	0.956421
1027	0.954224
1027	0.958374
1027	0.956299
1027	0.957031
1027	0.959595
1027	0.957642
1027	0.955078
