1470.87	0.300903
1470.87	0.312134
1470.87	0.332031
1470.87	0.330566
1470.87	0.338257
1470.87	0.348633
1470.87	0.328247
1470.87	0.3302
1470.87	0.343872
1470.87	0.352051
1470.87	0.362549
1470.87	0.355591
1470.87	0.362061
1470.87	0.371338
1470.87	0.366943
1470.87	0.365234
1470.87	0.3573
1470.87	0.359253
1470.87	0.361328
1470.87	0.370483
1470.87	0.361816
1470.87	0.359253
1470.87	0.347656
1470.87	0.334106
1470.87	0.338379
1470.87	0.334473
1470.87	0.337891
1470.87	0.332153
1470.87	0.315552
1470.87	0.305908
1470.87	0.310303
1470.87	0.311279
1470.87	0.292236
1470.87	0.295166
1470.87	0.284912
1470.87	0.286621
1470.87	0.278931
1470.87	0.288452
1470.87	0.288086
1470.87	0.282593
1470.87	0.282104
1470.87	0.294434
1470.87	0.285278
1470.87	0.278687
1470.87	0.28479
1470.87	0.276733
1470.87	0.272095
1470.87	0.265503
1470.87	0.271729
1470.87	0.273926
1470.87	0.275024
1470.87	0.271484
1470.87	0.250244
1470.87	0.247314
1470.87	0.234985
1470.87	0.227783
1470.87	0.212524
1470.87	0.203857
1470.87	0.192017
1470.87	0.192871
1470.87	0.195801
1470.87	0.184692
1470.87	0.17688
1470.87	0.172974
1470.87	0.186157
1470.87	0.18689
1470.87	0.198608
1470.87	0.191895
1470.87	0.190552
1470.87	0.202515
1470.87	0.206299
1470.87	0.21167
1470.87	0.210693
1470.87	0.19873
1470.87	0.187134
1470.87	0.184814
1470.87	0.187744
1470.87	0.182983
1470.87	0.178467
1470.87	0.17041
1470.87	0.167969
1470.87	0.161621
1470.87	0.168335
1470.87	0.179321
1470.87	0.161011
1470.87	0.146973
1470.87	0.152588
1470.87	0.150757
1470.87	0.15686
1470.87	0.144043
1470.87	0.149048
1470.87	0.141357
1470.87	0.127197
1470.87	0.121826
1470.87	0.133301
1470.87	0.134644
1470.87	0.140747
1470.87	0.140503
1470.87	0.130493
1470.87	0.118042
1470.87	0.126221
1470.87	0.12085
1470.87	0.0986328
1470.87	0.0916748
1470.87	0.0895996
1470.87	0.0852051
1470.87	0.0819092
1470.87	0.0661621
1470.87	0.0692139
1470.87	0.0662842
1470.87	0.0567627
1470.87	0.0499268
1470.87	0.0438232
1470.87	0.0330811
1470.87	0.0345459
1470.87	0.0263672
1470.87	0.03125
1470.87	0.0164795
1470.87	0.0306396
1470.87	0.0224609
1470.87	0.019165
1470.87	0.0144043
1470.87	0.0129395
1470.87	0.00915527
1470.87	-0.0135498
1470.87	-0.0137939
1470.87	-0.0294189
1470.87	-0.0275879
1470.87	-0.00891113
1470.87	-0.0146484
1470.87	-0.0201416
1470.87	-0.0141602
1470.87	-0.0155029
1470.87	-0.0300293
1470.87	-0.0303955
1470.87	-0.0300293
1470.87	-0.0375977
1470.87	-0.0444336
1470.87	-0.0407715
1470.87	-0.0479736
1470.87	-0.0446777
1470.87	-0.0391846
1470.87	-0.036377
1470.87	-0.0289307
1470.87	-0.0222168
1470.87	-0.034668
1470.87	-0.0601807
1470.87	-0.0631104
1470.87	-0.0738525
1470.87	-0.0751953
1470.87	-0.0715332
1470.87	-0.0687256
1470.87	-0.0672607
1470.87	-0.0718994
1470.87	-0.0675049
1470.87	-0.0837402
1470.87	-0.0654297
1470.87	-0.0540771
1470.87	-0.0540771
1470.87	-0.0600586
1470.87	-0.0706787
1470.87	-0.0749512
1470.87	-0.0788574
1470.87	-0.05896
1470.87	-0.0375977
1470.87	-0.0427246
1470.87	-0.0611572
1470.87	-0.0715332
1470.87	-0.0698242
1470.87	-0.0532227
1470.87	-0.0432129
1470.87	-0.0472412
1470.87	-0.0549316
1470.87	-0.0455322
1470.87	-0.0358887
1470.87	-0.0401611
1470.87	-0.034668
1470.87	-0.043335
1470.87	-0.0489502
1470.87	-0.0609131
1470.87	-0.0544434
1470.87	-0.0461426
1470.87	-0.0435791
1470.87	-0.0430908
1470.87	-0.0296631
1470.87	-0.0321045
1470.87	-0.0397949
1470.87	-0.0505371
1470.87	-0.0446777
1470.87	-0.0556641
1470.87	-0.0401611
1470.87	-0.0305176
1470.87	-0.0516357
1470.87	-0.050415
1470.87	-0.059082
1470.87	-0.0559082
1470.87	-0.0592041
1470.87	-0.0524902
1470.87	-0.0554199
1470.87	-0.0679932
