1418.65	0.345215
1418.65	0.355713
1418.65	0.356445
1418.65	0.354126
1418.65	0.366211
1418.65	0.36377
1418.65	0.356812
1418.65	0.342407
1418.65	0.340576
1418.65	0.344116
1418.65	0.349731
1418.65	0.341431
1418.65	0.336548
1418.65	0.326782
1418.65	0.323975
1418.65	0.32312
1418.65	0.321777
1418.65	0.3302
1418.65	0.339844
1418.65	0.350098
1418.65	0.351807
1418.65	0.357544
1418.65	0.352539
1418.65	0.344604
1418.65	0.351929
1418.65	0.345215
1418.65	0.329956
1418.65	0.325562
1418.65	0.322754
1418.65	0.329468
1418.65	0.334351
1418.65	0.326904
1418.65	0.327393
1418.65	0.32605
1418.65	0.339233
1418.65	0.332397
1418.65	0.327026
1418.65	0.315918
1418.65	0.307373
1418.65	0.310059
1418.65	0.31665
1418.65	0.313843
1418.65	0.315796
1418.65	0.310181
1418.65	0.309326
1418.65	0.313354
1418.65	0.317505
1418.65	0.321533
1418.65	0.314331
1418.65	0.307739
1418.65	0.308105
1418.65	0.308105
1418.65	0.313477
1418.65	0.313599
1418.65	0.314331
1418.65	0.306396
1418.65	0.296509
1418.65	0.284424
1418.65	0.299683
1418.65	0.290894
1418.65	0.291382
1418.65	0.282837
1418.65	0.290161
1418.65	0.297852
1418.65	0.309692
1418.65	0.331055
1418.65	0.342407
1418.65	0.337158
1418.65	0.345947
1418.65	0.350464
1418.65	0.329346
1418.65	0.325439
1418.65	0.324341
1418.65	0.319214
1418.65	0.305786
1418.65	0.286255
1418.65	0.285034
1418.65	0.272949
1418.65	0.269043
1418.65	0.269043
1418.65	0.262817
1418.65	0.270752
1418.65	0.276489
1418.65	0.268677
1418.65	0.260742
1418.65	0.262573
1418.65	0.265259
1418.65	0.256714
1418.65	0.25061
1418.65	0.254761
1418.65	0.25
1418.65	0.245117
1418.65	0.229492
1418.65	0.234009
1418.65	0.233276
1418.65	0.23291
1418.65	0.24292
1418.65	0.224121
1418.65	0.220581
1418.65	0.218506
1418.65	0.228149
1418.65	0.23291
1418.65	0.234009
1418.65	0.224976
1418.65	0.240112
1418.65	0.240479
1418.65	0.240479
1418.65	0.245239
1418.65	0.232422
1418.65	0.235718
1418.65	0.239136
1418.65	0.233765
1418.65	0.240967
1418.65	0.240967
1418.65	0.239014
1418.65	0.240967
1418.65	0.231079
1418.65	0.232056
1418.65	0.221924
1418.65	0.22522
1418.65	0.20874
1418.65	0.227051
1418.65	0.233887
1418.65	0.225342
1418.65	0.232056
1418.65	0.218262
1418.65	0.21167
1418.65	0.207886
1418.65	0.207153
1418.65	0.216309
1418.65	0.213135
1418.65	0.216797
1418.65	0.222046
1418.65	0.220825
1418.65	0.218262
1418.65	0.218018
1418.65	0.208008
1418.65	0.19873
1418.65	0.187866
1418.65	0.17334
1418.65	0.18042
1418.65	0.181641
1418.65	0.165771
1418.65	0.153198
1418.65	0.158813
1418.65	0.15686
1418.65	0.168945
1418.65	0.179321
1418.65	0.17041
1418.65	0.169189
1418.65	0.176392
1418.65	0.180176
1418.65	0.188965
1418.65	0.192627
1418.65	0.193359
1418.65	0.206543
1418.65	0.207764
1418.65	0.215576
1418.65	0.216309
1418.65	0.232178
1418.65	0.219727
1418.65	0.213501
1418.65	0.223389
1418.65	0.222412
1418.65	0.215088
1418.65	0.205444
1418.65	0.195557
1418.65	0.190918
1418.65	0.206543
1418.65	0.204102
1418.65	0.205811
1418.65	0.221802
1418.65	0.224731
1418.65	0.227661
1418.65	0.218384
1418.65	0.222168
1418.65	0.219604
1418.65	0.209351
1418.65	0.213013
1418.65	0.2229
1418.65	0.227417
1418.65	0.220825
1418.65	0.220947
1418.65	0.202759
1418.65	0.203613
1418.65	0.220215
1418.65	0.220093
1418.65	0.207153
1418.65	0.221558
1418.65	0.225586
1418.65	0.226318
1418.65	0.212891
1418.65	0.217163
1418.65	0.215576
1418.65	0.223511
1418.65	0.216187
1418.65	0.225342
1418.65	0.227051
1418.65	0.2323
1418.65	0.233887
