1427.36	0.280518
1427.36	0.298096
1427.36	0.309082
1427.36	0.296021
1427.36	0.30188
1427.36	0.310547
1427.36	0.311035
1427.36	0.311157
1427.36	0.296631
1427.36	0.280884
1427.36	0.282959
1427.36	0.282349
1427.36	0.270386
1427.36	0.264648
1427.36	0.26709
1427.36	0.263428
1427.36	0.276733
1427.36	0.280884
1427.36	0.272949
1427.36	0.268188
1427.36	0.257935
1427.36	0.25293
1427.36	0.232056
1427.36	0.247803
1427.36	0.255493
1427.36	0.251343
1427.36	0.255249
1427.36	0.245728
1427.36	0.237915
1427.36	0.246216
1427.36	0.243408
1427.36	0.264648
1427.36	0.273804
1427.36	0.287842
1427.36	0.29248
1427.36	0.293945
1427.36	0.30127
1427.36	0.307739
1427.36	0.299805
1427.36	0.288208
1427.36	0.286621
1427.36	0.30249
1427.36	0.307861
1427.36	0.292847
1427.36	0.277588
1427.36	0.282715
1427.36	0.27417
1427.36	0.26123
1427.36	0.267822
1427.36	0.270508
1427.36	0.264282
1427.36	0.270142
1427.36	0.273315
1427.36	0.266846
1427.36	0.277832
1427.36	0.2771
1427.36	0.259644
1427.36	0.268921
1427.36	0.268433
1427.36	0.279419
1427.36	0.268921
1427.36	0.266968
1427.36	0.241577
1427.36	0.227783
1427.36	0.255493
1427.36	0.235474
1427.36	0.238403
1427.36	0.225098
1427.36	0.236694
1427.36	0.244385
1427.36	0.234619
1427.36	0.239746
1427.36	0.243286
1427.36	0.244385
1427.36	0.238281
1427.36	0.23645
1427.36	0.251587
1427.36	0.254028
1427.36	0.240112
1427.36	0.226196
1427.36	0.230469
1427.36	0.231445
1427.36	0.226807
1427.36	0.214111
1427.36	0.215942
1427.36	0.225098
1427.36	0.223145
1427.36	0.218262
1427.36	0.211426
1427.36	0.214233
1427.36	0.22229
1427.36	0.198853
1427.36	0.207764
1427.36	0.211182
1427.36	0.201172
1427.36	0.197266
1427.36	0.204102
1427.36	0.19104
1427.36	0.185669
1427.36	0.187866
1427.36	0.192627
1427.36	0.181274
1427.36	0.186401
1427.36	0.1875
1427.36	0.198975
1427.36	0.1875
1427.36	0.181274
1427.36	0.192139
1427.36	0.176025
1427.36	0.183105
1427.36	0.190918
1427.36	0.194702
1427.36	0.190063
1427.36	0.187622
1427.36	0.175537
1427.36	0.18042
1427.36	0.178955
1427.36	0.168823
1427.36	0.177368
1427.36	0.164917
1427.36	0.155518
1427.36	0.146362
1427.36	0.144409
1427.36	0.164307
1427.36	0.150635
1427.36	0.141357
1427.36	0.14209
1427.36	0.138062
1427.36	0.145874
1427.36	0.151611
1427.36	0.146606
1427.36	0.147461
1427.36	0.139404
1427.36	0.149658
1427.36	0.146606
1427.36	0.1427
1427.36	0.149902
1427.36	0.157471
1427.36	0.161743
1427.36	0.170654
1427.36	0.188721
1427.36	0.197876
1427.36	0.178711
1427.36	0.181274
1427.36	0.17981
1427.36	0.202271
1427.36	0.214233
1427.36	0.200562
1427.36	0.209106
1427.36	0.214966
1427.36	0.205688
1427.36	0.197998
1427.36	0.196533
1427.36	0.20752
1427.36	0.202271
1427.36	0.206299
1427.36	0.2052
1427.36	0.192627
1427.36	0.18335
1427.36	0.182495
1427.36	0.194336
1427.36	0.191772
1427.36	0.181641
1427.36	0.1604
1427.36	0.157471
1427.36	0.159546
1427.36	0.148071
1427.36	0.143188
1427.36	0.140015
1427.36	0.136353
1427.36	0.139404
1427.36	0.161133
1427.36	0.160522
1427.36	0.148682
1427.36	0.150269
1427.36	0.159668
1427.36	0.158569
1427.36	0.161377
1427.36	0.158691
1427.36	0.150024
1427.36	0.155151
1427.36	0.154663
1427.36	0.15332
1427.36	0.14856
1427.36	0.144287
1427.36	0.140869
1427.36	0.129639
1427.36	0.133545
1427.36	0.145996
1427.36	0.142212
1427.36	0.137817
1427.36	0.136597
1427.36	0.13269
1427.36	0.13501
1427.36	0.130737
1427.36	0.134644
1427.36	0.137939
1427.36	0.136475
1427.36	0.129395
1427.36	0.128784
