983.483	0.334229
983.483	0.396973
983.483	0.452637
983.483	0.5
983.483	0.541626
983.483	0.579834
983.483	0.613403
983.483	0.64624
983.483	0.66626
983.483	0.687134
983.483	0.707275
983.483	0.728394
983.483	0.742432
983.483	0.752441
983.483	0.764771
983.483	0.782715
983.483	0.793701
983.483	0.806885
983.483	0.824463
983.483	0.838135
983.483	0.842285
983.483	0.846802
983.483	0.854126
983.483	0.855225
983.483	0.865845
983.483	0.879517
983.483	0.886963
983.483	0.891113
983.483	0.893677
983.483	0.89978
983.483	0.907227
983.483	0.913818
983.483	0.918701
983.483	0.923218
983.483	0.92627
983.483	0.929321
983.483	0.932495
983.483	0.935181
983.483	0.934814
983.483	0.939087
983.483	0.94458
983.483	0.948364
983.483	0.951294
983.483	0.954224
983.483	0.958862
983.483	0.958496
983.483	0.965088
983.483	0.967163
983.483	0.969849
983.483	0.966187
983.483	0.96521
983.483	0.964966
983.483	0.968018
983.483	0.968628
983.483	0.965454
983.483	0.961914
983.483	0.964355
983.483	0.962769
983.483	0.963989
983.483	0.969238
983.483	0.967285
983.483	0.968018
983.483	0.96814
983.483	0.968384
983.483	0.964966
983.483	0.966309
983.483	0.96582
983.483	0.966064
983.483	0.969238
983.483	0.965454
983.483	0.9646
983.483	0.965576
983.483	0.964844
983.483	0.965942
983.483	0.964966
983.483	0.961182
983.483	0.963379
983.483	0.967773
983.483	0.968384
983.483	0.971924
983.483	0.971313
983.483	0.970215
983.483	0.970215
983.483	0.971191
983.483	0.971069
983.483	0.967041
983.483	0.968628
983.483	0.967041
983.483	0.965576
983.483	0.965576
983.483	0.967285
983.483	0.969727
983.483	0.972168
983.483	0.972412
983.483	0.976562
983.483	0.9729
983.483	0.970703
983.483	0.969116
983.483	0.969238
983.483	0.970215
983.483	0.973389
983.483	0.968628
983.483	0.970825
983.483	0.968628
983.483	0.969238
983.483	0.968872
983.483	0.971069
983.483	0.976196
983.483	0.97229
983.483	0.971069
983.483	0.97644
983.483	0.971313
983.483	0.972412
983.483	0.972168
983.483	0.97168
983.483	0.972168
983.483	0.973267
983.483	0.972656
983.483	0.973389
983.483	0.970215
983.483	0.96875
983.483	0.968994
983.483	0.973633
983.483	0.975708
983.483	0.973267
983.483	0.972168
983.483	0.971924
983.483	0.969727
983.483	0.972656
983.483	0.970093
983.483	0.970215
983.483	0.969116
983.483	0.972534
983.483	0.974487
983.483	0.973267
983.483	0.972778
983.483	0.969604
983.483	0.969727
983.483	0.970947
983.483	0.96875
983.483	0.969604
983.483	0.96875
983.483	0.969482
983.483	0.968506
983.483	0.971436
983.483	0.97168
983.483	0.972534
983.483	0.973267
983.483	0.971069
983.483	0.968384
983.483	0.970215
983.483	0.967285
983.483	0.969482
983.483	0.970947
983.483	0.969971
983.483	0.973145
983.483	0.970337
983.483	0.969727
983.483	0.970825
983.483	0.971436
983.483	0.969116
983.483	0.971558
983.483	0.972534
983.483	0.970947
983.483	0.969604
983.483	0.968628
983.483	0.971069
983.483	0.969604
983.483	0.971924
983.483	0.974609
983.483	0.969849
983.483	0.969849
983.483	0.970093
983.483	0.969727
983.483	0.969849
983.483	0.970093
983.483	0.974243
983.483	0.975098
983.483	0.973022
983.483	0.971558
983.483	0.969482
983.483	0.967651
983.483	0.968506
983.483	0.969604
983.483	0.971924
983.483	0.970093
983.483	0.96814
983.483	0.973511
983.483	0.971924
983.483	0.969849
983.483	0.97168
983.483	0.972168
983.483	0.971802
983.483	0.971558
983.483	0.968872
983.483	0.972412
983.483	0.969971
983.483	0.968872
983.483	0.971191
983.483	0.974609
