1505.69	0.288452
1505.69	0.270874
1505.69	0.256592
1505.69	0.258057
1505.69	0.270874
1505.69	0.28479
1505.69	0.276489
1505.69	0.285278
1505.69	0.275513
1505.69	0.269775
1505.69	0.260986
1505.69	0.253906
1505.69	0.25415
1505.69	0.2677
1505.69	0.246216
1505.69	0.228516
1505.69	0.235474
1505.69	0.230225
1505.69	0.223755
1505.69	0.218018
1505.69	0.2146
1505.69	0.210327
1505.69	0.216675
1505.69	0.211792
1505.69	0.197998
1505.69	0.19751
1505.69	0.19751
1505.69	0.195435
1505.69	0.185913
1505.69	0.180908
1505.69	0.186157
1505.69	0.189087
1505.69	0.182129
1505.69	0.178101
1505.69	0.182129
1505.69	0.175415
1505.69	0.175903
1505.69	0.171753
1505.69	0.183838
1505.69	0.164795
1505.69	0.172363
1505.69	0.162109
1505.69	0.157837
1505.69	0.165771
1505.69	0.159668
1505.69	0.167847
1505.69	0.165039
1505.69	0.170044
1505.69	0.173096
1505.69	0.169556
1505.69	0.16748
1505.69	0.177002
1505.69	0.172607
1505.69	0.181152
1505.69	0.180908
1505.69	0.184326
1505.69	0.178711
1505.69	0.184326
1505.69	0.200439
1505.69	0.185791
1505.69	0.176025
1505.69	0.168213
1505.69	0.180176
1505.69	0.165527
1505.69	0.16333
1505.69	0.155151
1505.69	0.149292
1505.69	0.159912
1505.69	0.150269
1505.69	0.152588
1505.69	0.129272
1505.69	0.135376
1505.69	0.137573
1505.69	0.125366
1505.69	0.112793
1505.69	0.106201
1505.69	0.112671
1505.69	0.0992432
1505.69	0.0969238
1505.69	0.101685
1505.69	0.0909424
1505.69	0.0915527
1505.69	0.0819092
1505.69	0.0727539
1505.69	0.0664062
1505.69	0.0643311
1505.69	0.0723877
1505.69	0.0638428
1505.69	0.0603027
1505.69	0.0544434
1505.69	0.0404053
1505.69	0.0543213
1505.69	0.0511475
1505.69	0.0426025
1505.69	0.0405273
1505.69	0.0489502
1505.69	0.0438232
1505.69	0.0413818
1505.69	0.0424805
1505.69	0.0563965
1505.69	0.0693359
1505.69	0.0609131
1505.69	0.0444336
1505.69	0.0307617
1505.69	0.0296631
1505.69	0.0313721
1505.69	0.0170898
1505.69	0.03479
1505.69	0.0332031
1505.69	0.0330811
1505.69	0.0351562
1505.69	0.0227051
1505.69	0.0196533
1505.69	0.0185547
1505.69	0.0216064
1505.69	0.0142822
1505.69	0.00402832
1505.69	0.00402832
1505.69	-0.00622559
1505.69	-0.00708008
1505.69	0.00134277
1505.69	-0.00561523
1505.69	-0.0012207
1505.69	0.00927734
1505.69	0.00915527
1505.69	0.0223389
1505.69	0.0246582
1505.69	0.0264893
1505.69	0.0360107
1505.69	0.0361328
1505.69	0.0267334
1505.69	0.0335693
1505.69	0.0313721
1505.69	0.024292
1505.69	0.0289307
1505.69	0.0355225
1505.69	0.0447998
1505.69	0.0490723
1505.69	0.050293
1505.69	0.0539551
1505.69	0.0404053
1505.69	0.0250244
1505.69	0.019043
1505.69	0.00866699
1505.69	0.0161133
1505.69	0.0212402
1505.69	0.0137939
1505.69	0.0319824
1505.69	0.0311279
1505.69	0.0181885
1505.69	0.00939941
1505.69	0.00927734
1505.69	0.0206299
1505.69	0.0227051
1505.69	0.0244141
1505.69	0.0128174
1505.69	0.019165
1505.69	0.0247803
1505.69	0.0303955
1505.69	0.0291748
1505.69	0.0316162
1505.69	0.0418701
1505.69	0.0537109
1505.69	0.0505371
1505.69	0.0465088
1505.69	0.0432129
1505.69	0.0495605
1505.69	0.0297852
1505.69	0.0388184
1505.69	0.0479736
1505.69	0.0511475
1505.69	0.0587158
1505.69	0.0443115
1505.69	0.0477295
1505.69	0.0524902
1505.69	0.0651855
1505.69	0.0710449
1505.69	0.072876
1505.69	0.0540771
1505.69	0.0611572
1505.69	0.0645752
1505.69	0.0726318
1505.69	0.0490723
1505.69	0.0388184
1505.69	0.0500488
1505.69	0.0483398
1505.69	0.0368652
1505.69	0.0440674
1505.69	0.0522461
1505.69	0.065918
1505.69	0.0804443
1505.69	0.0859375
1505.69	0.072876
1505.69	0.076416
1505.69	0.072876
1505.69	0.0734863
1505.69	0.0633545
1505.69	0.057373
1505.69	0.0465088
1505.69	0.0599365
