1610.13	0.284424
1610.13	0.271851
1610.13	0.275879
1610.13	0.256958
1610.13	0.238525
1610.13	0.232788
1610.13	0.226196
1610.13	0.210205
1610.13	0.195435
1610.13	0.174316
1610.13	0.137085
1610.13	0.118164
1610.13	0.124268
1610.13	0.129639
1610.13	0.131958
1610.13	0.109497
1610.13	0.114624
1610.13	0.112061
1610.13	0.101196
1610.13	0.0942383
1610.13	0.0947266
1610.13	0.0670166
1610.13	0.0452881
1610.13	0.0533447
1610.13	0.0570068
1610.13	0.0640869
1610.13	0.0610352
1610.13	0.0656738
1610.13	0.0559082
1610.13	0.0615234
1610.13	0.0501709
1610.13	0.026001
1610.13	0.0239258
1610.13	0.0141602
1610.13	0.0148926
1610.13	0.0244141
1610.13	0.0313721
1610.13	0.0202637
1610.13	0.0270996
1610.13	0.0328369
1610.13	0.0322266
1610.13	0.0240479
1610.13	0.0109863
1610.13	0.0216064
1610.13	0.00524902
1610.13	-0.00170898
1610.13	0.00146484
1610.13	0.00341797
1610.13	-0.00195312
1610.13	0.0115967
1610.13	0.000244141
1610.13	0.00891113
1610.13	0.0134277
1610.13	0.0140381
1610.13	0.0057373
1610.13	0.00305176
1610.13	0.0065918
1610.13	0.0113525
1610.13	0.0158691
1610.13	0.0112305
1610.13	0.0168457
1610.13	0.0216064
1610.13	0.0223389
1610.13	0.0126953
1610.13	0.0321045
1610.13	0.050293
1610.13	0.0686035
1610.13	0.0791016
1610.13	0.0811768
1610.13	0.0979004
1610.13	0.0877686
1610.13	0.0653076
1610.13	0.0467529
1610.13	0.0601807
1610.13	0.0592041
1610.13	0.0649414
1610.13	0.0478516
1610.13	0.0454102
1610.13	0.0593262
1610.13	0.0544434
1610.13	0.0546875
1610.13	0.0483398
1610.13	0.0605469
1610.13	0.0545654
1610.13	0.0509033
1610.13	0.0561523
1610.13	0.036377
1610.13	0.0393066
1610.13	0.0413818
1610.13	0.0362549
1610.13	0.0496826
1610.13	0.0471191
1610.13	0.0366211
1610.13	0.0198975
1610.13	0.00964355
1610.13	-0.00439453
1610.13	0.00634766
1610.13	-0.0032959
1610.13	-0.00195312
1610.13	0.0148926
1610.13	0.0318604
1610.13	0.0289307
1610.13	0.0385742
1610.13	0.0338135
1610.13	0.0325928
1610.13	0.0360107
1610.13	0.050415
1610.13	0.0357666
1610.13	0.0236816
1610.13	0.0269775
1610.13	0.0161133
1610.13	0.0136719
1610.13	-0.00683594
1610.13	-0.00170898
1610.13	-0.00769043
1610.13	-0.013916
1610.13	-0.0169678
1610.13	-0.00683594
1610.13	0.00646973
1610.13	0.0140381
1610.13	0.00231934
1610.13	0.0098877
1610.13	-0.00183105
1610.13	-0.0118408
1610.13	-0.0147705
1610.13	-0.0181885
1610.13	-0.0181885
1610.13	-0.00280762
1610.13	-0.0032959
1610.13	0.00549316
1610.13	0.0201416
1610.13	0.0148926
1610.13	0.00158691
1610.13	0.0151367
1610.13	0.00488281
1610.13	0.0134277
1610.13	0.015625
1610.13	0.012207
1610.13	0.0257568
1610.13	0.0172119
1610.13	0.0240479
1610.13	0.0241699
1610.13	0.0252686
1610.13	0.0219727
1610.13	0.0183105
1610.13	0.0240479
1610.13	0.0184326
1610.13	0.0351562
1610.13	0.0435791
1610.13	0.0369873
1610.13	0.0334473
1610.13	0.0211182
1610.13	0.0100098
1610.13	0.0161133
1610.13	0.0253906
1610.13	0.0212402
1610.13	0.0155029
1610.13	0.0137939
1610.13	0.00463867
1610.13	-0.00219727
1610.13	-0.010376
1610.13	-0.00354004
1610.13	-0.00012207
1610.13	0.00378418
1610.13	-0.0134277
1610.13	0.0119629
1610.13	0.0107422
1610.13	0.00488281
1610.13	0.0161133
1610.13	0.00756836
1610.13	0.0250244
1610.13	0.0268555
1610.13	0.0114746
1610.13	0.0196533
1610.13	0.032959
1610.13	0.029541
1610.13	0.019043
1610.13	0.0144043
1610.13	0.0181885
1610.13	0.0195312
1610.13	0.00817871
1610.13	0.0262451
1610.13	0.0164795
1610.13	0.00366211
1610.13	-0.00183105
1610.13	-0.0012207
1610.13	0.0142822
1610.13	0.0195312
1610.13	0.00964355
1610.13	0.0045166
1610.13	0.0107422
1610.13	0.00476074
1610.13	0.0172119
1610.13	0.00231934
1610.13	0.00402832
1610.13	0.00292969
1610.13	-0.00439453
1610.13	-0.00134277
1610.13	-0.00366211
1610.13	0.00927734
