1723.27	0.285767
1723.27	0.262695
1723.27	0.252075
1723.27	0.227051
1723.27	0.209961
1723.27	0.172485
1723.27	0.163086
1723.27	0.134644
1723.27	0.143188
1723.27	0.134644
1723.27	0.130249
1723.27	0.107666
1723.27	0.095459
1723.27	0.0789795
1723.27	0.0635986
1723.27	0.0527344
1723.27	0.0422363
1723.27	0.038208
1723.27	0.0393066
1723.27	0.0441895
1723.27	0.020752
1723.27	0.0167236
1723.27	0.0135498
1723.27	-0.00305176
1723.27	0.00292969
1723.27	0.0107422
1723.27	0.0196533
1723.27	0.0366211
1723.27	0.0462646
1723.27	0.0474854
1723.27	0.039917
1723.27	0.0224609
1723.27	0.010376
1723.27	0.0124512
1723.27	0.0159912
1723.27	0.0192871
1723.27	0.0145264
1723.27	0.00524902
1723.27	0.0130615
1723.27	-0.00439453
1723.27	-0.00341797
1723.27	0.00183105
1723.27	0.0235596
1723.27	0.022583
1723.27	0.0102539
1723.27	0.00708008
1723.27	0.00805664
1723.27	0.00390625
1723.27	0.010498
1723.27	0.000366211
1723.27	-0.0108643
1723.27	-0.0280762
1723.27	-0.010376
1723.27	-0.0178223
1723.27	-0.0350342
1723.27	-0.0124512
1723.27	-0.0247803
1723.27	-0.0194092
1723.27	-0.036499
1723.27	-0.0493164
1723.27	-0.0515137
1723.27	-0.0484619
1723.27	-0.0432129
1723.27	-0.0333252
1723.27	-0.0223389
1723.27	-0.00598145
1723.27	-0.0169678
1723.27	-0.0206299
1723.27	-0.0146484
1723.27	-0.0209961
1723.27	0.00537109
1723.27	0.0155029
1723.27	0.020752
1723.27	0.017334
1723.27	0.0168457
1723.27	0.0321045
1723.27	0.0200195
1723.27	0.0245361
1723.27	0.0137939
1723.27	0.00012207
1723.27	-0.0134277
1723.27	0.0112305
1723.27	-0.00695801
1723.27	-0.0057373
1723.27	0.00463867
1723.27	0.00476074
1723.27	0.0144043
1723.27	0.00720215
1723.27	0.0285645
1723.27	0.0328369
1723.27	0.0147705
1723.27	0.0177002
1723.27	0.013916
1723.27	0.0142822
1723.27	0.00854492
1723.27	0.0126953
1723.27	0
1723.27	0.00683594
1723.27	0.0119629
1723.27	-0.00878906
1723.27	-0.0129395
1723.27	-0.0123291
1723.27	-0.0146484
1723.27	-0.0032959
1723.27	-0.00744629
1723.27	0.00305176
1723.27	-0.0065918
1723.27	-0.0164795
1723.27	-0.0185547
1723.27	-0.0183105
1723.27	-0.000366211
1723.27	0.00109863
1723.27	0.0166016
1723.27	0.0109863
1723.27	0.00915527
1723.27	-0.000610352
1723.27	0.00280762
1723.27	-0.0135498
1723.27	-0.0361328
1723.27	-0.0445557
1723.27	-0.0401611
1723.27	-0.032959
1723.27	-0.0203857
1723.27	-0.0159912
1723.27	-0.0212402
1723.27	-0.0164795
1723.27	-0.0192871
1723.27	-0.02771
1723.27	-0.0321045
1723.27	-0.0245361
1723.27	-0.0408936
1723.27	-0.0158691
1723.27	-0.0130615
1723.27	-0.0258789
1723.27	-0.0288086
1723.27	-0.0419922
1723.27	-0.0418701
1723.27	-0.0256348
1723.27	-0.0090332
1723.27	-0.0268555
1723.27	-0.0253906
1723.27	-0.0357666
1723.27	-0.0379639
1723.27	-0.0192871
1723.27	-0.019165
1723.27	-0.0201416
1723.27	-0.0107422
1723.27	-0.0151367
1723.27	-0.00415039
1723.27	-0.00695801
1723.27	-0.00415039
1723.27	0.012085
1723.27	0.0230713
1723.27	0.013916
1723.27	0.0181885
1723.27	0.0100098
1723.27	-0.00366211
1723.27	0.0129395
1723.27	0.0235596
1723.27	0.026001
1723.27	0.020752
1723.27	0.0266113
1723.27	0.036377
1723.27	0.0424805
1723.27	0.0552979
1723.27	0.0668945
1723.27	0.0769043
1723.27	0.0529785
1723.27	0.0372314
1723.27	0.0115967
1723.27	-0.0106201
1723.27	-0.00598145
1723.27	-0.00354004
1723.27	0.0150146
1723.27	-0.00585938
1723.27	-0.0106201
1723.27	-0.00183105
1723.27	-0.00695801
1723.27	-0.00524902
1723.27	-0.00415039
1723.27	-0.00952148
1723.27	-0.0124512
1723.27	-0.00976562
1723.27	0.0155029
1723.27	0.0118408
1723.27	0.022583
1723.27	0.0220947
1723.27	0.0289307
1723.27	0.0286865
1723.27	0.0245361
1723.27	0.0227051
1723.27	0.03479
1723.27	0.0552979
1723.27	0.0577393
1723.27	0.060791
1723.27	0.0736084
1723.27	0.09375
1723.27	0.0758057
1723.27	0.0532227
1723.27	0.0449219
