1288.1	0.312256
1288.1	0.341309
1288.1	0.361816
1288.1	0.377197
1288.1	0.393311
1288.1	0.39624
1288.1	0.418579
1288.1	0.413208
1288.1	0.420044
1288.1	0.427612
1288.1	0.448608
1288.1	0.440918
1288.1	0.45105
1288.1	0.458496
1288.1	0.467163
1288.1	0.473145
1288.1	0.471558
1288.1	0.475464
1288.1	0.486572
1288.1	0.490967
1288.1	0.496582
1288.1	0.501099
1288.1	0.498901
1288.1	0.49707
1288.1	0.503296
1288.1	0.512695
1288.1	0.52002
1288.1	0.512695
1288.1	0.516968
1288.1	0.519287
1288.1	0.528931
1288.1	0.527222
1288.1	0.537964
1288.1	0.54248
1288.1	0.54248
1288.1	0.54187
1288.1	0.54541
1288.1	0.545044
1288.1	0.553467
1288.1	0.550415
1288.1	0.554321
1288.1	0.563599
1288.1	0.567383
1288.1	0.573853
1288.1	0.580688
1288.1	0.579346
1288.1	0.56665
1288.1	0.569336
1288.1	0.572998
1288.1	0.584106
1288.1	0.571045
1288.1	0.575317
1288.1	0.580566
1288.1	0.577026
1288.1	0.588135
1288.1	0.590088
1288.1	0.597412
1288.1	0.601562
1288.1	0.596924
1288.1	0.590576
1288.1	0.602295
1288.1	0.60376
1288.1	0.611084
1288.1	0.62085
1288.1	0.624512
1288.1	0.621826
1288.1	0.627197
1288.1	0.624023
1288.1	0.630371
1288.1	0.63916
1288.1	0.648071
1288.1	0.65271
1288.1	0.64856
1288.1	0.642822
1288.1	0.649048
1288.1	0.656128
1288.1	0.653076
1288.1	0.656982
1288.1	0.65564
1288.1	0.662476
1288.1	0.664551
1288.1	0.674316
1288.1	0.674194
1288.1	0.673584
1288.1	0.657715
1288.1	0.663574
1288.1	0.664062
1288.1	0.658325
1288.1	0.664551
1288.1	0.664307
1288.1	0.677856
1288.1	0.676514
1288.1	0.674316
1288.1	0.678467
1288.1	0.677246
1288.1	0.684082
1288.1	0.684448
1288.1	0.677734
1288.1	0.689575
1288.1	0.682495
1288.1	0.690796
1288.1	0.689453
1288.1	0.675781
1288.1	0.668335
1288.1	0.675049
1288.1	0.676025
1288.1	0.680298
1288.1	0.679199
1288.1	0.669434
1288.1	0.670532
1288.1	0.672485
1288.1	0.674438
1288.1	0.684692
1288.1	0.682739
1288.1	0.693237
1288.1	0.699951
1288.1	0.695557
1288.1	0.697998
1288.1	0.687744
1288.1	0.699341
1288.1	0.706055
1288.1	0.707642
1288.1	0.709473
1288.1	0.707031
1288.1	0.707642
1288.1	0.713257
1288.1	0.709961
1288.1	0.712769
1288.1	0.71228
1288.1	0.722046
1288.1	0.723877
1288.1	0.724609
1288.1	0.728516
1288.1	0.742798
1288.1	0.739502
1288.1	0.738403
1288.1	0.734375
1288.1	0.732788
1288.1	0.732666
1288.1	0.726807
1288.1	0.726929
1288.1	0.728271
1288.1	0.731201
1288.1	0.737183
1288.1	0.734863
1288.1	0.741333
1288.1	0.740601
1288.1	0.735352
1288.1	0.729736
1288.1	0.72583
1288.1	0.718872
1288.1	0.721191
1288.1	0.716431
1288.1	0.721191
1288.1	0.730347
1288.1	0.740234
1288.1	0.725342
1288.1	0.727051
1288.1	0.725464
1288.1	0.727905
1288.1	0.730713
1288.1	0.728027
1288.1	0.729248
1288.1	0.737305
1288.1	0.743042
1288.1	0.748901
1288.1	0.749634
1288.1	0.746094
1288.1	0.747559
1288.1	0.747314
1288.1	0.758179
1288.1	0.750854
1288.1	0.753418
1288.1	0.744263
1288.1	0.749146
1288.1	0.751709
1288.1	0.752075
1288.1	0.745483
1288.1	0.744629
1288.1	0.753418
1288.1	0.755615
1288.1	0.748291
1288.1	0.746094
1288.1	0.747559
1288.1	0.748413
1288.1	0.749756
1288.1	0.756104
1288.1	0.765381
1288.1	0.778564
1288.1	0.771484
1288.1	0.776611
1288.1	0.765015
1288.1	0.763794
1288.1	0.763306
1288.1	0.764038
1288.1	0.760986
1288.1	0.763184
1288.1	0.754028
1288.1	0.750854
1288.1	0.753174
