1244.58	0.311157
1244.58	0.338867
1244.58	0.371338
1244.58	0.396362
1244.58	0.411377
1244.58	0.428101
1244.58	0.451782
1244.58	0.457642
1244.58	0.464722
1244.58	0.477051
1244.58	0.489258
1244.58	0.497437
1244.58	0.499512
1244.58	0.497681
1244.58	0.505615
1244.58	0.510986
1244.58	0.513428
1244.58	0.522949
1244.58	0.528687
1244.58	0.535645
1244.58	0.549072
1244.58	0.558594
1244.58	0.565796
1244.58	0.574097
1244.58	0.586914
1244.58	0.586426
1244.58	0.580322
1244.58	0.590332
1244.58	0.598389
1244.58	0.600952
1244.58	0.611328
1244.58	0.611206
1244.58	0.607544
1244.58	0.618774
1244.58	0.621094
1244.58	0.633179
1244.58	0.63501
1244.58	0.633301
1244.58	0.633179
1244.58	0.628174
1244.58	0.636597
1244.58	0.639648
1244.58	0.63623
1244.58	0.633423
1244.58	0.630615
1244.58	0.633423
1244.58	0.630371
1244.58	0.645752
1244.58	0.65332
1244.58	0.653809
1244.58	0.654419
1244.58	0.668945
1244.58	0.675781
1244.58	0.67395
1244.58	0.681641
1244.58	0.688843
1244.58	0.692627
1244.58	0.690674
1244.58	0.684448
1244.58	0.680908
1244.58	0.685425
1244.58	0.687256
1244.58	0.691895
1244.58	0.692261
1244.58	0.698975
1244.58	0.689941
1244.58	0.696167
1244.58	0.704224
1244.58	0.70813
1244.58	0.704102
1244.58	0.705078
1244.58	0.714966
1244.58	0.729126
1244.58	0.727905
1244.58	0.727417
1244.58	0.735596
1244.58	0.737427
1244.58	0.736938
1244.58	0.73584
1244.58	0.729004
1244.58	0.731567
1244.58	0.726929
1244.58	0.718384
1244.58	0.721313
1244.58	0.726318
1244.58	0.730347
1244.58	0.729248
1244.58	0.721313
1244.58	0.719116
1244.58	0.720093
1244.58	0.721436
1244.58	0.726929
1244.58	0.730103
1244.58	0.739624
1244.58	0.747437
1244.58	0.745728
1244.58	0.744629
1244.58	0.750244
1244.58	0.745361
1244.58	0.752441
1244.58	0.755249
1244.58	0.758301
1244.58	0.758179
1244.58	0.759399
1244.58	0.757324
1244.58	0.756104
1244.58	0.752319
1244.58	0.756592
1244.58	0.764893
1244.58	0.766479
1244.58	0.771362
1244.58	0.765381
1244.58	0.770264
1244.58	0.771362
1244.58	0.769409
1244.58	0.771484
1244.58	0.768921
1244.58	0.767822
1244.58	0.756714
1244.58	0.755615
1244.58	0.750732
1244.58	0.75354
1244.58	0.766602
1244.58	0.770264
1244.58	0.760864
1244.58	0.757202
1244.58	0.762085
1244.58	0.76001
1244.58	0.75647
1244.58	0.75769
1244.58	0.761108
1244.58	0.762817
1244.58	0.772949
1244.58	0.771606
1244.58	0.778809
1244.58	0.785278
1244.58	0.783691
1244.58	0.785522
1244.58	0.784424
1244.58	0.783813
1244.58	0.792114
1244.58	0.7948
1244.58	0.794067
1244.58	0.787598
1244.58	0.794312
1244.58	0.793457
1244.58	0.788208
1244.58	0.786743
1244.58	0.784546
1244.58	0.787354
1244.58	0.783569
1244.58	0.77832
1244.58	0.775879
1244.58	0.772095
1244.58	0.786377
1244.58	0.79187
1244.58	0.796509
1244.58	0.796631
1244.58	0.793091
1244.58	0.786377
1244.58	0.775391
1244.58	0.772583
1244.58	0.764648
1244.58	0.771851
1244.58	0.764526
1244.58	0.770264
1244.58	0.767944
1244.58	0.777222
1244.58	0.772705
1244.58	0.774292
1244.58	0.781372
1244.58	0.78125
1244.58	0.771606
1244.58	0.775879
1244.58	0.78125
1244.58	0.788696
1244.58	0.790161
1244.58	0.787231
1244.58	0.7948
1244.58	0.805786
1244.58	0.805908
1244.58	0.814209
1244.58	0.816406
1244.58	0.817627
1244.58	0.821411
1244.58	0.819946
1244.58	0.817383
1244.58	0.829834
1244.58	0.833496
1244.58	0.835815
1244.58	0.825439
1244.58	0.820312
1244.58	0.821411
1244.58	0.810913
1244.58	0.822388
1244.58	0.824585
1244.58	0.821777
1244.58	0.835205
1244.58	0.832031
1244.58	0.82373
