1044.41	0.352173
1044.41	0.423218
1044.41	0.463745
1044.41	0.519043
1044.41	0.560913
1044.41	0.596802
1044.41	0.627441
1044.41	0.657471
1044.41	0.670166
1044.41	0.685303
1044.41	0.70874
1044.41	0.722412
1044.41	0.744263
1044.41	0.759766
1044.41	0.765503
1044.41	0.77832
1044.41	0.785522
1044.41	0.803833
1044.41	0.810547
1044.41	0.819458
1044.41	0.829468
1044.41	0.835571
1044.41	0.843018
1044.41	0.847534
1044.41	0.848145
1044.41	0.850586
1044.41	0.85376
1044.41	0.864502
1044.41	0.859619
1044.41	0.864624
1044.41	0.874878
1044.41	0.883545
1044.41	0.883057
1044.41	0.888672
1044.41	0.890869
1044.41	0.891724
1044.41	0.892944
1044.41	0.893188
1044.41	0.895874
1044.41	0.902466
1044.41	0.907959
1044.41	0.910156
1044.41	0.907959
1044.41	0.909546
1044.41	0.914795
1044.41	0.913696
1044.41	0.915649
1044.41	0.91748
1044.41	0.917725
1044.41	0.919189
1044.41	0.917358
1044.41	0.926392
1044.41	0.928589
1044.41	0.924805
1044.41	0.932861
1044.41	0.932495
1044.41	0.927856
1044.41	0.923462
1044.41	0.925903
1044.41	0.927246
1044.41	0.929077
1044.41	0.930664
1044.41	0.928955
1044.41	0.92688
1044.41	0.927368
1044.41	0.93042
1044.41	0.929199
1044.41	0.925781
1044.41	0.923462
1044.41	0.924927
1044.41	0.928467
1044.41	0.932495
1044.41	0.939209
1044.41	0.938232
1044.41	0.938232
1044.41	0.937378
1044.41	0.933472
1044.41	0.934082
1044.41	0.933472
1044.41	0.938599
1044.41	0.938232
1044.41	0.939941
1044.41	0.939941
1044.41	0.938599
1044.41	0.939453
1044.41	0.939697
1044.41	0.940308
1044.41	0.945435
1044.41	0.94043
1044.41	0.945435
1044.41	0.947632
1044.41	0.946289
1044.41	0.94751
1044.41	0.944946
1044.41	0.945435
1044.41	0.946777
1044.41	0.946289
1044.41	0.948364
1044.41	0.95105
1044.41	0.950195
1044.41	0.947632
1044.41	0.946899
1044.41	0.948364
1044.41	0.945679
1044.41	0.949707
1044.41	0.943848
1044.41	0.945923
1044.41	0.949463
1044.41	0.946899
1044.41	0.948608
1044.41	0.946655
1044.41	0.942871
1044.41	0.945435
1044.41	0.941406
1044.41	0.945801
1044.41	0.944092
1044.41	0.94519
1044.41	0.943481
1044.41	0.947021
1044.41	0.945435
1044.41	0.947754
1044.41	0.953979
1044.41	0.954834
1044.41	0.952759
1044.41	0.950928
1044.41	0.950439
1044.41	0.946777
1044.41	0.950317
1044.41	0.951782
1044.41	0.953003
1044.41	0.951538
1044.41	0.955811
1044.41	0.952148
1044.41	0.949951
1044.41	0.947144
1044.41	0.947876
1044.41	0.950195
1044.41	0.950928
1044.41	0.954468
1044.41	0.959473
1044.41	0.960327
1044.41	0.959839
1044.41	0.956299
1044.41	0.952271
1044.41	0.952148
1044.41	0.955566
1044.41	0.953979
1044.41	0.952637
1044.41	0.948242
1044.41	0.949463
1044.41	0.953491
1044.41	0.955933
1044.41	0.958496
1044.41	0.95752
1044.41	0.959351
1044.41	0.962646
1044.41	0.961792
1044.41	0.960815
1044.41	0.959106
1044.41	0.962891
1044.41	0.957642
1044.41	0.958008
1044.41	0.95874
1044.41	0.95813
1044.41	0.954834
1044.41	0.957397
1044.41	0.957886
1044.41	0.955322
1044.41	0.955566
1044.41	0.950806
1044.41	0.953491
1044.41	0.954712
1044.41	0.956787
1044.41	0.961304
1044.41	0.956421
1044.41	0.957275
1044.41	0.958984
1044.41	0.962036
1044.41	0.960205
1044.41	0.96106
1044.41	0.954468
1044.41	0.953979
1044.41	0.953613
1044.41	0.953369
1044.41	0.955688
1044.41	0.95166
1044.41	0.957153
1044.41	0.959229
1044.41	0.956543
1044.41	0.956543
1044.41	0.95166
1044.41	0.951172
1044.41	0.95459
1044.41	0.953247
1044.41	0.948486
1044.41	0.949585
1044.41	0.949951
1044.41	0.953125
1044.41	0.951782
1044.41	0.951538
