1462.17	0.290771
1462.17	0.30481
1462.17	0.306641
1462.17	0.324951
1462.17	0.321655
1462.17	0.322876
1462.17	0.313843
1462.17	0.292969
1462.17	0.280273
1462.17	0.297974
1462.17	0.299683
1462.17	0.298096
1462.17	0.302246
1462.17	0.300171
1462.17	0.301025
1462.17	0.30127
1462.17	0.283569
1462.17	0.277832
1462.17	0.282715
1462.17	0.281006
1462.17	0.264282
1462.17	0.250977
1462.17	0.256226
1462.17	0.24353
1462.17	0.244751
1462.17	0.251465
1462.17	0.254883
1462.17	0.264648
1462.17	0.282471
1462.17	0.300415
1462.17	0.290527
1462.17	0.289185
1462.17	0.278809
1462.17	0.272095
1462.17	0.292114
1462.17	0.292847
1462.17	0.289185
1462.17	0.279297
1462.17	0.273804
1462.17	0.269409
1462.17	0.263794
1462.17	0.287842
1462.17	0.283936
1462.17	0.254395
1462.17	0.251831
1462.17	0.250488
1462.17	0.244751
1462.17	0.233154
1462.17	0.235962
1462.17	0.244629
1462.17	0.244995
1462.17	0.249512
1462.17	0.239624
1462.17	0.231201
1462.17	0.230591
1462.17	0.22522
1462.17	0.223267
1462.17	0.215088
1462.17	0.196289
1462.17	0.204956
1462.17	0.197021
1462.17	0.206909
1462.17	0.212891
1462.17	0.198608
1462.17	0.167358
1462.17	0.167603
1462.17	0.16333
1462.17	0.173096
1462.17	0.18335
1462.17	0.192017
1462.17	0.172241
1462.17	0.176147
1462.17	0.184692
1462.17	0.193115
1462.17	0.194946
1462.17	0.193115
1462.17	0.192383
1462.17	0.199951
1462.17	0.214478
1462.17	0.19458
1462.17	0.205566
1462.17	0.2052
1462.17	0.197632
1462.17	0.186279
1462.17	0.175781
1462.17	0.167603
1462.17	0.169678
1462.17	0.164551
1462.17	0.165771
1462.17	0.16687
1462.17	0.151367
1462.17	0.153564
1462.17	0.159668
1462.17	0.159912
1462.17	0.163086
1462.17	0.160645
1462.17	0.167969
1462.17	0.165161
1462.17	0.169434
1462.17	0.171509
1462.17	0.172241
1462.17	0.180176
1462.17	0.173218
1462.17	0.171875
1462.17	0.169556
1462.17	0.155273
1462.17	0.146729
1462.17	0.14624
1462.17	0.145264
1462.17	0.144897
1462.17	0.136108
1462.17	0.146973
1462.17	0.129028
1462.17	0.125732
1462.17	0.11377
1462.17	0.106812
1462.17	0.101685
1462.17	0.0908203
1462.17	0.0869141
1462.17	0.0827637
1462.17	0.0811768
1462.17	0.115479
1462.17	0.117676
1462.17	0.129517
1462.17	0.127686
1462.17	0.131714
1462.17	0.129883
1462.17	0.116577
1462.17	0.115601
1462.17	0.10791
1462.17	0.108276
1462.17	0.121704
1462.17	0.137695
1462.17	0.13855
1462.17	0.129761
1462.17	0.122559
1462.17	0.114502
1462.17	0.110474
1462.17	0.102783
1462.17	0.118042
1462.17	0.129028
1462.17	0.126099
1462.17	0.141235
1462.17	0.152222
1462.17	0.157593
1462.17	0.151123
1462.17	0.145752
1462.17	0.152954
1462.17	0.153442
1462.17	0.152466
1462.17	0.137939
1462.17	0.139526
1462.17	0.151733
1462.17	0.160767
1462.17	0.154541
1462.17	0.156372
1462.17	0.150757
1462.17	0.153564
1462.17	0.151978
1462.17	0.140991
1462.17	0.135132
1462.17	0.12561
1462.17	0.125488
1462.17	0.130859
1462.17	0.123413
1462.17	0.123047
1462.17	0.115601
1462.17	0.11145
1462.17	0.105103
1462.17	0.0909424
1462.17	0.0906982
1462.17	0.074585
1462.17	0.086792
1462.17	0.0847168
1462.17	0.0769043
1462.17	0.0744629
1462.17	0.072876
1462.17	0.057251
1462.17	0.0648193
1462.17	0.0467529
1462.17	0.0426025
1462.17	0.0424805
1462.17	0.0395508
1462.17	0.0274658
1462.17	0.0308838
1462.17	0.039917
1462.17	0.0368652
1462.17	0.0490723
1462.17	0.0541992
1462.17	0.0543213
1462.17	0.0583496
1462.17	0.0588379
1462.17	0.0578613
1462.17	0.0506592
1462.17	0.0552979
1462.17	0.0472412
1462.17	0.0540771
1462.17	0.0671387
1462.17	0.0632324
1462.17	0.0501709
