1087.92	0.344238
1087.92	0.392822
1087.92	0.432251
1087.92	0.470459
1087.92	0.50061
1087.92	0.535522
1087.92	0.576294
1087.92	0.589722
1087.92	0.606567
1087.92	0.622925
1087.92	0.645752
1087.92	0.657349
1087.92	0.678467
1087.92	0.693237
1087.92	0.710205
1087.92	0.71106
1087.92	0.730347
1087.92	0.744385
1087.92	0.765869
1087.92	0.780273
1087.92	0.785522
1087.92	0.79126
1087.92	0.791382
1087.92	0.790649
1087.92	0.790527
1087.92	0.795898
1087.92	0.800293
1087.92	0.804443
1087.92	0.806274
1087.92	0.812866
1087.92	0.816528
1087.92	0.819336
1087.92	0.820557
1087.92	0.817993
1087.92	0.813477
1087.92	0.81311
1087.92	0.819458
1087.92	0.824707
1087.92	0.832153
1087.92	0.840698
1087.92	0.841187
1087.92	0.850464
1087.92	0.851562
1087.92	0.848999
1087.92	0.848267
1087.92	0.855713
1087.92	0.855957
1087.92	0.863892
1087.92	0.868408
1087.92	0.86438
1087.92	0.873413
1087.92	0.87146
1087.92	0.875122
1087.92	0.87793
1087.92	0.879883
1087.92	0.878662
1087.92	0.876831
1087.92	0.879395
1087.92	0.87915
1087.92	0.879028
1087.92	0.876343
1087.92	0.87561
1087.92	0.880249
1087.92	0.88147
1087.92	0.885254
1087.92	0.883545
1087.92	0.884399
1087.92	0.888794
1087.92	0.886597
1087.92	0.897095
1087.92	0.899292
1087.92	0.896973
1087.92	0.898193
1087.92	0.894287
1087.92	0.893066
1087.92	0.894531
1087.92	0.889404
1087.92	0.889771
1087.92	0.891968
1087.92	0.893188
1087.92	0.892578
1087.92	0.901978
1087.92	0.908569
1087.92	0.909546
1087.92	0.907227
1087.92	0.905762
1087.92	0.90625
1087.92	0.90979
1087.92	0.910522
1087.92	0.913086
1087.92	0.912476
1087.92	0.907715
1087.92	0.913574
1087.92	0.909058
1087.92	0.911133
1087.92	0.915161
1087.92	0.914795
1087.92	0.910522
1087.92	0.916626
1087.92	0.911377
1087.92	0.910278
1087.92	0.912476
1087.92	0.910522
1087.92	0.911743
1087.92	0.91333
1087.92	0.913208
1087.92	0.91333
1087.92	0.910522
1087.92	0.908325
1087.92	0.908569
1087.92	0.915161
1087.92	0.91394
1087.92	0.918213
1087.92	0.924194
1087.92	0.925659
1087.92	0.931641
1087.92	0.933228
1087.92	0.92688
1087.92	0.925415
1087.92	0.928345
1087.92	0.933228
1087.92	0.933594
1087.92	0.928955
1087.92	0.927979
1087.92	0.928955
1087.92	0.932007
1087.92	0.933228
1087.92	0.931885
1087.92	0.932129
1087.92	0.925659
1087.92	0.928589
1087.92	0.924316
1087.92	0.924805
1087.92	0.930786
1087.92	0.93103
1087.92	0.932373
1087.92	0.937622
1087.92	0.943115
1087.92	0.941772
1087.92	0.940308
1087.92	0.938477
1087.92	0.939819
1087.92	0.941284
1087.92	0.93689
1087.92	0.936035
1087.92	0.937378
1087.92	0.93811
1087.92	0.941772
1087.92	0.939209
1087.92	0.942383
1087.92	0.942871
1087.92	0.945557
1087.92	0.950073
1087.92	0.945801
1087.92	0.945679
1087.92	0.947021
1087.92	0.950073
1087.92	0.946045
1087.92	0.942139
1087.92	0.942017
1087.92	0.945923
1087.92	0.942627
1087.92	0.946655
1087.92	0.947144
1087.92	0.947388
1087.92	0.946045
1087.92	0.951782
1087.92	0.95105
1087.92	0.952271
1087.92	0.951416
1087.92	0.943481
1087.92	0.933472
1087.92	0.942749
1087.92	0.943726
1087.92	0.945068
1087.92	0.943604
1087.92	0.941528
1087.92	0.942627
1087.92	0.942505
1087.92	0.936646
1087.92	0.935669
1087.92	0.939819
1087.92	0.937134
1087.92	0.942993
1087.92	0.945801
1087.92	0.944702
1087.92	0.948486
1087.92	0.947876
1087.92	0.948364
1087.92	0.943726
1087.92	0.950195
1087.92	0.946533
1087.92	0.947876
1087.92	0.942139
1087.92	0.933716
1087.92	0.937134
1087.92	0.93689
1087.92	0.931396
1087.92	0.930786
1087.92	0.934814
