1644.94	0.289917
1644.94	0.267944
1644.94	0.23999
1644.94	0.221924
1644.94	0.196533
1644.94	0.193848
1644.94	0.201904
1644.94	0.193237
1644.94	0.185181
1644.94	0.175171
1644.94	0.16272
1644.94	0.162354
1644.94	0.145508
1644.94	0.142334
1644.94	0.155762
1644.94	0.146973
1644.94	0.137207
1644.94	0.143555
1644.94	0.132446
1644.94	0.117065
1644.94	0.106567
1644.94	0.0893555
1644.94	0.0908203
1644.94	0.0864258
1644.94	0.101074
1644.94	0.0714111
1644.94	0.0673828
1644.94	0.0678711
1644.94	0.0581055
1644.94	0.0499268
1644.94	0.0570068
1644.94	0.0541992
1644.94	0.0469971
1644.94	0.0379639
1644.94	0.0336914
1644.94	0.017334
1644.94	0.0284424
1644.94	0.0395508
1644.94	0.0534668
1644.94	0.0609131
1644.94	0.0441895
1644.94	0.0445557
1644.94	0.0330811
1644.94	0.0098877
1644.94	0.026123
1644.94	0.0205078
1644.94	0.0373535
1644.94	0.0230713
1644.94	0.020752
1644.94	0.0393066
1644.94	0.0462646
1644.94	0.0644531
1644.94	0.0581055
1644.94	0.055542
1644.94	0.0625
1644.94	0.0603027
1644.94	0.0506592
1644.94	0.0351562
1644.94	0.0463867
1644.94	0.0562744
1644.94	0.0501709
1644.94	0.043457
1644.94	0.052002
1644.94	0.0670166
1644.94	0.0471191
1644.94	0.0549316
1644.94	0.0554199
1644.94	0.0427246
1644.94	0.0455322
1644.94	0.0671387
1644.94	0.067627
1644.94	0.0849609
1644.94	0.0738525
1644.94	0.0715332
1644.94	0.067749
1644.94	0.0736084
1644.94	0.0672607
1644.94	0.0512695
1644.94	0.0571289
1644.94	0.0540771
1644.94	0.0462646
1644.94	0.0458984
1644.94	0.036377
1644.94	0.0391846
1644.94	0.0626221
1644.94	0.0769043
1644.94	0.0966797
1644.94	0.0810547
1644.94	0.0716553
1644.94	0.0810547
1644.94	0.0616455
1644.94	0.0422363
1644.94	0.0640869
1644.94	0.0439453
1644.94	0.0517578
1644.94	0.03479
1644.94	0.0533447
1644.94	0.0472412
1644.94	0.0335693
1644.94	0.0321045
1644.94	0.0366211
1644.94	0.0423584
1644.94	0.0454102
1644.94	0.0350342
1644.94	0.0289307
1644.94	0.0273438
1644.94	0.0269775
1644.94	0.0217285
1644.94	0.0194092
1644.94	0.0170898
1644.94	0.0222168
1644.94	0.0393066
1644.94	0.0251465
1644.94	0.0313721
1644.94	0.0288086
1644.94	0.0284424
1644.94	0.00170898
1644.94	-0.00598145
1644.94	-0.026001
1644.94	-0.00427246
1644.94	-0.00158691
1644.94	0.00244141
1644.94	0.00622559
1644.94	0.00427246
1644.94	-0.0144043
1644.94	-0.0217285
1644.94	-0.0280762
1644.94	-0.0341797
1644.94	-0.0419922
1644.94	-0.0612793
1644.94	-0.0509033
1644.94	-0.0411377
1644.94	-0.0412598
1644.94	-0.036499
1644.94	-0.0179443
1644.94	-0.00561523
1644.94	-0.0119629
1644.94	-0.00366211
1644.94	0.00976562
1644.94	0.00695801
1644.94	0.00219727
1644.94	-0.00744629
1644.94	-0.00427246
1644.94	-0.0114746
1644.94	-0.0218506
1644.94	-0.0306396
1644.94	-0.0305176
1644.94	-0.0281982
1644.94	-0.00732422
1644.94	-0.0108643
1644.94	-0.0098877
1644.94	0.00402832
1644.94	0.0212402
1644.94	0.0380859
1644.94	0.0245361
1644.94	0.0108643
1644.94	0.0112305
1644.94	0.00415039
1644.94	-0.00195312
1644.94	-0.0186768
1644.94	-0.0174561
1644.94	-0.0224609
1644.94	-0.0235596
1644.94	-0.0205078
1644.94	-0.0153809
1644.94	0.00012207
1644.94	0.020874
1644.94	0.0214844
1644.94	0.0180664
1644.94	0.0101318
1644.94	0.00183105
1644.94	0.0112305
1644.94	-0.00366211
1644.94	-0.00292969
1644.94	-0.00195312
1644.94	-0.019043
1644.94	-0.0137939
1644.94	-0.0183105
1644.94	0.00231934
1644.94	-0.00866699
1644.94	-0.00708008
1644.94	0.00415039
1644.94	0.00378418
1644.94	-0.00195312
1644.94	-0.00378418
1644.94	-0.0153809
1644.94	-0.036377
1644.94	-0.0233154
1644.94	-0.0159912
1644.94	-0.0249023
1644.94	-0.000976562
1644.94	0.00683594
1644.94	-0.00585938
1644.94	-0.0146484
1644.94	-0.00305176
1644.94	0.00891113
1644.94	0.0115967
1644.94	0.010376
1644.94	0.0111084
1644.94	0.0134277
