1000.89	0.358887
1000.89	0.430786
1000.89	0.486572
1000.89	0.531128
1000.89	0.574829
1000.89	0.611938
1000.89	0.641724
1000.89	0.662964
1000.89	0.681152
1000.89	0.698364
1000.89	0.716919
1000.89	0.734375
1000.89	0.740845
1000.89	0.749634
1000.89	0.761597
1000.89	0.778564
1000.89	0.791748
1000.89	0.798706
1000.89	0.804199
1000.89	0.808594
1000.89	0.815918
1000.89	0.826172
1000.89	0.829834
1000.89	0.840454
1000.89	0.849976
1000.89	0.86084
1000.89	0.860474
1000.89	0.875
1000.89	0.882568
1000.89	0.885864
1000.89	0.89209
1000.89	0.900391
1000.89	0.901855
1000.89	0.907471
1000.89	0.91394
1000.89	0.919678
1000.89	0.92981
1000.89	0.929443
1000.89	0.92981
1000.89	0.934326
1000.89	0.932861
1000.89	0.938477
1000.89	0.939087
1000.89	0.940918
1000.89	0.939575
1000.89	0.945801
1000.89	0.949707
1000.89	0.952637
1000.89	0.955811
1000.89	0.958496
1000.89	0.960083
1000.89	0.960449
1000.89	0.957153
1000.89	0.957153
1000.89	0.958374
1000.89	0.9646
1000.89	0.96521
1000.89	0.965454
1000.89	0.963379
1000.89	0.964355
1000.89	0.964111
1000.89	0.967529
1000.89	0.966797
1000.89	0.967285
1000.89	0.965454
1000.89	0.969238
1000.89	0.967529
1000.89	0.964966
1000.89	0.967773
1000.89	0.966919
1000.89	0.968506
1000.89	0.967407
1000.89	0.967407
1000.89	0.965698
1000.89	0.966553
1000.89	0.963623
1000.89	0.962646
1000.89	0.96521
1000.89	0.965698
1000.89	0.967163
1000.89	0.967651
1000.89	0.969971
1000.89	0.964233
1000.89	0.963989
1000.89	0.966553
1000.89	0.966309
1000.89	0.969971
1000.89	0.970825
1000.89	0.966675
1000.89	0.968628
1000.89	0.967163
1000.89	0.966919
1000.89	0.970337
1000.89	0.968506
1000.89	0.968018
1000.89	0.965332
1000.89	0.965942
1000.89	0.964844
1000.89	0.970093
1000.89	0.969971
1000.89	0.973389
1000.89	0.968994
1000.89	0.965942
1000.89	0.966919
1000.89	0.9729
1000.89	0.969971
1000.89	0.972046
1000.89	0.969116
1000.89	0.965088
1000.89	0.967651
1000.89	0.967773
1000.89	0.963013
1000.89	0.963135
1000.89	0.961548
1000.89	0.963501
1000.89	0.965698
1000.89	0.962646
1000.89	0.965088
1000.89	0.963257
1000.89	0.960205
1000.89	0.961304
1000.89	0.960815
1000.89	0.960571
1000.89	0.969238
1000.89	0.965698
1000.89	0.967651
1000.89	0.965454
1000.89	0.966919
1000.89	0.966431
1000.89	0.966187
1000.89	0.969727
1000.89	0.971191
1000.89	0.965698
1000.89	0.966187
1000.89	0.967529
1000.89	0.967163
1000.89	0.967651
1000.89	0.970825
1000.89	0.969238
1000.89	0.966919
1000.89	0.967529
1000.89	0.963379
1000.89	0.962891
1000.89	0.968506
1000.89	0.969971
1000.89	0.965576
1000.89	0.965698
1000.89	0.963867
1000.89	0.966309
1000.89	0.965088
1000.89	0.965942
1000.89	0.968872
1000.89	0.96875
1000.89	0.968262
1000.89	0.9646
1000.89	0.964355
1000.89	0.967163
1000.89	0.965942
1000.89	0.967651
1000.89	0.967896
1000.89	0.967651
1000.89	0.966064
1000.89	0.967529
1000.89	0.963623
1000.89	0.96521
1000.89	0.966064
1000.89	0.964966
1000.89	0.963379
1000.89	0.96582
1000.89	0.967163
1000.89	0.965698
1000.89	0.963257
1000.89	0.966431
1000.89	0.967163
1000.89	0.969482
1000.89	0.969482
1000.89	0.970825
1000.89	0.968384
1000.89	0.967896
1000.89	0.968262
1000.89	0.968262
1000.89	0.967285
1000.89	0.969727
1000.89	0.970215
1000.89	0.971558
1000.89	0.966675
1000.89	0.966187
1000.89	0.969238
1000.89	0.966797
1000.89	0.969849
1000.89	0.969971
1000.89	0.968872
1000.89	0.969971
1000.89	0.971191
1000.89	0.970337
1000.89	0.970703
1000.89	0.969238
1000.89	0.968262
1000.89	0.968872
1000.89	0.967651
