887.746	0.363037
887.746	0.447632
887.746	0.503662
887.746	0.563843
887.746	0.609375
887.746	0.651001
887.746	0.688599
887.746	0.715698
887.746	0.737549
887.746	0.762695
887.746	0.780518
887.746	0.795166
887.746	0.809937
887.746	0.820068
887.746	0.833496
887.746	0.842529
887.746	0.85022
887.746	0.859375
887.746	0.86731
887.746	0.876343
887.746	0.884644
887.746	0.894653
887.746	0.901123
887.746	0.906006
887.746	0.911377
887.746	0.912842
887.746	0.914917
887.746	0.911865
887.746	0.913574
887.746	0.917358
887.746	0.922119
887.746	0.925903
887.746	0.932129
887.746	0.933716
887.746	0.933228
887.746	0.936035
887.746	0.939453
887.746	0.943848
887.746	0.945435
887.746	0.950439
887.746	0.951904
887.746	0.953735
887.746	0.95874
887.746	0.960205
887.746	0.964478
887.746	0.964844
887.746	0.967041
887.746	0.964233
887.746	0.966553
887.746	0.965698
887.746	0.967407
887.746	0.967163
887.746	0.971069
887.746	0.971069
887.746	0.970215
887.746	0.97522
887.746	0.973999
887.746	0.975952
887.746	0.974487
887.746	0.976685
887.746	0.975952
887.746	0.974121
887.746	0.975342
887.746	0.975708
887.746	0.976196
887.746	0.977539
887.746	0.976074
887.746	0.974731
887.746	0.975708
887.746	0.976318
887.746	0.976318
887.746	0.981567
887.746	0.983765
887.746	0.983765
887.746	0.984253
887.746	0.984131
887.746	0.981689
887.746	0.98291
887.746	0.982788
887.746	0.982666
887.746	0.983154
887.746	0.982422
887.746	0.983887
887.746	0.987183
887.746	0.988525
887.746	0.986206
887.746	0.983887
887.746	0.984253
887.746	0.983521
887.746	0.984009
887.746	0.983887
887.746	0.981934
887.746	0.984497
887.746	0.985229
887.746	0.985596
887.746	0.984375
887.746	0.98584
887.746	0.985718
887.746	0.986084
887.746	0.988403
887.746	0.987183
887.746	0.987915
887.746	0.987061
887.746	0.984863
887.746	0.985596
887.746	0.984375
887.746	0.985718
887.746	0.983154
887.746	0.98291
887.746	0.984741
887.746	0.985718
887.746	0.983887
887.746	0.986572
887.746	0.985718
887.746	0.985352
887.746	0.983032
887.746	0.984375
887.746	0.983032
887.746	0.982544
887.746	0.983154
887.746	0.982666
887.746	0.984375
887.746	0.982422
887.746	0.983276
887.746	0.983765
887.746	0.984985
887.746	0.98584
887.746	0.986206
887.746	0.984131
887.746	0.983765
887.746	0.986938
887.746	0.987671
887.746	0.987061
887.746	0.98584
887.746	0.985718
887.746	0.98645
887.746	0.986572
887.746	0.986816
887.746	0.985718
887.746	0.985229
887.746	0.984253
887.746	0.986206
887.746	0.984985
887.746	0.988403
887.746	0.986816
887.746	0.984741
887.746	0.984497
887.746	0.983398
887.746	0.982178
887.746	0.985474
887.746	0.985107
887.746	0.984131
887.746	0.984131
887.746	0.984009
887.746	0.984253
887.746	0.984009
887.746	0.985718
887.746	0.986328
887.746	0.981323
887.746	0.984497
887.746	0.986572
887.746	0.983765
887.746	0.984253
887.746	0.981812
887.746	0.984497
887.746	0.983765
887.746	0.982788
887.746	0.984741
887.746	0.983398
887.746	0.986206
887.746	0.984985
887.746	0.984009
887.746	0.983398
887.746	0.981689
887.746	0.98291
887.746	0.983154
887.746	0.984375
887.746	0.984619
887.746	0.9823
887.746	0.980957
887.746	0.982666
887.746	0.983887
887.746	0.985962
887.746	0.983032
887.746	0.984253
887.746	0.985718
887.746	0.985107
887.746	0.986084
887.746	0.986084
887.746	0.986816
887.746	0.985352
887.746	0.983521
887.746	0.983643
887.746	0.983521
887.746	0.984619
887.746	0.98645
887.746	0.987305
887.746	0.985229
887.746	0.985596
887.746	0.984863
