1192.36	0.355225
1192.36	0.391968
1192.36	0.411987
1192.36	0.457886
1192.36	0.488403
1192.36	0.504395
1192.36	0.52124
1192.36	0.54541
1192.36	0.567749
1192.36	0.575195
1192.36	0.587158
1192.36	0.596924
1192.36	0.602783
1192.36	0.61145
1192.36	0.62793
1192.36	0.64502
1192.36	0.643311
1192.36	0.657349
1192.36	0.65564
1192.36	0.654297
1192.36	0.661011
1192.36	0.668823
1192.36	0.678711
1192.36	0.679443
1192.36	0.6875
1192.36	0.679932
1192.36	0.675903
1192.36	0.676514
1192.36	0.677246
1192.36	0.688477
1192.36	0.686768
1192.36	0.695923
1192.36	0.703125
1192.36	0.706421
1192.36	0.705566
1192.36	0.717651
1192.36	0.721802
1192.36	0.724487
1192.36	0.727661
1192.36	0.739014
1192.36	0.734253
1192.36	0.731201
1192.36	0.740356
1192.36	0.741821
1192.36	0.749268
1192.36	0.750122
1192.36	0.746582
1192.36	0.743042
1192.36	0.749756
1192.36	0.753418
1192.36	0.756592
1192.36	0.762817
1192.36	0.75647
1192.36	0.761475
1192.36	0.763306
1192.36	0.762695
1192.36	0.763184
1192.36	0.765503
1192.36	0.765259
1192.36	0.761475
1192.36	0.752441
1192.36	0.76416
1192.36	0.770508
1192.36	0.768677
1192.36	0.767822
1192.36	0.768677
1192.36	0.771851
1192.36	0.77002
1192.36	0.778687
1192.36	0.783936
1192.36	0.785889
1192.36	0.793335
1192.36	0.797974
1192.36	0.806274
1192.36	0.813232
1192.36	0.808228
1192.36	0.806396
1192.36	0.806274
1192.36	0.807861
1192.36	0.804443
1192.36	0.808228
1192.36	0.808716
1192.36	0.815918
1192.36	0.825928
1192.36	0.823853
1192.36	0.82959
1192.36	0.828003
1192.36	0.828979
1192.36	0.825928
1192.36	0.830933
1192.36	0.826904
1192.36	0.824585
1192.36	0.828857
1192.36	0.827515
1192.36	0.826172
1192.36	0.828125
1192.36	0.823975
1192.36	0.824219
1192.36	0.823242
1192.36	0.826538
1192.36	0.809814
1192.36	0.818359
1192.36	0.823608
1192.36	0.821533
1192.36	0.825684
1192.36	0.827881
1192.36	0.828247
1192.36	0.835815
1192.36	0.833862
1192.36	0.836426
1192.36	0.831665
1192.36	0.838135
1192.36	0.842163
1192.36	0.843384
1192.36	0.844116
1192.36	0.8396
1192.36	0.837891
1192.36	0.843262
1192.36	0.838257
1192.36	0.837158
1192.36	0.831299
1192.36	0.82605
1192.36	0.830078
1192.36	0.82959
1192.36	0.831299
1192.36	0.836182
1192.36	0.843018
1192.36	0.848022
1192.36	0.843384
1192.36	0.840454
1192.36	0.840454
1192.36	0.838501
1192.36	0.8396
1192.36	0.841309
1192.36	0.839722
1192.36	0.833984
1192.36	0.8396
1192.36	0.848511
1192.36	0.850586
1192.36	0.841309
1192.36	0.84436
1192.36	0.844971
1192.36	0.849609
1192.36	0.847534
1192.36	0.85144
1192.36	0.852783
1192.36	0.854248
1192.36	0.86145
1192.36	0.866943
1192.36	0.868286
1192.36	0.86145
1192.36	0.85791
1192.36	0.864868
1192.36	0.86438
1192.36	0.863281
1192.36	0.852173
1192.36	0.845825
1192.36	0.843262
1192.36	0.836426
1192.36	0.830811
1192.36	0.828735
1192.36	0.836548
1192.36	0.838257
1192.36	0.84314
1192.36	0.848999
1192.36	0.848877
1192.36	0.851074
1192.36	0.853271
1192.36	0.843384
1192.36	0.854858
1192.36	0.862671
1192.36	0.85791
1192.36	0.867188
1192.36	0.863037
1192.36	0.865723
1192.36	0.862427
1192.36	0.865601
1192.36	0.863892
1192.36	0.866943
1192.36	0.855591
1192.36	0.854736
1192.36	0.849121
1192.36	0.857788
1192.36	0.86377
1192.36	0.861816
1192.36	0.865479
1192.36	0.861206
1192.36	0.864014
1192.36	0.860596
1192.36	0.868896
1192.36	0.871338
1192.36	0.873535
1192.36	0.87915
1192.36	0.881592
1192.36	0.875732
1192.36	0.869141
1192.36	0.868896
1192.36	0.871338
1192.36	0.878784
1192.36	0.879272
