1349.03	0.32605
1349.03	0.345947
1349.03	0.372559
1349.03	0.402344
1349.03	0.407837
1349.03	0.405396
1349.03	0.437866
1349.03	0.429932
1349.03	0.425293
1349.03	0.436523
1349.03	0.44873
1349.03	0.452759
1349.03	0.452637
1349.03	0.450928
1349.03	0.4552
1349.03	0.444092
1349.03	0.449341
1349.03	0.456909
1349.03	0.455566
1349.03	0.463623
1349.03	0.473511
1349.03	0.480103
1349.03	0.474243
1349.03	0.467407
1349.03	0.472778
1349.03	0.478271
1349.03	0.476929
1349.03	0.491455
1349.03	0.486816
1349.03	0.493042
1349.03	0.497314
1349.03	0.500244
1349.03	0.499023
1349.03	0.499146
1349.03	0.495972
1349.03	0.500854
1349.03	0.501587
1349.03	0.49585
1349.03	0.499268
1349.03	0.50354
1349.03	0.484009
1349.03	0.484741
1349.03	0.495239
1349.03	0.493164
1349.03	0.489502
1349.03	0.486694
1349.03	0.479614
1349.03	0.476196
1349.03	0.477173
1349.03	0.489014
1349.03	0.479492
1349.03	0.473755
1349.03	0.480225
1349.03	0.477783
1349.03	0.475342
1349.03	0.476929
1349.03	0.465332
1349.03	0.473755
1349.03	0.47937
1349.03	0.47644
1349.03	0.46814
1349.03	0.476318
1349.03	0.476807
1349.03	0.494629
1349.03	0.493774
1349.03	0.489746
1349.03	0.499878
1349.03	0.492676
1349.03	0.497803
1349.03	0.494019
1349.03	0.492432
1349.03	0.49292
1349.03	0.494263
1349.03	0.486328
1349.03	0.502441
1349.03	0.504639
1349.03	0.516357
1349.03	0.51123
1349.03	0.501953
1349.03	0.515625
1349.03	0.519043
1349.03	0.514771
1349.03	0.505127
1349.03	0.499146
1349.03	0.49585
1349.03	0.501709
1349.03	0.492798
1349.03	0.504028
1349.03	0.499146
1349.03	0.510742
1349.03	0.512695
1349.03	0.515015
1349.03	0.51709
1349.03	0.513184
1349.03	0.518188
1349.03	0.519653
1349.03	0.523071
1349.03	0.523804
1349.03	0.530396
1349.03	0.538086
1349.03	0.535889
1349.03	0.526733
1349.03	0.523315
1349.03	0.526001
1349.03	0.535889
1349.03	0.537231
1349.03	0.543945
1349.03	0.541016
1349.03	0.531982
1349.03	0.526978
1349.03	0.530151
1349.03	0.514893
1349.03	0.512573
1349.03	0.518066
1349.03	0.526611
1349.03	0.515259
1349.03	0.507812
1349.03	0.504639
1349.03	0.512085
1349.03	0.501953
1349.03	0.508423
1349.03	0.503296
1349.03	0.508667
1349.03	0.496826
1349.03	0.496582
1349.03	0.483398
1349.03	0.48999
1349.03	0.480713
1349.03	0.482788
1349.03	0.494019
1349.03	0.495239
1349.03	0.499268
1349.03	0.500244
1349.03	0.509033
1349.03	0.513794
1349.03	0.507568
1349.03	0.518555
1349.03	0.505859
1349.03	0.499756
1349.03	0.49231
1349.03	0.490234
1349.03	0.481567
1349.03	0.490112
1349.03	0.49939
1349.03	0.505981
1349.03	0.517456
1349.03	0.509033
1349.03	0.508789
1349.03	0.505981
1349.03	0.507446
1349.03	0.512939
1349.03	0.528931
1349.03	0.532104
1349.03	0.544922
1349.03	0.528809
1349.03	0.526001
1349.03	0.513428
1349.03	0.513062
1349.03	0.517944
1349.03	0.507568
1349.03	0.502563
1349.03	0.502563
1349.03	0.512817
1349.03	0.51355
1349.03	0.51709
1349.03	0.516357
1349.03	0.508667
1349.03	0.509888
1349.03	0.511841
1349.03	0.517456
1349.03	0.525391
1349.03	0.523438
1349.03	0.54187
1349.03	0.530029
1349.03	0.543091
1349.03	0.541626
1349.03	0.526855
1349.03	0.521851
1349.03	0.525146
1349.03	0.530884
1349.03	0.530884
1349.03	0.54126
1349.03	0.543823
1349.03	0.542358
1349.03	0.543091
1349.03	0.546875
1349.03	0.54541
1349.03	0.53894
1349.03	0.537476
1349.03	0.541504
1349.03	0.546021
1349.03	0.537964
1349.03	0.534912
1349.03	0.525146
1349.03	0.524902
1349.03	0.52063
1349.03	0.532104
1349.03	0.52832
1349.03	0.540527
1349.03	0.537109
