922.56	0.344116
922.56	0.395752
922.56	0.462769
922.56	0.516968
922.56	0.569702
922.56	0.61377
922.56	0.647217
922.56	0.67627
922.56	0.702759
922.56	0.725098
922.56	0.740234
922.56	0.762451
922.56	0.781494
922.56	0.801147
922.56	0.81189
922.56	0.827515
922.56	0.835815
922.56	0.850342
922.56	0.859619
922.56	0.862915
922.56	0.868286
922.56	0.873413
922.56	0.875977
922.56	0.880371
922.56	0.887451
922.56	0.896851
922.56	0.900024
922.56	0.905762
922.56	0.906128
922.56	0.913086
922.56	0.914917
922.56	0.918091
922.56	0.9198
922.56	0.925781
922.56	0.928711
922.56	0.931152
922.56	0.930908
922.56	0.92981
922.56	0.930176
922.56	0.930786
922.56	0.933228
922.56	0.935303
922.56	0.935425
922.56	0.936768
922.56	0.935059
922.56	0.937744
922.56	0.943481
922.56	0.945312
922.56	0.947144
922.56	0.946777
922.56	0.947021
922.56	0.948242
922.56	0.948975
922.56	0.950806
922.56	0.948486
922.56	0.950439
922.56	0.950195
922.56	0.95105
922.56	0.950439
922.56	0.955933
922.56	0.953491
922.56	0.954834
922.56	0.95752
922.56	0.958374
922.56	0.961548
922.56	0.963379
922.56	0.959839
922.56	0.959717
922.56	0.961304
922.56	0.961304
922.56	0.957153
922.56	0.954346
922.56	0.958374
922.56	0.957397
922.56	0.955811
922.56	0.961914
922.56	0.963257
922.56	0.963013
922.56	0.96814
922.56	0.968018
922.56	0.967407
922.56	0.967041
922.56	0.964478
922.56	0.969604
922.56	0.971558
922.56	0.969849
922.56	0.972168
922.56	0.971436
922.56	0.9729
922.56	0.972168
922.56	0.968018
922.56	0.96936
922.56	0.968628
922.56	0.970703
922.56	0.973145
922.56	0.97168
922.56	0.973877
922.56	0.972656
922.56	0.976074
922.56	0.972412
922.56	0.974976
922.56	0.975708
922.56	0.974121
922.56	0.973267
922.56	0.971313
922.56	0.973389
922.56	0.977051
922.56	0.977661
922.56	0.976318
922.56	0.978027
922.56	0.975952
922.56	0.978149
922.56	0.977539
922.56	0.978516
922.56	0.978394
922.56	0.978638
922.56	0.978149
922.56	0.979858
922.56	0.979736
922.56	0.983765
922.56	0.982666
922.56	0.979736
922.56	0.980469
922.56	0.978394
922.56	0.977295
922.56	0.974976
922.56	0.975586
922.56	0.974854
922.56	0.975586
922.56	0.978394
922.56	0.97876
922.56	0.979248
922.56	0.980347
922.56	0.97644
922.56	0.979614
922.56	0.978882
922.56	0.979736
922.56	0.980225
922.56	0.981689
922.56	0.980835
922.56	0.97876
922.56	0.981201
922.56	0.97937
922.56	0.979492
922.56	0.978271
922.56	0.979736
922.56	0.981689
922.56	0.979126
922.56	0.980835
922.56	0.983154
922.56	0.981079
922.56	0.982422
922.56	0.981079
922.56	0.983032
922.56	0.983765
922.56	0.983276
922.56	0.982056
922.56	0.981201
922.56	0.981201
922.56	0.984985
922.56	0.982056
922.56	0.981201
922.56	0.982178
922.56	0.980713
922.56	0.979004
922.56	0.980225
922.56	0.978882
922.56	0.977539
922.56	0.981934
922.56	0.981567
922.56	0.980957
922.56	0.981323
922.56	0.981812
922.56	0.979248
922.56	0.980225
922.56	0.980225
922.56	0.980469
922.56	0.980347
922.56	0.980591
922.56	0.981812
922.56	0.981079
922.56	0.98291
922.56	0.984375
922.56	0.984863
922.56	0.984985
922.56	0.982788
922.56	0.9823
922.56	0.982544
922.56	0.984009
922.56	0.984375
922.56	0.98291
922.56	0.980347
922.56	0.979126
922.56	0.979492
922.56	0.978516
922.56	0.978516
922.56	0.979492
922.56	0.980469
922.56	0.976807
922.56	0.97644
