1201.07	0.324585
1201.07	0.373657
1201.07	0.392822
1201.07	0.416992
1201.07	0.431763
1201.07	0.442871
1201.07	0.456787
1201.07	0.476807
1201.07	0.483521
1201.07	0.491577
1201.07	0.496094
1201.07	0.504639
1201.07	0.522217
1201.07	0.531982
1201.07	0.533203
1201.07	0.553589
1201.07	0.577026
1201.07	0.587769
1201.07	0.592896
1201.07	0.591187
1201.07	0.598511
1201.07	0.616089
1201.07	0.617798
1201.07	0.629761
1201.07	0.626099
1201.07	0.63623
1201.07	0.634277
1201.07	0.635254
1201.07	0.6427
1201.07	0.636597
1201.07	0.645386
1201.07	0.648071
1201.07	0.652466
1201.07	0.667603
1201.07	0.669922
1201.07	0.676636
1201.07	0.689819
1201.07	0.686157
1201.07	0.69165
1201.07	0.697021
1201.07	0.706909
1201.07	0.711792
1201.07	0.716064
1201.07	0.725464
1201.07	0.720093
1201.07	0.71167
1201.07	0.715088
1201.07	0.729248
1201.07	0.734253
1201.07	0.748657
1201.07	0.749756
1201.07	0.75
1201.07	0.748047
1201.07	0.750977
1201.07	0.752808
1201.07	0.755249
1201.07	0.755859
1201.07	0.752441
1201.07	0.75415
1201.07	0.757935
1201.07	0.750854
1201.07	0.76123
1201.07	0.759155
1201.07	0.756958
1201.07	0.756958
1201.07	0.753052
1201.07	0.755127
1201.07	0.754883
1201.07	0.762207
1201.07	0.767456
1201.07	0.763428
1201.07	0.769287
1201.07	0.777222
1201.07	0.781494
1201.07	0.787476
1201.07	0.78894
1201.07	0.78479
1201.07	0.786377
1201.07	0.789795
1201.07	0.787231
1201.07	0.788086
1201.07	0.78479
1201.07	0.779419
1201.07	0.777222
1201.07	0.780518
1201.07	0.781372
1201.07	0.782349
1201.07	0.777344
1201.07	0.783447
1201.07	0.795898
1201.07	0.791382
1201.07	0.793335
1201.07	0.793335
1201.07	0.803223
1201.07	0.80249
1201.07	0.805298
1201.07	0.812134
1201.07	0.807861
1201.07	0.807007
1201.07	0.801636
1201.07	0.804321
1201.07	0.803101
1201.07	0.809814
1201.07	0.815796
1201.07	0.817993
1201.07	0.821533
1201.07	0.827026
1201.07	0.825806
1201.07	0.824585
1201.07	0.81665
1201.07	0.817383
1201.07	0.814331
1201.07	0.813843
1201.07	0.81665
1201.07	0.816895
1201.07	0.817871
1201.07	0.814575
1201.07	0.816406
1201.07	0.817627
1201.07	0.825195
1201.07	0.817627
1201.07	0.821899
1201.07	0.815186
1201.07	0.814697
1201.07	0.812378
1201.07	0.807495
1201.07	0.807617
1201.07	0.817505
1201.07	0.817017
1201.07	0.818848
1201.07	0.820557
1201.07	0.815918
1201.07	0.824097
1201.07	0.824707
1201.07	0.823975
1201.07	0.828125
1201.07	0.825684
1201.07	0.829712
1201.07	0.829834
1201.07	0.830078
1201.07	0.827759
1201.07	0.820435
1201.07	0.830322
1201.07	0.832275
1201.07	0.833374
1201.07	0.828491
1201.07	0.831665
1201.07	0.835083
1201.07	0.843994
1201.07	0.846313
1201.07	0.850952
1201.07	0.851318
1201.07	0.85498
1201.07	0.85376
1201.07	0.856567
1201.07	0.862793
1201.07	0.856079
1201.07	0.856567
1201.07	0.860229
1201.07	0.859863
1201.07	0.859619
1201.07	0.862183
1201.07	0.870117
1201.07	0.868042
1201.07	0.866455
1201.07	0.865479
1201.07	0.862305
1201.07	0.859863
1201.07	0.857056
1201.07	0.858643
1201.07	0.861206
1201.07	0.858398
1201.07	0.865112
1201.07	0.856812
1201.07	0.861938
1201.07	0.859863
1201.07	0.862915
1201.07	0.858398
1201.07	0.860352
1201.07	0.865234
1201.07	0.86145
1201.07	0.865967
1201.07	0.862061
1201.07	0.855225
1201.07	0.856567
1201.07	0.84375
1201.07	0.842529
1201.07	0.839233
1201.07	0.840698
1201.07	0.84082
1201.07	0.839966
1201.07	0.836426
1201.07	0.839966
1201.07	0.835205
1201.07	0.842285
1201.07	0.843994
1201.07	0.840332
1201.07	0.843872
1201.07	0.838379
1201.07	0.840942
