1331.62	0.328125
1331.62	0.353882
1331.62	0.379395
1331.62	0.393921
1331.62	0.396362
1331.62	0.408691
1331.62	0.426392
1331.62	0.4375
1331.62	0.437622
1331.62	0.452881
1331.62	0.460693
1331.62	0.462036
1331.62	0.470093
1331.62	0.478638
1331.62	0.487915
1331.62	0.489502
1331.62	0.495117
1331.62	0.50061
1331.62	0.509155
1331.62	0.525146
1331.62	0.519165
1331.62	0.52124
1331.62	0.521484
1331.62	0.532959
1331.62	0.544312
1331.62	0.541748
1331.62	0.542236
1331.62	0.568726
1331.62	0.563477
1331.62	0.564697
1331.62	0.564819
1331.62	0.565796
1331.62	0.575317
1331.62	0.582886
1331.62	0.580811
1331.62	0.591797
1331.62	0.588501
1331.62	0.596069
1331.62	0.595093
1331.62	0.599487
1331.62	0.608643
1331.62	0.606812
1331.62	0.60437
1331.62	0.600342
1331.62	0.607788
1331.62	0.600342
1331.62	0.602173
1331.62	0.599731
1331.62	0.584839
1331.62	0.585938
1331.62	0.589966
1331.62	0.592651
1331.62	0.584473
1331.62	0.595337
1331.62	0.596802
1331.62	0.591919
1331.62	0.582642
1331.62	0.587402
1331.62	0.583862
1331.62	0.582886
1331.62	0.577759
1331.62	0.581299
1331.62	0.573975
1331.62	0.581299
1331.62	0.582397
1331.62	0.582153
1331.62	0.572388
1331.62	0.575562
1331.62	0.569824
1331.62	0.567749
1331.62	0.553223
1331.62	0.556152
1331.62	0.560181
1331.62	0.558105
1331.62	0.554077
1331.62	0.548828
1331.62	0.557007
1331.62	0.557129
1331.62	0.560791
1331.62	0.543213
1331.62	0.546875
1331.62	0.543457
1331.62	0.542969
1331.62	0.526001
1331.62	0.54187
1331.62	0.545654
1331.62	0.551392
1331.62	0.55249
1331.62	0.544434
1331.62	0.543457
1331.62	0.542725
1331.62	0.546265
1331.62	0.539185
1331.62	0.527466
1331.62	0.510986
1331.62	0.513916
1331.62	0.513306
1331.62	0.505737
1331.62	0.497803
1331.62	0.493164
1331.62	0.495483
1331.62	0.492798
1331.62	0.504272
1331.62	0.495239
1331.62	0.497192
1331.62	0.494263
1331.62	0.498901
1331.62	0.498413
1331.62	0.485107
1331.62	0.477905
1331.62	0.48584
1331.62	0.474731
1331.62	0.476074
1331.62	0.474854
1331.62	0.476685
1331.62	0.494629
1331.62	0.502197
1331.62	0.489258
1331.62	0.492676
1331.62	0.502563
1331.62	0.502319
1331.62	0.494263
1331.62	0.483887
1331.62	0.488403
1331.62	0.489136
1331.62	0.489624
1331.62	0.473267
1331.62	0.474365
1331.62	0.484741
1331.62	0.474365
1331.62	0.490845
1331.62	0.482178
1331.62	0.484619
1331.62	0.496704
1331.62	0.49646
1331.62	0.484253
1331.62	0.492188
1331.62	0.49646
1331.62	0.492065
1331.62	0.493042
1331.62	0.487061
1331.62	0.476074
1331.62	0.466431
1331.62	0.458496
1331.62	0.442749
1331.62	0.443848
1331.62	0.436646
1331.62	0.437256
1331.62	0.434937
1331.62	0.431885
1331.62	0.43811
1331.62	0.432739
1331.62	0.424805
1331.62	0.43103
1331.62	0.435181
1331.62	0.425171
1331.62	0.431519
1331.62	0.425781
1331.62	0.418091
1331.62	0.420532
1331.62	0.431763
1331.62	0.441895
1331.62	0.442993
1331.62	0.454956
1331.62	0.461914
1331.62	0.454102
1331.62	0.443604
1331.62	0.440308
1331.62	0.439941
1331.62	0.441406
1331.62	0.428101
1331.62	0.41626
1331.62	0.414062
1331.62	0.411499
1331.62	0.417236
1331.62	0.420654
1331.62	0.418701
1331.62	0.417236
1331.62	0.415161
1331.62	0.405762
1331.62	0.4104
1331.62	0.411011
1331.62	0.414551
1331.62	0.400879
1331.62	0.412598
1331.62	0.414429
1331.62	0.411499
1331.62	0.416748
1331.62	0.432007
1331.62	0.420532
1331.62	0.424927
1331.62	0.425049
1331.62	0.43335
1331.62	0.427124
1331.62	0.418701
1331.62	0.426392
1331.62	0.434692
1331.62	0.439087
1331.62	0.439819
1331.62	0.456299
