1174.96	0.325562
1174.96	0.377563
1174.96	0.427734
1174.96	0.470703
1174.96	0.495239
1174.96	0.51355
1174.96	0.531372
1174.96	0.54541
1174.96	0.548584
1174.96	0.547241
1174.96	0.554932
1174.96	0.567871
1174.96	0.571899
1174.96	0.570557
1174.96	0.582886
1174.96	0.586426
1174.96	0.594849
1174.96	0.603516
1174.96	0.62146
1174.96	0.63501
1174.96	0.657837
1174.96	0.659302
1174.96	0.668213
1174.96	0.681396
1174.96	0.688354
1174.96	0.697021
1174.96	0.701416
1174.96	0.705322
1174.96	0.718262
1174.96	0.731567
1174.96	0.731934
1174.96	0.747681
1174.96	0.740967
1174.96	0.749146
1174.96	0.749878
1174.96	0.759277
1174.96	0.763916
1174.96	0.772949
1174.96	0.78186
1174.96	0.780029
1174.96	0.788452
1174.96	0.790771
1174.96	0.79248
1174.96	0.791382
1174.96	0.798828
1174.96	0.797852
1174.96	0.801392
1174.96	0.798706
1174.96	0.806152
1174.96	0.805542
1174.96	0.807739
1174.96	0.804688
1174.96	0.805176
1174.96	0.804565
1174.96	0.804321
1174.96	0.803345
1174.96	0.803711
1174.96	0.801025
1174.96	0.806519
1174.96	0.802246
1174.96	0.808228
1174.96	0.809204
1174.96	0.807861
1174.96	0.802368
1174.96	0.806396
1174.96	0.812256
1174.96	0.814941
1174.96	0.807129
1174.96	0.813721
1174.96	0.817993
1174.96	0.818359
1174.96	0.823608
1174.96	0.826904
1174.96	0.818359
1174.96	0.823975
1174.96	0.83252
1174.96	0.832275
1174.96	0.831665
1174.96	0.837402
1174.96	0.841553
1174.96	0.843628
1174.96	0.838257
1174.96	0.835693
1174.96	0.832764
1174.96	0.840332
1174.96	0.841553
1174.96	0.84436
1174.96	0.841553
1174.96	0.849121
1174.96	0.844971
1174.96	0.847778
1174.96	0.853027
1174.96	0.850952
1174.96	0.854858
1174.96	0.85437
1174.96	0.855103
1174.96	0.85498
1174.96	0.852173
1174.96	0.856445
1174.96	0.856323
1174.96	0.851196
1174.96	0.852051
1174.96	0.847534
1174.96	0.850586
1174.96	0.846436
1174.96	0.848755
1174.96	0.849243
1174.96	0.854004
1174.96	0.862305
1174.96	0.860718
1174.96	0.863037
1174.96	0.865601
1174.96	0.861572
1174.96	0.863525
1174.96	0.860718
1174.96	0.859863
1174.96	0.863159
1174.96	0.869141
1174.96	0.865234
1174.96	0.864014
1174.96	0.867432
1174.96	0.868896
1174.96	0.870728
1174.96	0.873779
1174.96	0.873535
1174.96	0.875244
1174.96	0.876099
1174.96	0.877319
1174.96	0.876709
1174.96	0.874634
1174.96	0.871094
1174.96	0.874634
1174.96	0.873779
1174.96	0.88147
1174.96	0.878662
1174.96	0.875732
1174.96	0.878296
1174.96	0.879639
1174.96	0.880615
1174.96	0.868896
1174.96	0.869629
1174.96	0.880127
1174.96	0.889648
1174.96	0.889038
1174.96	0.888428
1174.96	0.880981
1174.96	0.880005
1174.96	0.877808
1174.96	0.877197
1174.96	0.880493
1174.96	0.884888
1174.96	0.881104
1174.96	0.883179
1174.96	0.889648
1174.96	0.88916
1174.96	0.897339
1174.96	0.898926
1174.96	0.893066
1174.96	0.901489
1174.96	0.904175
1174.96	0.903687
1174.96	0.903809
1174.96	0.898682
1174.96	0.907349
1174.96	0.90271
1174.96	0.896484
1174.96	0.88855
1174.96	0.884888
1174.96	0.884399
1174.96	0.885742
1174.96	0.882202
1174.96	0.892578
1174.96	0.887207
1174.96	0.888916
1174.96	0.891846
1174.96	0.900024
1174.96	0.900146
1174.96	0.905518
1174.96	0.90918
1174.96	0.91333
1174.96	0.910034
1174.96	0.913208
1174.96	0.904297
1174.96	0.908081
1174.96	0.911011
1174.96	0.906494
1174.96	0.908325
1174.96	0.904053
1174.96	0.911133
1174.96	0.908691
1174.96	0.902954
1174.96	0.896729
1174.96	0.900024
1174.96	0.895752
1174.96	0.896973
1174.96	0.896484
1174.96	0.9021
1174.96	0.904053
1174.96	0.903809
1174.96	0.899902
