1679.75	0.271606
1679.75	0.256958
1679.75	0.248657
1679.75	0.242432
1679.75	0.225586
1679.75	0.226074
1679.75	0.204346
1679.75	0.188599
1679.75	0.181885
1679.75	0.182983
1679.75	0.176392
1679.75	0.157715
1679.75	0.156982
1679.75	0.139893
1679.75	0.129639
1679.75	0.103516
1679.75	0.109131
1679.75	0.107544
1679.75	0.101562
1679.75	0.104126
1679.75	0.0843506
1679.75	0.0578613
1679.75	0.0570068
1679.75	0.0477295
1679.75	0.0576172
1679.75	0.0319824
1679.75	0.0194092
1679.75	0.0247803
1679.75	0.00976562
1679.75	0.0216064
1679.75	0.0142822
1679.75	-0.00500488
1679.75	-0.00195312
1679.75	-0.0224609
1679.75	-0.0262451
1679.75	-0.0266113
1679.75	-0.0300293
1679.75	-0.0335693
1679.75	-0.0294189
1679.75	-0.0250244
1679.75	-0.00805664
1679.75	-0.0101318
1679.75	0.00585938
1679.75	0.0255127
1679.75	0.00646973
1679.75	0.0205078
1679.75	0.0301514
1679.75	0.0380859
1679.75	0.0443115
1679.75	0.0532227
1679.75	0.0471191
1679.75	0.0601807
1679.75	0.0710449
1679.75	0.074707
1679.75	0.0706787
1679.75	0.0776367
1679.75	0.0855713
1679.75	0.0852051
1679.75	0.057373
1679.75	0.0452881
1679.75	0.039917
1679.75	0.0391846
1679.75	0.0377197
1679.75	0.0288086
1679.75	0.0251465
1679.75	0.0391846
1679.75	0.0577393
1679.75	0.053833
1679.75	0.0388184
1679.75	0.0308838
1679.75	0.0384521
1679.75	0.0313721
1679.75	0.0358887
1679.75	0.0385742
1679.75	0.0196533
1679.75	0.0161133
1679.75	0.0109863
1679.75	-0.00317383
1679.75	-0.00183105
1679.75	-0.00756836
1679.75	-0.00708008
1679.75	-0.0345459
1679.75	-0.0318604
1679.75	-0.0194092
1679.75	-0.0161133
1679.75	-0.0269775
1679.75	-0.00769043
1679.75	-0.00341797
1679.75	0
1679.75	0.0145264
1679.75	0.0169678
1679.75	0.0262451
1679.75	0.0125732
1679.75	0.0141602
1679.75	0.0187988
1679.75	0.0263672
1679.75	0.0395508
1679.75	0.0302734
1679.75	0.0269775
1679.75	0.0142822
1679.75	0.0032959
1679.75	-0.013916
1679.75	-0.00622559
1679.75	-0.0117188
1679.75	-0.00683594
1679.75	0.00390625
1679.75	0.0202637
1679.75	0.0102539
1679.75	0.00512695
1679.75	0.012085
1679.75	0.0131836
1679.75	0.00842285
1679.75	0.0117188
1679.75	0.0012207
1679.75	-0.00720215
1679.75	-0.00292969
1679.75	-0.0206299
1679.75	-0.0274658
1679.75	-0.0305176
1679.75	-0.0148926
1679.75	-0.0107422
1679.75	-0.0012207
1679.75	-0.00244141
1679.75	0.0113525
1679.75	0.0147705
1679.75	0.0214844
1679.75	0.0334473
1679.75	0.0395508
1679.75	0.0401611
1679.75	0.0391846
1679.75	0.0500488
1679.75	0.0441895
1679.75	0.0343018
1679.75	0.0181885
1679.75	0.0317383
1679.75	0.0415039
1679.75	0.0264893
1679.75	0.0181885
1679.75	0.00805664
1679.75	0.00646973
1679.75	0.0179443
1679.75	0.00378418
1679.75	-0.00378418
1679.75	-0.0133057
1679.75	-0.00500488
1679.75	0.00378418
1679.75	0.00622559
1679.75	-0.00866699
1679.75	-0.0158691
1679.75	-0.00769043
1679.75	-0.00952148
1679.75	-0.00280762
1679.75	0.00744629
1679.75	0.0137939
1679.75	0.00744629
1679.75	0.0108643
1679.75	0.00695801
1679.75	0.00268555
1679.75	-0.00793457
1679.75	-0.00720215
1679.75	0.0065918
1679.75	-0.00952148
1679.75	-0.0241699
1679.75	-0.0222168
1679.75	-0.0354004
1679.75	-0.0404053
1679.75	-0.0228271
1679.75	-0.00939941
1679.75	-0.0123291
1679.75	-0.0142822
1679.75	-0.02771
1679.75	-0.0178223
1679.75	-0.00817871
1679.75	-0.000854492
1679.75	0.0065918
1679.75	0.00634766
1679.75	0.0111084
1679.75	0.00927734
1679.75	0.00244141
1679.75	0.00561523
1679.75	0.0020752
1679.75	0.00842285
1679.75	-0.00463867
1679.75	-0.0252686
1679.75	-0.0236816
1679.75	-0.0415039
1679.75	-0.039917
1679.75	-0.0389404
1679.75	-0.0292969
1679.75	-0.0383301
1679.75	-0.0443115
1679.75	-0.0465088
1679.75	-0.036377
1679.75	-0.0384521
1679.75	-0.0244141
1679.75	-0.0272217
1679.75	-0.0134277
1679.75	-0.0119629
1679.75	-0.015625
1679.75	-0.000366211
