1357.73	0.299683
1357.73	0.320557
1357.73	0.337646
1357.73	0.359741
1357.73	0.380859
1357.73	0.392456
1357.73	0.387695
1357.73	0.397339
1357.73	0.406982
1357.73	0.404663
1357.73	0.406616
1357.73	0.401489
1357.73	0.409912
1357.73	0.407349
1357.73	0.41626
1357.73	0.42688
1357.73	0.431641
1357.73	0.426758
1357.73	0.413208
1357.73	0.407471
1357.73	0.406006
1357.73	0.408325
1357.73	0.40271
1357.73	0.397827
1357.73	0.411377
1357.73	0.427612
1357.73	0.427368
1357.73	0.429932
1357.73	0.422607
1357.73	0.428955
1357.73	0.433472
1357.73	0.431885
1357.73	0.420288
1357.73	0.413452
1357.73	0.412964
1357.73	0.422241
1357.73	0.421387
1357.73	0.420532
1357.73	0.431763
1357.73	0.429321
1357.73	0.420288
1357.73	0.424561
1357.73	0.430298
1357.73	0.415894
1357.73	0.407104
1357.73	0.425781
1357.73	0.420654
1357.73	0.419434
1357.73	0.415283
1357.73	0.421875
1357.73	0.408936
1357.73	0.419312
1357.73	0.430054
1357.73	0.422729
1357.73	0.425049
1357.73	0.419678
1357.73	0.421997
1357.73	0.428955
1357.73	0.425781
1357.73	0.425659
1357.73	0.43103
1357.73	0.43103
1357.73	0.416382
1357.73	0.428223
1357.73	0.431152
1357.73	0.430664
1357.73	0.433716
1357.73	0.440063
1357.73	0.451172
1357.73	0.435913
1357.73	0.439087
1357.73	0.439331
1357.73	0.444458
1357.73	0.455811
1357.73	0.458984
1357.73	0.456055
1357.73	0.458008
1357.73	0.444824
1357.73	0.452515
1357.73	0.440552
1357.73	0.444946
1357.73	0.458618
1357.73	0.459839
1357.73	0.466431
1357.73	0.463013
1357.73	0.451294
1357.73	0.456665
1357.73	0.443237
1357.73	0.446655
1357.73	0.448364
1357.73	0.464844
1357.73	0.464844
1357.73	0.447632
1357.73	0.458862
1357.73	0.456787
1357.73	0.452393
1357.73	0.46228
1357.73	0.470825
1357.73	0.478271
1357.73	0.485596
1357.73	0.496704
1357.73	0.49646
1357.73	0.498413
1357.73	0.487915
1357.73	0.489502
1357.73	0.479492
1357.73	0.474121
1357.73	0.470581
1357.73	0.4823
1357.73	0.483765
1357.73	0.472778
1357.73	0.468262
1357.73	0.461792
1357.73	0.466064
1357.73	0.482422
1357.73	0.481201
1357.73	0.45874
1357.73	0.464478
1357.73	0.46875
1357.73	0.46814
1357.73	0.454956
1357.73	0.452759
1357.73	0.442017
1357.73	0.449707
1357.73	0.452393
1357.73	0.458496
1357.73	0.44812
1357.73	0.459351
1357.73	0.462402
1357.73	0.454712
1357.73	0.456909
1357.73	0.462646
1357.73	0.4646
1357.73	0.47998
1357.73	0.48999
1357.73	0.498169
1357.73	0.491455
1357.73	0.488403
1357.73	0.487915
1357.73	0.483032
1357.73	0.48938
1357.73	0.488037
1357.73	0.474609
1357.73	0.470947
1357.73	0.47522
1357.73	0.481079
1357.73	0.478882
1357.73	0.47522
1357.73	0.470581
1357.73	0.45105
1357.73	0.444458
1357.73	0.448975
1357.73	0.452026
1357.73	0.452148
1357.73	0.440674
1357.73	0.451782
1357.73	0.442383
1357.73	0.443848
1357.73	0.444824
1357.73	0.446533
1357.73	0.445801
1357.73	0.449951
1357.73	0.443848
1357.73	0.451782
1357.73	0.443481
1357.73	0.458984
1357.73	0.448364
1357.73	0.446411
1357.73	0.453369
1357.73	0.449463
1357.73	0.441528
1357.73	0.448242
1357.73	0.44519
1357.73	0.448608
1357.73	0.450195
1357.73	0.446167
1357.73	0.450562
1357.73	0.443115
1357.73	0.441772
1357.73	0.435791
1357.73	0.436035
1357.73	0.434937
1357.73	0.446045
1357.73	0.443848
1357.73	0.445068
1357.73	0.454102
1357.73	0.442871
1357.73	0.433838
1357.73	0.435791
1357.73	0.431274
1357.73	0.427124
1357.73	0.437988
1357.73	0.437988
1357.73	0.436157
1357.73	0.421143
1357.73	0.432251
1357.73	0.435303
1357.73	0.43103
1357.73	0.442261
1357.73	0.437378
