1183.66	0.316284
1183.66	0.353027
1183.66	0.393311
1183.66	0.42981
1183.66	0.453857
1183.66	0.475952
1183.66	0.492432
1183.66	0.511597
1183.66	0.530029
1183.66	0.545044
1183.66	0.541504
1183.66	0.553589
1183.66	0.573608
1183.66	0.582642
1183.66	0.601318
1183.66	0.613892
1183.66	0.626587
1183.66	0.643921
1183.66	0.651733
1183.66	0.651001
1183.66	0.654297
1183.66	0.662598
1183.66	0.66333
1183.66	0.678955
1183.66	0.689087
1183.66	0.696045
1183.66	0.697388
1183.66	0.693481
1183.66	0.692505
1183.66	0.709351
1183.66	0.719482
1183.66	0.717163
1183.66	0.715332
1183.66	0.728394
1183.66	0.733887
1183.66	0.735962
1183.66	0.740967
1183.66	0.743042
1183.66	0.753906
1183.66	0.757568
1183.66	0.76062
1183.66	0.763916
1183.66	0.764648
1183.66	0.774048
1183.66	0.781982
1183.66	0.782593
1183.66	0.786987
1183.66	0.79541
1183.66	0.79187
1183.66	0.791748
1183.66	0.792847
1183.66	0.797363
1183.66	0.796509
1183.66	0.811768
1183.66	0.812256
1183.66	0.811157
1183.66	0.810059
1183.66	0.810181
1183.66	0.815063
1183.66	0.814941
1183.66	0.811279
1183.66	0.805908
1183.66	0.807495
1183.66	0.797852
1183.66	0.807861
1183.66	0.81189
1183.66	0.81665
1183.66	0.817627
1183.66	0.822021
1183.66	0.82605
1183.66	0.823364
1183.66	0.828125
1183.66	0.82373
1183.66	0.829834
1183.66	0.828125
1183.66	0.830811
1183.66	0.832886
1183.66	0.830566
1183.66	0.826416
1183.66	0.823608
1183.66	0.831543
1183.66	0.830688
1183.66	0.834717
1183.66	0.833984
1183.66	0.838135
1183.66	0.832397
1183.66	0.84021
1183.66	0.842163
1183.66	0.841675
1183.66	0.844238
1183.66	0.844727
1183.66	0.847778
1183.66	0.856567
1183.66	0.852905
1183.66	0.852905
1183.66	0.854004
1183.66	0.860229
1183.66	0.852173
1183.66	0.841553
1183.66	0.847046
1183.66	0.847412
1183.66	0.845093
1183.66	0.850464
1183.66	0.848389
1183.66	0.855347
1183.66	0.861572
1183.66	0.859985
1183.66	0.859009
1183.66	0.856323
1183.66	0.854614
1183.66	0.857788
1183.66	0.85791
1183.66	0.859863
1183.66	0.865356
1183.66	0.866699
1183.66	0.86792
1183.66	0.871094
1183.66	0.869873
1183.66	0.872803
1183.66	0.871704
1183.66	0.86853
1183.66	0.872437
1183.66	0.871826
1183.66	0.875977
1183.66	0.873047
1183.66	0.865234
1183.66	0.871094
1183.66	0.87146
1183.66	0.87561
1183.66	0.871704
1183.66	0.867676
1183.66	0.866333
1183.66	0.862793
1183.66	0.866455
1183.66	0.868896
1183.66	0.861938
1183.66	0.870239
1183.66	0.863892
1183.66	0.866943
1183.66	0.869995
1183.66	0.871338
1183.66	0.86731
1183.66	0.872559
1183.66	0.877075
1183.66	0.872314
1183.66	0.866455
1183.66	0.872437
1183.66	0.870728
1183.66	0.875854
1183.66	0.880371
1183.66	0.890625
1183.66	0.894775
1183.66	0.884644
1183.66	0.887085
1183.66	0.884155
1183.66	0.884644
1183.66	0.884888
1183.66	0.888184
1183.66	0.887085
1183.66	0.893677
1183.66	0.8927
1183.66	0.893311
1183.66	0.890259
1183.66	0.896606
1183.66	0.895142
1183.66	0.893555
1183.66	0.894043
1183.66	0.895386
1183.66	0.901733
1183.66	0.901978
1183.66	0.902832
1183.66	0.899658
1183.66	0.899292
1183.66	0.896362
1183.66	0.894409
1183.66	0.89917
1183.66	0.897339
1183.66	0.894897
1183.66	0.897217
1183.66	0.897583
1183.66	0.893677
1183.66	0.893677
1183.66	0.895874
1183.66	0.89856
1183.66	0.900635
1183.66	0.902466
1183.66	0.89978
1183.66	0.894165
1183.66	0.895874
1183.66	0.89917
1183.66	0.897949
1183.66	0.901978
1183.66	0.90332
1183.66	0.911255
1183.66	0.912354
1183.66	0.908813
1183.66	0.907227
1183.66	0.904419
1183.66	0.896851
1183.66	0.894409
