1235.88	0.307007
1235.88	0.351685
1235.88	0.384888
1235.88	0.408813
1235.88	0.416138
1235.88	0.436035
1235.88	0.442627
1235.88	0.449585
1235.88	0.473999
1235.88	0.495972
1235.88	0.51416
1235.88	0.519409
1235.88	0.525024
1235.88	0.549927
1235.88	0.557983
1235.88	0.567139
1235.88	0.574097
1235.88	0.584229
1235.88	0.60144
1235.88	0.606567
1235.88	0.611816
1235.88	0.6073
1235.88	0.608887
1235.88	0.620239
1235.88	0.629272
1235.88	0.635742
1235.88	0.635742
1235.88	0.630371
1235.88	0.647095
1235.88	0.648315
1235.88	0.650269
1235.88	0.661499
1235.88	0.677856
1235.88	0.683838
1235.88	0.681396
1235.88	0.684448
1235.88	0.688232
1235.88	0.696777
1235.88	0.70166
1235.88	0.701172
1235.88	0.709106
1235.88	0.711182
1235.88	0.716553
1235.88	0.725586
1235.88	0.722046
1235.88	0.71521
1235.88	0.720337
1235.88	0.71936
1235.88	0.73938
1235.88	0.738281
1235.88	0.740601
1235.88	0.740356
1235.88	0.749146
1235.88	0.74939
1235.88	0.750732
1235.88	0.75769
1235.88	0.758423
1235.88	0.761841
1235.88	0.768066
1235.88	0.768311
1235.88	0.77417
1235.88	0.777832
1235.88	0.779419
1235.88	0.783569
1235.88	0.789062
1235.88	0.785522
1235.88	0.790771
1235.88	0.800293
1235.88	0.795044
1235.88	0.800171
1235.88	0.803345
1235.88	0.800659
1235.88	0.800415
1235.88	0.798218
1235.88	0.791138
1235.88	0.785278
1235.88	0.783203
1235.88	0.789917
1235.88	0.794922
1235.88	0.798828
1235.88	0.80481
1235.88	0.8125
1235.88	0.804199
1235.88	0.805298
1235.88	0.80127
1235.88	0.800415
1235.88	0.803589
1235.88	0.807739
1235.88	0.803101
1235.88	0.803101
1235.88	0.803223
1235.88	0.803467
1235.88	0.800781
1235.88	0.796265
1235.88	0.802246
1235.88	0.809448
1235.88	0.818848
1235.88	0.817749
1235.88	0.814941
1235.88	0.807983
1235.88	0.807861
1235.88	0.809448
1235.88	0.810059
1235.88	0.812622
1235.88	0.813232
1235.88	0.808838
1235.88	0.809448
1235.88	0.809937
1235.88	0.809082
1235.88	0.809448
1235.88	0.8125
1235.88	0.808228
1235.88	0.813354
1235.88	0.811035
1235.88	0.814087
1235.88	0.812378
1235.88	0.8125
1235.88	0.812378
1235.88	0.812134
1235.88	0.817993
1235.88	0.811279
1235.88	0.808472
1235.88	0.814697
1235.88	0.816772
1235.88	0.817627
1235.88	0.819214
1235.88	0.819458
1235.88	0.826904
1235.88	0.8396
1235.88	0.841064
1235.88	0.847168
1235.88	0.838623
1235.88	0.83606
1235.88	0.829712
1235.88	0.825195
1235.88	0.821411
1235.88	0.828369
1235.88	0.83728
1235.88	0.837524
1235.88	0.836182
1235.88	0.840088
1235.88	0.841309
1235.88	0.840332
1235.88	0.827026
1235.88	0.824341
1235.88	0.825317
1235.88	0.820557
1235.88	0.826782
1235.88	0.821289
1235.88	0.823853
1235.88	0.820801
1235.88	0.826416
1235.88	0.820557
1235.88	0.807007
1235.88	0.802612
1235.88	0.815063
1235.88	0.814453
1235.88	0.828491
1235.88	0.834961
1235.88	0.828247
1235.88	0.828003
1235.88	0.824341
1235.88	0.83313
1235.88	0.823364
1235.88	0.825806
1235.88	0.83252
1235.88	0.839722
1235.88	0.834595
1235.88	0.832886
1235.88	0.838135
1235.88	0.836304
1235.88	0.831787
1235.88	0.842529
1235.88	0.840454
1235.88	0.849854
1235.88	0.853149
1235.88	0.857544
1235.88	0.855957
1235.88	0.853882
1235.88	0.856567
1235.88	0.859009
1235.88	0.861084
1235.88	0.866333
1235.88	0.866333
1235.88	0.864624
1235.88	0.860474
1235.88	0.860107
1235.88	0.854736
1235.88	0.85144
1235.88	0.85022
1235.88	0.851807
1235.88	0.850464
1235.88	0.843994
1235.88	0.844116
1235.88	0.836182
1235.88	0.834229
1235.88	0.831299
1235.88	0.833618
1235.88	0.837402
1235.88	0.835815
