1409.95	0.297607
1409.95	0.333008
1409.95	0.332642
1409.95	0.344849
1409.95	0.353149
1409.95	0.376831
1409.95	0.368286
1409.95	0.378906
1409.95	0.384888
1409.95	0.381348
1409.95	0.382324
1409.95	0.374023
1409.95	0.382935
1409.95	0.375854
1409.95	0.375488
1409.95	0.364258
1409.95	0.370605
1409.95	0.364868
1409.95	0.371826
1409.95	0.376709
1409.95	0.382568
1409.95	0.370361
1409.95	0.367188
1409.95	0.373047
1409.95	0.354248
1409.95	0.349731
1409.95	0.349243
1409.95	0.348267
1409.95	0.362305
1409.95	0.36499
1409.95	0.360229
1409.95	0.351074
1409.95	0.360107
1409.95	0.361572
1409.95	0.354858
1409.95	0.339478
1409.95	0.33606
1409.95	0.328735
1409.95	0.334595
1409.95	0.328369
1409.95	0.321655
1409.95	0.333496
1409.95	0.346313
1409.95	0.361206
1409.95	0.350342
1409.95	0.347534
1409.95	0.338379
1409.95	0.329834
1409.95	0.344116
1409.95	0.352295
1409.95	0.356812
1409.95	0.352417
1409.95	0.356079
1409.95	0.365356
1409.95	0.364502
1409.95	0.375244
1409.95	0.387451
1409.95	0.380737
1409.95	0.376221
1409.95	0.375488
1409.95	0.368774
1409.95	0.363647
1409.95	0.355347
1409.95	0.347778
1409.95	0.342285
1409.95	0.327759
1409.95	0.329468
1409.95	0.344604
1409.95	0.340576
1409.95	0.333862
1409.95	0.341431
1409.95	0.342163
1409.95	0.340576
1409.95	0.332642
1409.95	0.330566
1409.95	0.335693
1409.95	0.329468
1409.95	0.334351
1409.95	0.343384
1409.95	0.338013
1409.95	0.334717
1409.95	0.34668
1409.95	0.345093
1409.95	0.352173
1409.95	0.342896
1409.95	0.337158
1409.95	0.337036
1409.95	0.337036
1409.95	0.33667
1409.95	0.342529
1409.95	0.335205
1409.95	0.319214
1409.95	0.324951
1409.95	0.320435
1409.95	0.326172
1409.95	0.337402
1409.95	0.325928
1409.95	0.325195
1409.95	0.316895
1409.95	0.326172
1409.95	0.319458
1409.95	0.321899
1409.95	0.313232
1409.95	0.315918
1409.95	0.317627
1409.95	0.299561
1409.95	0.301392
1409.95	0.311035
1409.95	0.300903
1409.95	0.295044
1409.95	0.29541
1409.95	0.287598
1409.95	0.276123
1409.95	0.276367
1409.95	0.272461
1409.95	0.269653
1409.95	0.271973
1409.95	0.256592
1409.95	0.259644
1409.95	0.260132
1409.95	0.267822
1409.95	0.274902
1409.95	0.273071
1409.95	0.259521
1409.95	0.253174
1409.95	0.267334
1409.95	0.273071
1409.95	0.259888
1409.95	0.260376
1409.95	0.244141
1409.95	0.246216
1409.95	0.242188
1409.95	0.25293
1409.95	0.251221
1409.95	0.254883
1409.95	0.245117
1409.95	0.245117
1409.95	0.247559
1409.95	0.25
1409.95	0.243408
1409.95	0.237915
1409.95	0.241943
1409.95	0.236572
1409.95	0.236084
1409.95	0.222168
1409.95	0.230957
1409.95	0.226807
1409.95	0.236938
1409.95	0.230835
1409.95	0.229492
1409.95	0.218262
1409.95	0.210327
1409.95	0.216797
1409.95	0.225952
1409.95	0.221558
1409.95	0.225586
1409.95	0.223389
1409.95	0.22229
1409.95	0.217285
1409.95	0.21875
1409.95	0.22168
1409.95	0.228638
1409.95	0.23938
1409.95	0.242798
1409.95	0.241333
1409.95	0.234253
1409.95	0.236938
1409.95	0.225342
1409.95	0.224854
1409.95	0.230713
1409.95	0.231323
1409.95	0.220093
1409.95	0.214966
1409.95	0.230469
1409.95	0.224121
1409.95	0.224731
1409.95	0.223145
1409.95	0.230469
1409.95	0.2052
1409.95	0.215698
1409.95	0.231323
1409.95	0.237671
1409.95	0.24292
1409.95	0.246216
1409.95	0.248779
1409.95	0.246704
1409.95	0.246948
1409.95	0.253296
1409.95	0.251343
1409.95	0.24231
1409.95	0.234497
1409.95	0.244751
1409.95	0.245117
1409.95	0.233643
1409.95	0.234741
1409.95	0.238281
1409.95	0.215088
1409.95	0.207153
1409.95	0.202148
1409.95	0.212646
