1566.61	0.292114
1566.61	0.296387
1566.61	0.294067
1566.61	0.300415
1566.61	0.302124
1566.61	0.287964
1566.61	0.275146
1566.61	0.273804
1566.61	0.259399
1566.61	0.258545
1566.61	0.25
1566.61	0.246094
1566.61	0.240479
1566.61	0.218506
1566.61	0.230591
1566.61	0.208984
1566.61	0.188965
1566.61	0.18811
1566.61	0.17334
1566.61	0.177734
1566.61	0.171143
1566.61	0.180054
1566.61	0.178101
1566.61	0.174927
1566.61	0.162964
1566.61	0.148315
1566.61	0.127686
1566.61	0.144409
1566.61	0.141724
1566.61	0.134155
1566.61	0.131714
1566.61	0.140259
1566.61	0.156982
1566.61	0.155029
1566.61	0.139648
1566.61	0.123047
1566.61	0.126709
1566.61	0.11792
1566.61	0.112671
1566.61	0.108032
1566.61	0.11792
1566.61	0.0952148
1566.61	0.0842285
1566.61	0.0803223
1566.61	0.0686035
1566.61	0.0841064
1566.61	0.0826416
1566.61	0.0800781
1566.61	0.0725098
1566.61	0.0645752
1566.61	0.0362549
1566.61	0.038208
1566.61	0.0268555
1566.61	0.0437012
1566.61	0.045166
1566.61	0.0393066
1566.61	0.0528564
1566.61	0.0482178
1566.61	0.0667725
1566.61	0.0777588
1566.61	0.0897217
1566.61	0.0922852
1566.61	0.0836182
1566.61	0.0665283
1566.61	0.0477295
1566.61	0.0476074
1566.61	0.0493164
1566.61	0.0461426
1566.61	0.0439453
1566.61	0.0240479
1566.61	0.0350342
1566.61	0.0233154
1566.61	0.0352783
1566.61	0.032959
1566.61	0.0290527
1566.61	0.0209961
1566.61	0.0102539
1566.61	0.0152588
1566.61	0.00341797
1566.61	-0.000732422
1566.61	0.00817871
1566.61	0.00524902
1566.61	0.00732422
1566.61	0.00134277
1566.61	0.00561523
1566.61	0.00646973
1566.61	0.00500488
1566.61	-0.00146484
1566.61	0.0175781
1566.61	0.0124512
1566.61	0.013916
1566.61	0.0162354
1566.61	0.00256348
1566.61	-0.00646973
1566.61	-0.00500488
1566.61	-0.0113525
1566.61	-0.0117188
1566.61	-0.00463867
1566.61	-0.0174561
1566.61	-0.0222168
1566.61	-0.0172119
1566.61	-0.027832
1566.61	-0.0390625
1566.61	-0.0374756
1566.61	-0.0209961
1566.61	-0.0198975
1566.61	-0.0378418
1566.61	-0.0219727
1566.61	-0.0313721
1566.61	-0.0469971
1566.61	-0.0400391
1566.61	-0.0373535
1566.61	-0.0371094
1566.61	-0.0361328
1566.61	-0.0389404
1566.61	-0.0551758
1566.61	-0.0517578
1566.61	-0.046875
1566.61	-0.0511475
1566.61	-0.0461426
1566.61	-0.0253906
1566.61	-0.0214844
1566.61	-0.0246582
1566.61	-0.0394287
1566.61	-0.039917
1566.61	-0.0303955
1566.61	-0.019165
1566.61	-0.013916
1566.61	-0.00390625
1566.61	-0.0200195
1566.61	-0.00866699
1566.61	-0.0239258
1566.61	-0.0339355
1566.61	-0.0422363
1566.61	-0.0528564
1566.61	-0.0478516
1566.61	-0.0510254
1566.61	-0.0408936
1566.61	-0.022583
1566.61	-0.0135498
1566.61	-0.0145264
1566.61	-0.0351562
1566.61	-0.0527344
1566.61	-0.0571289
1566.61	-0.0545654
1566.61	-0.0620117
1566.61	-0.0717773
1566.61	-0.0888672
1566.61	-0.09021
1566.61	-0.0899658
1566.61	-0.0809326
1566.61	-0.0965576
1566.61	-0.0856934
1566.61	-0.0837402
1566.61	-0.088623
1566.61	-0.0943604
1566.61	-0.0894775
1566.61	-0.074585
1566.61	-0.060791
1566.61	-0.0450439
1566.61	-0.0332031
1566.61	-0.0351562
1566.61	-0.0465088
1566.61	-0.0566406
1566.61	-0.0443115
1566.61	-0.0446777
1566.61	-0.0396729
1566.61	-0.0362549
1566.61	-0.0335693
1566.61	-0.0422363
1566.61	-0.0402832
1566.61	-0.0332031
1566.61	-0.0256348
1566.61	-0.026123
1566.61	-0.0175781
1566.61	-0.019043
1566.61	-0.0175781
1566.61	-0.0234375
1566.61	-0.0114746
1566.61	-0.0297852
1566.61	-0.0412598
1566.61	-0.0296631
1566.61	-0.0394287
1566.61	-0.0274658
1566.61	-0.0280762
1566.61	-0.0203857
1566.61	-0.024292
1566.61	-0.0267334
1566.61	-0.0283203
1566.61	-0.0319824
1566.61	-0.0390625
1566.61	-0.0339355
1566.61	-0.03125
1566.61	-0.0345459
1566.61	-0.0144043
1566.61	-0.00634766
1566.61	-0.00463867
1566.61	0.0134277
1566.61	-0.00170898
1566.61	-0.00695801
