1488.28	0.289917
1488.28	0.27478
1488.28	0.291016
1488.28	0.283813
1488.28	0.27832
1488.28	0.276367
1488.28	0.285156
1488.28	0.278198
1488.28	0.279785
1488.28	0.271973
1488.28	0.268311
1488.28	0.259399
1488.28	0.259399
1488.28	0.244385
1488.28	0.245728
1488.28	0.241089
1488.28	0.220459
1488.28	0.206421
1488.28	0.216797
1488.28	0.214478
1488.28	0.22644
1488.28	0.228149
1488.28	0.228027
1488.28	0.215088
1488.28	0.20105
1488.28	0.204102
1488.28	0.191284
1488.28	0.176636
1488.28	0.164307
1488.28	0.165649
1488.28	0.168701
1488.28	0.161987
1488.28	0.157471
1488.28	0.164551
1488.28	0.159424
1488.28	0.165649
1488.28	0.160278
1488.28	0.164673
1488.28	0.144409
1488.28	0.141602
1488.28	0.141113
1488.28	0.143677
1488.28	0.151123
1488.28	0.1427
1488.28	0.139404
1488.28	0.131714
1488.28	0.127808
1488.28	0.12854
1488.28	0.113892
1488.28	0.119141
1488.28	0.109375
1488.28	0.104614
1488.28	0.115845
1488.28	0.110474
1488.28	0.0996094
1488.28	0.1073
1488.28	0.107056
1488.28	0.112793
1488.28	0.101685
1488.28	0.106201
1488.28	0.124878
1488.28	0.127441
1488.28	0.124146
1488.28	0.113403
1488.28	0.116577
1488.28	0.118896
1488.28	0.107178
1488.28	0.120605
1488.28	0.118896
1488.28	0.121338
1488.28	0.119873
1488.28	0.116333
1488.28	0.11499
1488.28	0.13916
1488.28	0.131226
1488.28	0.133667
1488.28	0.129639
1488.28	0.129639
1488.28	0.122314
1488.28	0.121338
1488.28	0.116699
1488.28	0.105591
1488.28	0.102295
1488.28	0.101318
1488.28	0.112183
1488.28	0.0979004
1488.28	0.112183
1488.28	0.114136
1488.28	0.116943
1488.28	0.121338
1488.28	0.109619
1488.28	0.111572
1488.28	0.113647
1488.28	0.0996094
1488.28	0.112061
1488.28	0.109253
1488.28	0.103149
1488.28	0.115356
1488.28	0.109009
1488.28	0.0882568
1488.28	0.0791016
1488.28	0.0766602
1488.28	0.0721436
1488.28	0.076416
1488.28	0.0704346
1488.28	0.0797119
1488.28	0.0760498
1488.28	0.0626221
1488.28	0.0738525
1488.28	0.0701904
1488.28	0.0583496
1488.28	0.0599365
1488.28	0.06604
1488.28	0.0722656
1488.28	0.0765381
1488.28	0.0787354
1488.28	0.0643311
1488.28	0.0465088
1488.28	0.0462646
1488.28	0.0532227
1488.28	0.0644531
1488.28	0.0612793
1488.28	0.0581055
1488.28	0.0635986
1488.28	0.055542
1488.28	0.0716553
1488.28	0.0687256
1488.28	0.0644531
1488.28	0.0687256
1488.28	0.0755615
1488.28	0.0914307
1488.28	0.104126
1488.28	0.10791
1488.28	0.106567
1488.28	0.0935059
1488.28	0.0844727
1488.28	0.0720215
1488.28	0.0557861
1488.28	0.0494385
1488.28	0.0445557
1488.28	0.0426025
1488.28	0.0357666
1488.28	0.0274658
1488.28	0.0285645
1488.28	0.0250244
1488.28	0.0203857
1488.28	0.0129395
1488.28	0.0201416
1488.28	0.0338135
1488.28	0.0175781
1488.28	0.0181885
1488.28	0.0130615
1488.28	0.0135498
1488.28	0.0142822
1488.28	0.0100098
1488.28	0.0256348
1488.28	0.0214844
1488.28	0.0233154
1488.28	0.0111084
1488.28	0.020874
1488.28	0.0231934
1488.28	0.0206299
1488.28	0.0202637
1488.28	0.0166016
1488.28	0.00585938
1488.28	0
1488.28	-0.0057373
1488.28	-0.0100098
1488.28	0.00219727
1488.28	-0.0131836
1488.28	-0.0339355
1488.28	-0.0267334
1488.28	-0.0181885
1488.28	0.00195312
1488.28	0.00439453
1488.28	0.0117188
1488.28	0.0137939
1488.28	0.0205078
1488.28	0.0330811
1488.28	0.0180664
1488.28	0.0130615
1488.28	0.0098877
1488.28	0.00646973
1488.28	0.0133057
1488.28	0.0175781
1488.28	0.020874
1488.28	0.0328369
1488.28	0.0328369
1488.28	0.0405273
1488.28	0.0513916
1488.28	0.0499268
1488.28	0.0601807
1488.28	0.0426025
1488.28	0.0313721
1488.28	0.036499
1488.28	0.0422363
1488.28	0.0349121
1488.28	0.0544434
1488.28	0.074707
1488.28	0.0749512
