1340.32	0.299683
1340.32	0.344971
1340.32	0.346558
1340.32	0.344727
1340.32	0.354248
1340.32	0.368896
1340.32	0.381104
1340.32	0.385132
1340.32	0.383667
1340.32	0.379883
1340.32	0.383545
1340.32	0.390869
1340.32	0.395874
1340.32	0.396729
1340.32	0.391846
1340.32	0.391602
1340.32	0.4021
1340.32	0.40918
1340.32	0.408081
1340.32	0.410278
1340.32	0.42395
1340.32	0.424927
1340.32	0.423462
1340.32	0.415649
1340.32	0.408447
1340.32	0.420288
1340.32	0.407227
1340.32	0.4198
1340.32	0.421631
1340.32	0.440308
1340.32	0.443726
1340.32	0.449463
1340.32	0.452515
1340.32	0.460693
1340.32	0.453857
1340.32	0.455688
1340.32	0.455566
1340.32	0.46228
1340.32	0.465332
1340.32	0.468506
1340.32	0.471802
1340.32	0.471313
1340.32	0.463867
1340.32	0.460571
1340.32	0.468628
1340.32	0.462524
1340.32	0.459595
1340.32	0.44751
1340.32	0.443115
1340.32	0.447998
1340.32	0.442749
1340.32	0.443115
1340.32	0.435303
1340.32	0.42688
1340.32	0.428955
1340.32	0.439331
1340.32	0.444214
1340.32	0.438843
1340.32	0.442017
1340.32	0.447632
1340.32	0.440674
1340.32	0.435425
1340.32	0.429321
1340.32	0.430908
1340.32	0.427856
1340.32	0.424927
1340.32	0.435913
1340.32	0.440918
1340.32	0.427368
1340.32	0.425781
1340.32	0.425537
1340.32	0.429688
1340.32	0.4198
1340.32	0.422729
1340.32	0.435913
1340.32	0.430298
1340.32	0.427246
1340.32	0.426147
1340.32	0.434692
1340.32	0.444824
1340.32	0.447998
1340.32	0.451904
1340.32	0.456055
1340.32	0.451416
1340.32	0.442993
1340.32	0.440063
1340.32	0.432495
1340.32	0.433228
1340.32	0.440308
1340.32	0.434082
1340.32	0.442871
1340.32	0.453613
1340.32	0.457642
1340.32	0.442627
1340.32	0.441406
1340.32	0.445557
1340.32	0.447632
1340.32	0.456055
1340.32	0.457764
1340.32	0.468262
1340.32	0.453369
1340.32	0.445312
1340.32	0.440186
1340.32	0.440308
1340.32	0.441162
1340.32	0.445923
1340.32	0.440308
1340.32	0.442017
1340.32	0.439087
1340.32	0.430298
1340.32	0.433838
1340.32	0.417969
1340.32	0.412964
1340.32	0.41333
1340.32	0.406738
1340.32	0.404541
1340.32	0.414795
1340.32	0.39978
1340.32	0.40918
1340.32	0.408081
1340.32	0.408325
1340.32	0.395264
1340.32	0.396606
1340.32	0.406128
1340.32	0.396484
1340.32	0.396118
1340.32	0.390503
1340.32	0.386597
1340.32	0.387451
1340.32	0.377319
1340.32	0.379272
1340.32	0.385986
1340.32	0.391724
1340.32	0.395996
1340.32	0.396606
1340.32	0.396362
1340.32	0.395386
1340.32	0.391724
1340.32	0.401123
1340.32	0.398682
1340.32	0.394165
1340.32	0.38855
1340.32	0.390625
1340.32	0.379761
1340.32	0.378296
1340.32	0.377441
1340.32	0.39209
1340.32	0.389038
1340.32	0.395508
1340.32	0.380493
1340.32	0.380615
1340.32	0.374878
1340.32	0.373169
1340.32	0.369873
1340.32	0.362915
1340.32	0.359863
1340.32	0.362671
1340.32	0.366699
1340.32	0.372437
1340.32	0.369141
1340.32	0.383301
1340.32	0.391846
1340.32	0.387329
1340.32	0.38147
1340.32	0.378296
1340.32	0.376221
1340.32	0.377075
1340.32	0.362549
1340.32	0.355103
1340.32	0.366089
1340.32	0.368652
1340.32	0.373657
1340.32	0.379639
1340.32	0.381226
1340.32	0.380737
1340.32	0.37915
1340.32	0.382446
1340.32	0.392944
1340.32	0.385864
1340.32	0.378174
1340.32	0.377808
1340.32	0.364746
1340.32	0.35437
1340.32	0.359375
1340.32	0.356934
1340.32	0.352417
1340.32	0.368286
1340.32	0.376221
1340.32	0.378418
1340.32	0.378906
1340.32	0.376953
1340.32	0.374268
1340.32	0.366211
1340.32	0.366699
1340.32	0.370239
1340.32	0.371338
1340.32	0.371338
1340.32	0.369629
1340.32	0.380127
1340.32	0.375977
