1209.77	0.312988
1209.77	0.348755
1209.77	0.368164
1209.77	0.394775
1209.77	0.412354
1209.77	0.426636
1209.77	0.449951
1209.77	0.468384
1209.77	0.479248
1209.77	0.495239
1209.77	0.486694
1209.77	0.492798
1209.77	0.490967
1209.77	0.510132
1209.77	0.524048
1209.77	0.529907
1209.77	0.52356
1209.77	0.529785
1209.77	0.535645
1209.77	0.543457
1209.77	0.559204
1209.77	0.580566
1209.77	0.581909
1209.77	0.585205
1209.77	0.597656
1209.77	0.610962
1209.77	0.607178
1209.77	0.616333
1209.77	0.619751
1209.77	0.618774
1209.77	0.623779
1209.77	0.625488
1209.77	0.642212
1209.77	0.655884
1209.77	0.66394
1209.77	0.669067
1209.77	0.67749
1209.77	0.680298
1209.77	0.684448
1209.77	0.69165
1209.77	0.690186
1209.77	0.696167
1209.77	0.692139
1209.77	0.693848
1209.77	0.701904
1209.77	0.703613
1209.77	0.709229
1209.77	0.709717
1209.77	0.711792
1209.77	0.7229
1209.77	0.72229
1209.77	0.729248
1209.77	0.726196
1209.77	0.71936
1209.77	0.724365
1209.77	0.728271
1209.77	0.733521
1209.77	0.732422
1209.77	0.728516
1209.77	0.728516
1209.77	0.733765
1209.77	0.72998
1209.77	0.733154
1209.77	0.740601
1209.77	0.750366
1209.77	0.743408
1209.77	0.752686
1209.77	0.755493
1209.77	0.756226
1209.77	0.765015
1209.77	0.769409
1209.77	0.771362
1209.77	0.770386
1209.77	0.777344
1209.77	0.780273
1209.77	0.787109
1209.77	0.787109
1209.77	0.784424
1209.77	0.792725
1209.77	0.792847
1209.77	0.792847
1209.77	0.788452
1209.77	0.790161
1209.77	0.795044
1209.77	0.79248
1209.77	0.801392
1209.77	0.80835
1209.77	0.810059
1209.77	0.806763
1209.77	0.798096
1209.77	0.800171
1209.77	0.798584
1209.77	0.797363
1209.77	0.807251
1209.77	0.815552
1209.77	0.815308
1209.77	0.80481
1209.77	0.807495
1209.77	0.814087
1209.77	0.813721
1209.77	0.817505
1209.77	0.811523
1209.77	0.811523
1209.77	0.811035
1209.77	0.821289
1209.77	0.818115
1209.77	0.817871
1209.77	0.820923
1209.77	0.820068
1209.77	0.827026
1209.77	0.831299
1209.77	0.827393
1209.77	0.839844
1209.77	0.839966
1209.77	0.842041
1209.77	0.839722
1209.77	0.843384
1209.77	0.842896
1209.77	0.843506
1209.77	0.844727
1209.77	0.841919
1209.77	0.836304
1209.77	0.833496
1209.77	0.832642
1209.77	0.836304
1209.77	0.841797
1209.77	0.838989
1209.77	0.843628
1209.77	0.848999
1209.77	0.854492
1209.77	0.852783
1209.77	0.850708
1209.77	0.845459
1209.77	0.84729
1209.77	0.852783
1209.77	0.850464
1209.77	0.843384
1209.77	0.845215
1209.77	0.844971
1209.77	0.844849
1209.77	0.851074
1209.77	0.840332
1209.77	0.851318
1209.77	0.855835
1209.77	0.863281
1209.77	0.862427
1209.77	0.872437
1209.77	0.866577
1209.77	0.873291
1209.77	0.866333
1209.77	0.86438
1209.77	0.862061
1209.77	0.860596
1209.77	0.861572
1209.77	0.865845
1209.77	0.870972
1209.77	0.869995
1209.77	0.865723
1209.77	0.860718
1209.77	0.854736
1209.77	0.85791
1209.77	0.858032
1209.77	0.866821
1209.77	0.866699
1209.77	0.87207
1209.77	0.866821
1209.77	0.869385
1209.77	0.865112
1209.77	0.858398
1209.77	0.861572
1209.77	0.864136
1209.77	0.865479
1209.77	0.868408
1209.77	0.867188
1209.77	0.869507
1209.77	0.867798
1209.77	0.863159
1209.77	0.863159
1209.77	0.859863
1209.77	0.855835
1209.77	0.869263
1209.77	0.877197
1209.77	0.876465
1209.77	0.874268
1209.77	0.87085
1209.77	0.872192
1209.77	0.869263
1209.77	0.869019
1209.77	0.868408
1209.77	0.869873
1209.77	0.877808
1209.77	0.877075
1209.77	0.880005
1209.77	0.880249
1209.77	0.874756
1209.77	0.874512
1209.77	0.870972
1209.77	0.87085
1209.77	0.867432
1209.77	0.875977
