948.67	0.348877
948.67	0.425537
948.67	0.497314
948.67	0.54895
948.67	0.584839
948.67	0.619995
948.67	0.658691
948.67	0.680298
948.67	0.700073
948.67	0.723389
948.67	0.745605
948.67	0.758789
948.67	0.777588
948.67	0.786499
948.67	0.798096
948.67	0.802612
948.67	0.819458
948.67	0.826782
948.67	0.832275
948.67	0.840088
948.67	0.847656
948.67	0.853638
948.67	0.863281
948.67	0.863159
948.67	0.869751
948.67	0.880005
948.67	0.883667
948.67	0.890503
948.67	0.89502
948.67	0.902466
948.67	0.903809
948.67	0.908325
948.67	0.915405
948.67	0.92395
948.67	0.928955
948.67	0.929199
948.67	0.933838
948.67	0.932373
948.67	0.936768
948.67	0.939697
948.67	0.943604
948.67	0.946289
948.67	0.947632
948.67	0.949585
948.67	0.945435
948.67	0.947998
948.67	0.948242
948.67	0.956177
948.67	0.957397
948.67	0.958496
948.67	0.962646
948.67	0.962646
948.67	0.965088
948.67	0.964478
948.67	0.967651
948.67	0.966431
948.67	0.963745
948.67	0.967163
948.67	0.964111
948.67	0.966797
948.67	0.965576
948.67	0.96875
948.67	0.969116
948.67	0.970093
948.67	0.970825
948.67	0.968872
948.67	0.969604
948.67	0.974731
948.67	0.973999
948.67	0.971558
948.67	0.973145
948.67	0.972534
948.67	0.971558
948.67	0.9729
948.67	0.974976
948.67	0.973389
948.67	0.970703
948.67	0.974121
948.67	0.977539
948.67	0.975342
948.67	0.97644
948.67	0.974365
948.67	0.97644
948.67	0.97876
948.67	0.976685
948.67	0.975464
948.67	0.975464
948.67	0.978149
948.67	0.980225
948.67	0.977661
948.67	0.978882
948.67	0.978149
948.67	0.975952
948.67	0.97644
948.67	0.977417
948.67	0.974854
948.67	0.977417
948.67	0.978149
948.67	0.978394
948.67	0.980469
948.67	0.978516
948.67	0.977905
948.67	0.977173
948.67	0.976685
948.67	0.97583
948.67	0.978882
948.67	0.978149
948.67	0.979492
948.67	0.978271
948.67	0.976196
948.67	0.978027
948.67	0.974731
948.67	0.975708
948.67	0.974121
948.67	0.97522
948.67	0.976318
948.67	0.977905
948.67	0.977539
948.67	0.97583
948.67	0.977173
948.67	0.977417
948.67	0.978271
948.67	0.974609
948.67	0.977173
948.67	0.97998
948.67	0.976318
948.67	0.97644
948.67	0.975464
948.67	0.977905
948.67	0.977295
948.67	0.976807
948.67	0.976562
948.67	0.97876
948.67	0.974365
948.67	0.977417
948.67	0.975708
948.67	0.976562
948.67	0.980225
948.67	0.976929
948.67	0.97937
948.67	0.975342
948.67	0.974487
948.67	0.977173
948.67	0.980713
948.67	0.980347
948.67	0.978394
948.67	0.979004
948.67	0.976685
948.67	0.977783
948.67	0.980347
948.67	0.975342
948.67	0.977051
948.67	0.981079
948.67	0.979614
948.67	0.978638
948.67	0.976685
948.67	0.977295
948.67	0.977539
948.67	0.974976
948.67	0.97644
948.67	0.978638
948.67	0.973511
948.67	0.973999
948.67	0.975586
948.67	0.978149
948.67	0.97644
948.67	0.978027
948.67	0.979126
948.67	0.980103
948.67	0.976929
948.67	0.979492
948.67	0.976196
948.67	0.979004
948.67	0.977051
948.67	0.978027
948.67	0.975098
948.67	0.976685
948.67	0.976318
948.67	0.975952
948.67	0.973511
948.67	0.975586
948.67	0.977051
948.67	0.974976
948.67	0.976196
948.67	0.977783
948.67	0.974609
948.67	0.975098
948.67	0.973022
948.67	0.978271
948.67	0.978027
948.67	0.977661
948.67	0.977539
948.67	0.977661
948.67	0.979126
948.67	0.976196
948.67	0.974731
948.67	0.976807
948.67	0.976562
948.67	0.978027
948.67	0.979492
