1584.02	0.315186
1584.02	0.306396
1584.02	0.306763
1584.02	0.295654
1584.02	0.27832
1584.02	0.272583
1584.02	0.262939
1584.02	0.258057
1584.02	0.251343
1584.02	0.228394
1584.02	0.227417
1584.02	0.228027
1584.02	0.221313
1584.02	0.195312
1584.02	0.203125
1584.02	0.199463
1584.02	0.199097
1584.02	0.191284
1584.02	0.198975
1584.02	0.197998
1584.02	0.202759
1584.02	0.189087
1584.02	0.1875
1584.02	0.168335
1584.02	0.183472
1584.02	0.167358
1584.02	0.173462
1584.02	0.155029
1584.02	0.152466
1584.02	0.143433
1584.02	0.139282
1584.02	0.123779
1584.02	0.112915
1584.02	0.116943
1584.02	0.117065
1584.02	0.129761
1584.02	0.135376
1584.02	0.14209
1584.02	0.140259
1584.02	0.130859
1584.02	0.11792
1584.02	0.118896
1584.02	0.104614
1584.02	0.101074
1584.02	0.0863037
1584.02	0.0911865
1584.02	0.0893555
1584.02	0.0914307
1584.02	0.0534668
1584.02	0.0598145
1584.02	0.0672607
1584.02	0.0766602
1584.02	0.0635986
1584.02	0.0601807
1584.02	0.0650635
1584.02	0.064209
1584.02	0.0592041
1584.02	0.0498047
1584.02	0.0410156
1584.02	0.0543213
1584.02	0.0582275
1584.02	0.0682373
1584.02	0.0566406
1584.02	0.053833
1584.02	0.0426025
1584.02	0.0373535
1584.02	0.0317383
1584.02	0.0335693
1584.02	0.0258789
1584.02	0.0302734
1584.02	0.0378418
1584.02	0.0380859
1584.02	0.0357666
1584.02	0.0338135
1584.02	0.0220947
1584.02	0.0234375
1584.02	-0.00012207
1584.02	0.00305176
1584.02	0.0187988
1584.02	0.0161133
1584.02	0.0078125
1584.02	0.0106201
1584.02	-0.00500488
1584.02	-0.0185547
1584.02	-0.0220947
1584.02	-0.0168457
1584.02	-0.024292
1584.02	-0.0252686
1584.02	-0.0267334
1584.02	-0.039917
1584.02	-0.0438232
1584.02	-0.0351562
1584.02	-0.0310059
1584.02	-0.0146484
1584.02	-0.0233154
1584.02	-0.012207
1584.02	-0.00183105
1584.02	-0.00183105
1584.02	0.0100098
1584.02	0.0228271
1584.02	0.0372314
1584.02	0.0349121
1584.02	0.0446777
1584.02	0.0423584
1584.02	0.0308838
1584.02	0.0253906
1584.02	0.0263672
1584.02	0.0412598
1584.02	0.0167236
1584.02	0.0153809
1584.02	0.0158691
1584.02	0.0184326
1584.02	0.0231934
1584.02	0.0272217
1584.02	0.0306396
1584.02	0.0588379
1584.02	0.0400391
1584.02	0.0338135
1584.02	0.0357666
1584.02	0.0135498
1584.02	0.0218506
1584.02	0.0172119
1584.02	0.00170898
1584.02	-0.000854492
1584.02	-0.00402832
1584.02	-0.0161133
1584.02	-0.0153809
1584.02	0.00134277
1584.02	0.00622559
1584.02	0.00012207
1584.02	-0.000854492
1584.02	0.00158691
1584.02	0.010498
1584.02	0.00744629
1584.02	0.020874
1584.02	0.0230713
1584.02	0.0228271
1584.02	0.0090332
1584.02	0.00622559
1584.02	0.0012207
1584.02	-0.0146484
1584.02	-0.0324707
1584.02	-0.0408936
1584.02	-0.0245361
1584.02	-0.0174561
1584.02	-0.0125732
1584.02	-0.00866699
1584.02	0.00744629
1584.02	0.020874
1584.02	0.0229492
1584.02	0.0106201
1584.02	0.00170898
1584.02	-0.00927734
1584.02	-0.0137939
1584.02	-0.00476074
1584.02	-0.0153809
1584.02	-0.0112305
1584.02	-0.0175781
1584.02	-0.0129395
1584.02	-0.0114746
1584.02	0
1584.02	-0.0124512
1584.02	-0.0177002
1584.02	-0.0180664
1584.02	0.00341797
1584.02	0.013916
1584.02	0.0111084
1584.02	0.00244141
1584.02	-0.00427246
1584.02	0.0065918
1584.02	0.0241699
1584.02	0.0200195
1584.02	-0.00146484
1584.02	-0.00537109
1584.02	-0.000488281
1584.02	0.00219727
1584.02	-0.00231934
1584.02	-0.00268555
1584.02	-0.0107422
1584.02	-0.0305176
1584.02	-0.0408936
1584.02	-0.0321045
1584.02	-0.0410156
1584.02	-0.0299072
1584.02	-0.0262451
1584.02	-0.0163574
1584.02	-0.00634766
1584.02	-0.017334
1584.02	-0.0214844
1584.02	-0.0196533
1584.02	-0.012085
1584.02	-0.00463867
1584.02	-0.012207
1584.02	-0.0186768
1584.02	-0.015625
1584.02	-0.00219727
1584.02	0.0228271
1584.02	0.0192871
1584.02	0.012085
1584.02	0.0292969
