1514.39	0.303589
1514.39	0.30127
1514.39	0.306152
1514.39	0.313721
1514.39	0.311157
1514.39	0.311401
1514.39	0.299316
1514.39	0.287964
1514.39	0.280762
1514.39	0.270874
1514.39	0.269043
1514.39	0.261108
1514.39	0.259888
1514.39	0.270996
1514.39	0.269043
1514.39	0.279907
1514.39	0.267334
1514.39	0.26416
1514.39	0.272217
1514.39	0.267578
1514.39	0.278931
1514.39	0.2854
1514.39	0.286743
1514.39	0.278076
1514.39	0.271606
1514.39	0.279663
1514.39	0.272339
1514.39	0.262207
1514.39	0.254639
1514.39	0.243286
1514.39	0.233032
1514.39	0.22583
1514.39	0.236084
1514.39	0.232056
1514.39	0.238281
1514.39	0.248413
1514.39	0.246948
1514.39	0.257446
1514.39	0.26123
1514.39	0.262451
1514.39	0.254639
1514.39	0.245239
1514.39	0.232788
1514.39	0.231934
1514.39	0.224121
1514.39	0.199707
1514.39	0.206421
1514.39	0.194214
1514.39	0.172729
1514.39	0.181152
1514.39	0.176147
1514.39	0.179688
1514.39	0.183228
1514.39	0.169556
1514.39	0.172363
1514.39	0.175293
1514.39	0.16626
1514.39	0.150391
1514.39	0.144409
1514.39	0.135986
1514.39	0.118652
1514.39	0.114136
1514.39	0.105835
1514.39	0.104004
1514.39	0.10376
1514.39	0.0999756
1514.39	0.105469
1514.39	0.098999
1514.39	0.106567
1514.39	0.105469
1514.39	0.112793
1514.39	0.122803
1514.39	0.109253
1514.39	0.127441
1514.39	0.134277
1514.39	0.126831
1514.39	0.133789
1514.39	0.125732
1514.39	0.120117
1514.39	0.116821
1514.39	0.100708
1514.39	0.0983887
1514.39	0.0970459
1514.39	0.0969238
1514.39	0.0976562
1514.39	0.110718
1514.39	0.105469
1514.39	0.103271
1514.39	0.101685
1514.39	0.108154
1514.39	0.095459
1514.39	0.0766602
1514.39	0.0758057
1514.39	0.0761719
1514.39	0.0712891
1514.39	0.0618896
1514.39	0.0775146
1514.39	0.0760498
1514.39	0.0737305
1514.39	0.0690918
1514.39	0.072998
1514.39	0.06604
1514.39	0.0668945
1514.39	0.0615234
1514.39	0.0610352
1514.39	0.0644531
1514.39	0.0831299
1514.39	0.0766602
1514.39	0.076416
1514.39	0.0698242
1514.39	0.0699463
1514.39	0.0600586
1514.39	0.0563965
1514.39	0.0583496
1514.39	0.0566406
1514.39	0.0478516
1514.39	0.0394287
1514.39	0.0372314
1514.39	0.0299072
1514.39	0.0228271
1514.39	0.0216064
1514.39	0.0167236
1514.39	0.0197754
1514.39	0.0205078
1514.39	0.0170898
1514.39	0.0196533
1514.39	-0.00488281
1514.39	0.0090332
1514.39	0.0113525
1514.39	0.00610352
1514.39	0.0166016
1514.39	0.0343018
1514.39	0.0345459
1514.39	0.0343018
1514.39	0.02771
1514.39	0.0297852
1514.39	0.0219727
1514.39	0.0124512
1514.39	0.00830078
1514.39	0.0164795
1514.39	0.0198975
1514.39	0.0214844
1514.39	0.0198975
1514.39	0.013916
1514.39	0.0078125
1514.39	0.0118408
1514.39	-0.00305176
1514.39	-0.00732422
1514.39	-0.0212402
1514.39	-0.0078125
1514.39	-0.00427246
1514.39	0.000366211
1514.39	-0.00805664
1514.39	-0.0172119
1514.39	-0.02771
1514.39	-0.0400391
1514.39	-0.0311279
1514.39	-0.0427246
1514.39	-0.0432129
1514.39	-0.0240479
1514.39	-0.0301514
1514.39	-0.0300293
1514.39	-0.0319824
1514.39	-0.03125
1514.39	-0.0177002
1514.39	-0.0273438
1514.39	-0.0274658
1514.39	-0.0301514
1514.39	-0.0307617
1514.39	-0.0209961
1514.39	-0.0241699
1514.39	-0.029541
1514.39	-0.0327148
1514.39	-0.0394287
1514.39	-0.039917
1514.39	-0.0439453
1514.39	-0.0258789
1514.39	-0.0324707
1514.39	-0.0268555
1514.39	-0.0313721
1514.39	-0.0291748
1514.39	-0.0379639
1514.39	-0.0336914
1514.39	-0.0411377
1514.39	-0.0430908
1514.39	-0.0429688
1514.39	-0.0341797
1514.39	-0.0341797
1514.39	-0.0341797
1514.39	-0.0194092
1514.39	-0.0297852
1514.39	-0.0285645
1514.39	-0.0234375
1514.39	-0.0241699
1514.39	-0.013916
1514.39	-0.00695801
1514.39	-0.0211182
1514.39	-0.0340576
1514.39	-0.0311279
1514.39	-0.0438232
