1070.52	0.349854
1070.52	0.405273
1070.52	0.450195
1070.52	0.482544
1070.52	0.528198
1070.52	0.549438
1070.52	0.567749
1070.52	0.586792
1070.52	0.608276
1070.52	0.625244
1070.52	0.625854
1070.52	0.634033
1070.52	0.645386
1070.52	0.658691
1070.52	0.664429
1070.52	0.674561
1070.52	0.685059
1070.52	0.688232
1070.52	0.70166
1070.52	0.704346
1070.52	0.713501
1070.52	0.730103
1070.52	0.733887
1070.52	0.73999
1070.52	0.744751
1070.52	0.751831
1070.52	0.757935
1070.52	0.762329
1070.52	0.762817
1070.52	0.773682
1070.52	0.786743
1070.52	0.788452
1070.52	0.796387
1070.52	0.805908
1070.52	0.810303
1070.52	0.817505
1070.52	0.822632
1070.52	0.82373
1070.52	0.833008
1070.52	0.833008
1070.52	0.840942
1070.52	0.841187
1070.52	0.84436
1070.52	0.84436
1070.52	0.846802
1070.52	0.85437
1070.52	0.860718
1070.52	0.863403
1070.52	0.866699
1070.52	0.868774
1070.52	0.869995
1070.52	0.878418
1070.52	0.883911
1070.52	0.882202
1070.52	0.891968
1070.52	0.896484
1070.52	0.895508
1070.52	0.899658
1070.52	0.902588
1070.52	0.90332
1070.52	0.909546
1070.52	0.908569
1070.52	0.903198
1070.52	0.904785
1070.52	0.908203
1070.52	0.906372
1070.52	0.904175
1070.52	0.900879
1070.52	0.912476
1070.52	0.915405
1070.52	0.916992
1070.52	0.918701
1070.52	0.921143
1070.52	0.91687
1070.52	0.915894
1070.52	0.917847
1070.52	0.919922
1070.52	0.924072
1070.52	0.928589
1070.52	0.928711
1070.52	0.928223
1070.52	0.922363
1070.52	0.922974
1070.52	0.92395
1070.52	0.928589
1070.52	0.929077
1070.52	0.926147
1070.52	0.929199
1070.52	0.922974
1070.52	0.927368
1070.52	0.92395
1070.52	0.924194
1070.52	0.930054
1070.52	0.932617
1070.52	0.926514
1070.52	0.928589
1070.52	0.93042
1070.52	0.935791
1070.52	0.939087
1070.52	0.938599
1070.52	0.938354
1070.52	0.94043
1070.52	0.941528
1070.52	0.94458
1070.52	0.941895
1070.52	0.945923
1070.52	0.945679
1070.52	0.943237
1070.52	0.946411
1070.52	0.941895
1070.52	0.94104
1070.52	0.941406
1070.52	0.941406
1070.52	0.942871
1070.52	0.942139
1070.52	0.941406
1070.52	0.938354
1070.52	0.944336
1070.52	0.943726
1070.52	0.941528
1070.52	0.94519
1070.52	0.941162
1070.52	0.939819
1070.52	0.944458
1070.52	0.943604
1070.52	0.94104
1070.52	0.94519
1070.52	0.941284
1070.52	0.944946
1070.52	0.947144
1070.52	0.951904
1070.52	0.954102
1070.52	0.955811
1070.52	0.950562
1070.52	0.946289
1070.52	0.949341
1070.52	0.950928
1070.52	0.949341
1070.52	0.949829
1070.52	0.949585
1070.52	0.95459
1070.52	0.95813
1070.52	0.959106
1070.52	0.953979
1070.52	0.952881
1070.52	0.952515
1070.52	0.949585
1070.52	0.948364
1070.52	0.952271
1070.52	0.947998
1070.52	0.943237
1070.52	0.943848
1070.52	0.936768
1070.52	0.9375
1070.52	0.94397
1070.52	0.947144
1070.52	0.949951
1070.52	0.944946
1070.52	0.947266
1070.52	0.946899
1070.52	0.947754
1070.52	0.949951
1070.52	0.948242
1070.52	0.951782
1070.52	0.952759
1070.52	0.956299
1070.52	0.954102
1070.52	0.952759
1070.52	0.955811
1070.52	0.952759
1070.52	0.950684
1070.52	0.946411
1070.52	0.947021
1070.52	0.94812
1070.52	0.949097
1070.52	0.947021
1070.52	0.949097
1070.52	0.949341
1070.52	0.948608
1070.52	0.945557
1070.52	0.945435
1070.52	0.944458
1070.52	0.944946
1070.52	0.948853
1070.52	0.946533
1070.52	0.950562
1070.52	0.950928
1070.52	0.946777
1070.52	0.945312
1070.52	0.945435
1070.52	0.947632
1070.52	0.952026
1070.52	0.952515
1070.52	0.952393
1070.52	0.954956
1070.52	0.953369
1070.52	0.957886
1070.52	0.955811
1070.52	0.955078
1070.52	0.952026
