1253.29	0.321045
1253.29	0.372681
1253.29	0.401367
1253.29	0.421387
1253.29	0.433228
1253.29	0.448608
1253.29	0.465698
1253.29	0.461548
1253.29	0.472534
1253.29	0.481079
1253.29	0.491577
1253.29	0.499878
1253.29	0.512451
1253.29	0.517334
1253.29	0.52356
1253.29	0.532349
1253.29	0.545288
1253.29	0.549561
1253.29	0.548096
1253.29	0.560913
1253.29	0.552368
1253.29	0.560181
1253.29	0.573486
1253.29	0.575562
1253.29	0.573975
1253.29	0.587646
1253.29	0.588013
1253.29	0.601807
1253.29	0.606445
1253.29	0.613037
1253.29	0.609375
1253.29	0.609863
1253.29	0.616333
1253.29	0.626099
1253.29	0.635986
1253.29	0.635864
1253.29	0.63208
1253.29	0.632568
1253.29	0.636719
1253.29	0.629761
1253.29	0.633057
1253.29	0.627319
1253.29	0.633667
1253.29	0.639771
1253.29	0.630371
1253.29	0.640381
1253.29	0.63916
1253.29	0.634277
1253.29	0.633545
1253.29	0.625732
1253.29	0.621826
1253.29	0.626465
1253.29	0.616455
1253.29	0.619019
1253.29	0.637207
1253.29	0.63147
1253.29	0.638062
1253.29	0.644653
1253.29	0.649658
1253.29	0.650513
1253.29	0.64978
1253.29	0.659546
1253.29	0.651245
1253.29	0.651733
1253.29	0.651367
1253.29	0.644653
1253.29	0.647705
1253.29	0.648926
1253.29	0.645752
1253.29	0.648315
1253.29	0.632324
1253.29	0.642212
1253.29	0.644897
1253.29	0.654419
1253.29	0.655273
1253.29	0.656738
1253.29	0.664062
1253.29	0.652954
1253.29	0.651489
1253.29	0.657227
1253.29	0.672119
1253.29	0.672852
1253.29	0.679199
1253.29	0.684082
1253.29	0.688843
1253.29	0.693726
1253.29	0.689819
1253.29	0.69519
1253.29	0.704102
1253.29	0.705444
1253.29	0.704224
1253.29	0.695557
1253.29	0.699951
1253.29	0.699951
1253.29	0.694946
1253.29	0.699097
1253.29	0.703857
1253.29	0.70752
1253.29	0.706421
1253.29	0.701538
1253.29	0.713623
1253.29	0.711426
1253.29	0.71582
1253.29	0.715088
1253.29	0.72168
1253.29	0.72583
1253.29	0.720947
1253.29	0.72522
1253.29	0.726562
1253.29	0.729614
1253.29	0.738403
1253.29	0.741089
1253.29	0.743774
1253.29	0.736816
1253.29	0.749146
1253.29	0.742065
1253.29	0.747437
1253.29	0.745728
1253.29	0.748291
1253.29	0.747681
1253.29	0.73999
1253.29	0.737549
1253.29	0.734741
1253.29	0.728027
1253.29	0.740723
1253.29	0.739136
1253.29	0.736206
1253.29	0.734009
1253.29	0.728271
1253.29	0.729736
1253.29	0.729248
1253.29	0.72583
1253.29	0.73291
1253.29	0.735596
1253.29	0.731079
1253.29	0.733154
1253.29	0.736816
1253.29	0.732422
1253.29	0.729126
1253.29	0.72644
1253.29	0.73645
1253.29	0.736084
1253.29	0.742554
1253.29	0.741333
1253.29	0.749023
1253.29	0.748535
1253.29	0.749756
1253.29	0.751587
1253.29	0.745605
1253.29	0.741333
1253.29	0.745117
1253.29	0.741577
1253.29	0.739136
1253.29	0.742798
1253.29	0.741821
1253.29	0.747559
1253.29	0.741821
1253.29	0.740356
1253.29	0.736694
1253.29	0.733521
1253.29	0.739136
1253.29	0.72998
1253.29	0.723145
1253.29	0.733521
1253.29	0.73645
1253.29	0.741943
1253.29	0.739502
1253.29	0.747803
1253.29	0.748779
1253.29	0.756592
1253.29	0.744873
1253.29	0.759521
1253.29	0.757568
1253.29	0.755615
1253.29	0.745239
1253.29	0.745483
1253.29	0.746338
1253.29	0.73877
1253.29	0.740845
1253.29	0.741089
1253.29	0.741943
1253.29	0.745972
1253.29	0.750244
1253.29	0.752686
1253.29	0.75647
1253.29	0.757935
1253.29	0.765259
1253.29	0.772827
1253.29	0.770996
1253.29	0.767456
1253.29	0.770996
1253.29	0.768799
1253.29	0.772827
1253.29	0.772705
1253.29	0.769165
1253.29	0.758545
1253.29	0.763672
1253.29	0.774536
1253.29	0.765381
1253.29	0.770386
