1148.85	0.345825
1148.85	0.401367
1148.85	0.448364
1148.85	0.477539
1148.85	0.511719
1148.85	0.546509
1148.85	0.567627
1148.85	0.577515
1148.85	0.603516
1148.85	0.622314
1148.85	0.640503
1148.85	0.654541
1148.85	0.665771
1148.85	0.681885
1148.85	0.694092
1148.85	0.707397
1148.85	0.700684
1148.85	0.715942
1148.85	0.719849
1148.85	0.729614
1148.85	0.735596
1148.85	0.744873
1148.85	0.750854
1148.85	0.75415
1148.85	0.765991
1148.85	0.771851
1148.85	0.780518
1148.85	0.783936
1148.85	0.786255
1148.85	0.795654
1148.85	0.797729
1148.85	0.802002
1148.85	0.812866
1148.85	0.814697
1148.85	0.823364
1148.85	0.828369
1148.85	0.838623
1148.85	0.83667
1148.85	0.843018
1148.85	0.845337
1148.85	0.842285
1148.85	0.848511
1148.85	0.852417
1148.85	0.858154
1148.85	0.860962
1148.85	0.862061
1148.85	0.865479
1148.85	0.867676
1148.85	0.859863
1148.85	0.861938
1148.85	0.866577
1148.85	0.871948
1148.85	0.872803
1148.85	0.878662
1148.85	0.875488
1148.85	0.871582
1148.85	0.869751
1148.85	0.879272
1148.85	0.875
1148.85	0.883667
1148.85	0.882202
1148.85	0.888184
1148.85	0.881226
1148.85	0.881592
1148.85	0.88562
1148.85	0.880859
1148.85	0.887939
1148.85	0.888794
1148.85	0.887573
1148.85	0.885864
1148.85	0.884766
1148.85	0.889648
1148.85	0.893921
1148.85	0.899536
1148.85	0.905396
1148.85	0.905884
1148.85	0.901855
1148.85	0.908203
1148.85	0.913696
1148.85	0.907715
1148.85	0.905762
1148.85	0.901855
1148.85	0.902344
1148.85	0.901733
1148.85	0.907593
1148.85	0.902344
1148.85	0.898926
1148.85	0.894287
1148.85	0.897583
1148.85	0.894409
1148.85	0.898926
1148.85	0.890625
1148.85	0.89502
1148.85	0.894409
1148.85	0.897583
1148.85	0.894531
1148.85	0.898071
1148.85	0.89856
1148.85	0.896118
1148.85	0.893921
1148.85	0.89563
1148.85	0.896118
1148.85	0.899048
1148.85	0.901733
1148.85	0.896729
1148.85	0.897949
1148.85	0.898682
1148.85	0.896362
1148.85	0.896362
1148.85	0.895508
1148.85	0.894653
1148.85	0.897949
1148.85	0.898926
1148.85	0.897949
1148.85	0.896973
1148.85	0.892334
1148.85	0.895508
1148.85	0.897949
1148.85	0.897461
1148.85	0.901245
1148.85	0.90271
1148.85	0.9021
1148.85	0.901855
1148.85	0.904907
1148.85	0.899902
1148.85	0.89978
1148.85	0.903442
1148.85	0.90332
1148.85	0.906982
1148.85	0.908203
1148.85	0.91394
1148.85	0.91333
1148.85	0.904175
1148.85	0.908569
1148.85	0.915039
1148.85	0.91687
1148.85	0.912842
1148.85	0.919067
1148.85	0.916748
1148.85	0.921265
1148.85	0.913086
1148.85	0.913208
1148.85	0.917969
1148.85	0.91394
1148.85	0.9198
1148.85	0.908691
1148.85	0.908203
1148.85	0.919067
1148.85	0.92041
1148.85	0.919067
1148.85	0.911743
1148.85	0.911987
1148.85	0.917114
1148.85	0.912598
1148.85	0.911743
1148.85	0.913086
1148.85	0.909302
1148.85	0.916016
1148.85	0.914551
1148.85	0.915405
1148.85	0.919922
1148.85	0.923462
1148.85	0.923828
1148.85	0.920166
1148.85	0.916626
1148.85	0.916748
1148.85	0.921997
1148.85	0.922974
1148.85	0.922974
1148.85	0.919434
1148.85	0.91687
1148.85	0.920288
1148.85	0.916992
1148.85	0.915894
1148.85	0.913086
1148.85	0.912598
1148.85	0.920532
1148.85	0.915283
1148.85	0.918823
1148.85	0.922974
1148.85	0.927002
1148.85	0.926025
1148.85	0.927979
1148.85	0.918945
1148.85	0.926025
1148.85	0.925049
1148.85	0.91626
1148.85	0.911499
1148.85	0.913086
1148.85	0.911255
1148.85	0.915405
1148.85	0.920166
1148.85	0.920166
1148.85	0.923096
1148.85	0.921387
1148.85	0.919922
1148.85	0.921021
1148.85	0.918579
1148.85	0.922485
1148.85	0.921143
