1140.14	0.333862
1140.14	0.40564
1140.14	0.440063
1140.14	0.466064
1140.14	0.500977
1140.14	0.524658
1140.14	0.536499
1140.14	0.562866
1140.14	0.588013
1140.14	0.609619
1140.14	0.624023
1140.14	0.635254
1140.14	0.63855
1140.14	0.645508
1140.14	0.644653
1140.14	0.651978
1140.14	0.667236
1140.14	0.675781
1140.14	0.688599
1140.14	0.695435
1140.14	0.703613
1140.14	0.712891
1140.14	0.720459
1140.14	0.721436
1140.14	0.721558
1140.14	0.727051
1140.14	0.738647
1140.14	0.744141
1140.14	0.747925
1140.14	0.759033
1140.14	0.763306
1140.14	0.767944
1140.14	0.763672
1140.14	0.760376
1140.14	0.767578
1140.14	0.772339
1140.14	0.773071
1140.14	0.777222
1140.14	0.790405
1140.14	0.788086
1140.14	0.789795
1140.14	0.790039
1140.14	0.796021
1140.14	0.79248
1140.14	0.795288
1140.14	0.801636
1140.14	0.801636
1140.14	0.805664
1140.14	0.812866
1140.14	0.814331
1140.14	0.822998
1140.14	0.83252
1140.14	0.834961
1140.14	0.832764
1140.14	0.832642
1140.14	0.839233
1140.14	0.841675
1140.14	0.837036
1140.14	0.838989
1140.14	0.839966
1140.14	0.839844
1140.14	0.845825
1140.14	0.842529
1140.14	0.841919
1140.14	0.847412
1140.14	0.845947
1140.14	0.846191
1140.14	0.847412
1140.14	0.849854
1140.14	0.855103
1140.14	0.857422
1140.14	0.860474
1140.14	0.852295
1140.14	0.850708
1140.14	0.860107
1140.14	0.865723
1140.14	0.866699
1140.14	0.865234
1140.14	0.863281
1140.14	0.863892
1140.14	0.864258
1140.14	0.869263
1140.14	0.867798
1140.14	0.870972
1140.14	0.87561
1140.14	0.880737
1140.14	0.876953
1140.14	0.877686
1140.14	0.875
1140.14	0.870117
1140.14	0.867798
1140.14	0.867188
1140.14	0.866333
1140.14	0.866089
1140.14	0.863647
1140.14	0.869385
1140.14	0.870361
1140.14	0.865601
1140.14	0.856079
1140.14	0.861694
1140.14	0.864502
1140.14	0.856445
1140.14	0.859375
1140.14	0.859985
1140.14	0.860962
1140.14	0.865234
1140.14	0.869995
1140.14	0.875244
1140.14	0.866821
1140.14	0.869263
1140.14	0.868286
1140.14	0.873413
1140.14	0.87439
1140.14	0.87561
1140.14	0.877441
1140.14	0.873169
1140.14	0.869995
1140.14	0.867432
1140.14	0.871948
1140.14	0.87793
1140.14	0.880493
1140.14	0.880249
1140.14	0.884033
1140.14	0.882935
1140.14	0.879028
1140.14	0.878296
1140.14	0.876221
1140.14	0.874878
1140.14	0.880371
1140.14	0.882324
1140.14	0.880737
1140.14	0.879272
1140.14	0.87854
1140.14	0.879883
1140.14	0.876709
1140.14	0.877686
1140.14	0.878418
1140.14	0.879395
1140.14	0.879272
1140.14	0.877808
1140.14	0.883301
1140.14	0.879883
1140.14	0.881714
1140.14	0.881348
1140.14	0.885376
1140.14	0.885132
1140.14	0.883179
1140.14	0.877441
1140.14	0.884644
1140.14	0.884766
1140.14	0.891602
1140.14	0.887695
1140.14	0.881592
1140.14	0.882324
1140.14	0.878906
1140.14	0.880249
1140.14	0.879395
1140.14	0.881958
1140.14	0.88562
1140.14	0.885132
1140.14	0.879883
1140.14	0.88208
1140.14	0.880493
1140.14	0.879395
1140.14	0.884644
1140.14	0.891113
1140.14	0.890015
1140.14	0.900635
1140.14	0.89563
1140.14	0.888794
1140.14	0.892578
1140.14	0.89209
1140.14	0.898804
1140.14	0.89502
1140.14	0.900024
1140.14	0.907104
1140.14	0.9021
1140.14	0.897949
1140.14	0.895508
1140.14	0.901367
1140.14	0.893555
1140.14	0.887573
1140.14	0.894165
1140.14	0.884399
1140.14	0.885132
1140.14	0.88623
1140.14	0.888428
1140.14	0.883667
1140.14	0.883423
1140.14	0.887085
1140.14	0.894531
1140.14	0.894775
1140.14	0.894775
1140.14	0.895874
1140.14	0.89563
1140.14	0.897217
1140.14	0.897095
1140.14	0.899414
1140.14	0.899536
1140.14	0.896973
