1018.3	0.361328
1018.3	0.419678
1018.3	0.466919
1018.3	0.514038
1018.3	0.546631
1018.3	0.597778
1018.3	0.625
1018.3	0.651245
1018.3	0.675781
1018.3	0.688477
1018.3	0.703369
1018.3	0.718384
1018.3	0.732544
1018.3	0.743286
1018.3	0.757324
1018.3	0.767578
1018.3	0.780151
1018.3	0.796753
1018.3	0.808228
1018.3	0.814087
1018.3	0.815918
1018.3	0.821045
1018.3	0.831299
1018.3	0.838745
1018.3	0.839233
1018.3	0.845459
1018.3	0.853271
1018.3	0.858521
1018.3	0.865112
1018.3	0.867432
1018.3	0.870483
1018.3	0.872437
1018.3	0.868408
1018.3	0.874268
1018.3	0.879395
1018.3	0.884277
1018.3	0.887939
1018.3	0.890625
1018.3	0.889404
1018.3	0.894897
1018.3	0.900269
1018.3	0.906128
1018.3	0.90979
1018.3	0.902832
1018.3	0.905029
1018.3	0.916992
1018.3	0.912842
1018.3	0.918335
1018.3	0.924194
1018.3	0.925537
1018.3	0.919678
1018.3	0.922852
1018.3	0.923218
1018.3	0.921875
1018.3	0.924438
1018.3	0.923706
1018.3	0.92627
1018.3	0.927979
1018.3	0.928833
1018.3	0.932861
1018.3	0.931274
1018.3	0.937012
1018.3	0.933594
1018.3	0.928711
1018.3	0.931396
1018.3	0.935547
1018.3	0.932861
1018.3	0.932983
1018.3	0.932373
1018.3	0.938599
1018.3	0.942749
1018.3	0.939087
1018.3	0.94458
1018.3	0.946045
1018.3	0.94519
1018.3	0.94458
1018.3	0.94397
1018.3	0.943848
1018.3	0.942749
1018.3	0.94104
1018.3	0.941284
1018.3	0.947632
1018.3	0.951782
1018.3	0.953125
1018.3	0.955078
1018.3	0.952759
1018.3	0.95813
1018.3	0.959229
1018.3	0.959717
1018.3	0.959229
1018.3	0.960327
1018.3	0.960449
1018.3	0.961914
1018.3	0.961426
1018.3	0.960571
1018.3	0.962769
1018.3	0.960449
1018.3	0.961182
1018.3	0.960449
1018.3	0.9646
1018.3	0.962891
1018.3	0.962402
1018.3	0.960449
1018.3	0.963745
1018.3	0.966431
1018.3	0.96814
1018.3	0.96814
1018.3	0.96228
1018.3	0.964355
1018.3	0.966431
1018.3	0.966064
1018.3	0.963867
1018.3	0.962036
1018.3	0.96521
1018.3	0.962769
1018.3	0.964966
1018.3	0.964722
1018.3	0.963745
1018.3	0.963013
1018.3	0.962524
1018.3	0.963989
1018.3	0.96521
1018.3	0.966064
1018.3	0.966553
1018.3	0.963989
1018.3	0.962646
1018.3	0.964478
1018.3	0.961548
1018.3	0.964966
1018.3	0.960815
1018.3	0.964966
1018.3	0.962646
1018.3	0.964478
1018.3	0.960449
1018.3	0.964844
1018.3	0.96521
1018.3	0.959473
1018.3	0.961426
1018.3	0.962524
1018.3	0.963135
1018.3	0.963135
1018.3	0.964111
1018.3	0.963013
1018.3	0.962524
1018.3	0.962036
1018.3	0.962524
1018.3	0.96106
1018.3	0.964111
1018.3	0.964844
1018.3	0.966431
1018.3	0.964966
1018.3	0.965942
1018.3	0.964844
1018.3	0.966309
1018.3	0.961304
1018.3	0.964966
1018.3	0.963867
1018.3	0.964478
1018.3	0.96814
1018.3	0.963013
1018.3	0.964478
1018.3	0.960571
1018.3	0.962891
1018.3	0.963867
1018.3	0.963745
1018.3	0.9646
1018.3	0.964111
1018.3	0.960327
1018.3	0.962769
1018.3	0.965576
1018.3	0.966187
1018.3	0.963989
1018.3	0.961914
1018.3	0.958008
1018.3	0.958496
1018.3	0.958252
1018.3	0.961792
1018.3	0.960205
1018.3	0.959961
1018.3	0.95874
1018.3	0.962158
1018.3	0.960571
1018.3	0.961182
1018.3	0.961914
1018.3	0.959595
1018.3	0.953979
1018.3	0.956787
1018.3	0.960205
1018.3	0.960938
1018.3	0.961792
1018.3	0.96521
1018.3	0.96521
1018.3	0.959961
1018.3	0.962158
1018.3	0.966675
1018.3	0.962769
1018.3	0.961548
1018.3	0.963623
1018.3	0.962891
1018.3	0.96228
