1009.59	0.386963
1009.59	0.44397
1009.59	0.491455
1009.59	0.532104
1009.59	0.572754
1009.59	0.599365
1009.59	0.636841
1009.59	0.667603
1009.59	0.682861
1009.59	0.702881
1009.59	0.724976
1009.59	0.73938
1009.59	0.751099
1009.59	0.765869
1009.59	0.766968
1009.59	0.78064
1009.59	0.7948
1009.59	0.802002
1009.59	0.814941
1009.59	0.822754
1009.59	0.828003
1009.59	0.832764
1009.59	0.842651
1009.59	0.849487
1009.59	0.849121
1009.59	0.859985
1009.59	0.86792
1009.59	0.870728
1009.59	0.868408
1009.59	0.868774
1009.59	0.872559
1009.59	0.878418
1009.59	0.885254
1009.59	0.888672
1009.59	0.894775
1009.59	0.893799
1009.59	0.898804
1009.59	0.898193
1009.59	0.901367
1009.59	0.906616
1009.59	0.912354
1009.59	0.914429
1009.59	0.915405
1009.59	0.912109
1009.59	0.916992
1009.59	0.919067
1009.59	0.923828
1009.59	0.923462
1009.59	0.929688
1009.59	0.929077
1009.59	0.930542
1009.59	0.930908
1009.59	0.929688
1009.59	0.931519
1009.59	0.932983
1009.59	0.93457
1009.59	0.934692
1009.59	0.937134
1009.59	0.939453
1009.59	0.942139
1009.59	0.942017
1009.59	0.945557
1009.59	0.942505
1009.59	0.944458
1009.59	0.946411
1009.59	0.948242
1009.59	0.951416
1009.59	0.95459
1009.59	0.953003
1009.59	0.956299
1009.59	0.955933
1009.59	0.954834
1009.59	0.957031
1009.59	0.958252
1009.59	0.960693
1009.59	0.960083
1009.59	0.957397
1009.59	0.955811
1009.59	0.959717
1009.59	0.963379
1009.59	0.962891
1009.59	0.962524
1009.59	0.966064
1009.59	0.963257
1009.59	0.96875
1009.59	0.966553
1009.59	0.969482
1009.59	0.96936
1009.59	0.968262
1009.59	0.964478
1009.59	0.965454
1009.59	0.965942
1009.59	0.966675
1009.59	0.9646
1009.59	0.963135
1009.59	0.967651
1009.59	0.962158
1009.59	0.961426
1009.59	0.956787
1009.59	0.955566
1009.59	0.956909
1009.59	0.963989
1009.59	0.96936
1009.59	0.966187
1009.59	0.964844
1009.59	0.962769
1009.59	0.960449
1009.59	0.962402
1009.59	0.960571
1009.59	0.959473
1009.59	0.957764
1009.59	0.960083
1009.59	0.962524
1009.59	0.963379
1009.59	0.963623
1009.59	0.963013
1009.59	0.963623
1009.59	0.965576
1009.59	0.967163
1009.59	0.9646
1009.59	0.965698
1009.59	0.966675
1009.59	0.963135
1009.59	0.968262
1009.59	0.970947
1009.59	0.970947
1009.59	0.969604
1009.59	0.966431
1009.59	0.965454
1009.59	0.966309
1009.59	0.968628
1009.59	0.968628
1009.59	0.969604
1009.59	0.967651
1009.59	0.969727
1009.59	0.968384
1009.59	0.967529
1009.59	0.96875
1009.59	0.968384
1009.59	0.968628
1009.59	0.968384
1009.59	0.967163
1009.59	0.968262
1009.59	0.967529
1009.59	0.965454
1009.59	0.959106
1009.59	0.965088
1009.59	0.963623
1009.59	0.966431
1009.59	0.968262
1009.59	0.965454
1009.59	0.966064
1009.59	0.967041
1009.59	0.965942
1009.59	0.9646
1009.59	0.96582
1009.59	0.963745
1009.59	0.962524
1009.59	0.96228
1009.59	0.960327
1009.59	0.964844
1009.59	0.966553
1009.59	0.968994
1009.59	0.966309
1009.59	0.967773
1009.59	0.967163
1009.59	0.966064
1009.59	0.962524
1009.59	0.9646
1009.59	0.967651
1009.59	0.965576
1009.59	0.966431
1009.59	0.963257
1009.59	0.963867
1009.59	0.967041
1009.59	0.964355
1009.59	0.963013
1009.59	0.962524
1009.59	0.962769
1009.59	0.96167
1009.59	0.959595
1009.59	0.958618
1009.59	0.961182
1009.59	0.964355
1009.59	0.963745
1009.59	0.96521
1009.59	0.967407
1009.59	0.966064
1009.59	0.957275
1009.59	0.957642
1009.59	0.956543
1009.59	0.958618
1009.59	0.961548
1009.59	0.960815
1009.59	0.96106
1009.59	0.965576
1009.59	0.963501
1009.59	0.967163
1009.59	0.966431
1009.59	0.963501
