1627.53	0.278076
1627.53	0.2677
1627.53	0.266602
1627.53	0.256958
1627.53	0.264648
1627.53	0.246704
1627.53	0.229614
1627.53	0.238525
1627.53	0.21521
1627.53	0.205322
1627.53	0.192261
1627.53	0.174805
1627.53	0.168945
1627.53	0.165771
1627.53	0.175537
1627.53	0.165405
1627.53	0.143799
1627.53	0.132935
1627.53	0.131958
1627.53	0.113037
1627.53	0.0981445
1627.53	0.10498
1627.53	0.105835
1627.53	0.119385
1627.53	0.117188
1627.53	0.109253
1627.53	0.097168
1627.53	0.0863037
1627.53	0.0737305
1627.53	0.074707
1627.53	0.0626221
1627.53	0.0633545
1627.53	0.0632324
1627.53	0.0524902
1627.53	0.0512695
1627.53	0.0513916
1627.53	0.0708008
1627.53	0.0703125
1627.53	0.0627441
1627.53	0.0579834
1627.53	0.0633545
1627.53	0.0527344
1627.53	0.0570068
1627.53	0.052124
1627.53	0.0441895
1627.53	0.0450439
1627.53	0.0291748
1627.53	0.0321045
1627.53	0.0268555
1627.53	0.00256348
1627.53	-0.0155029
1627.53	-0.0201416
1627.53	-0.0108643
1627.53	-0.00683594
1627.53	0.00708008
1627.53	-0.0144043
1627.53	-0.0222168
1627.53	-0.0290527
1627.53	-0.0357666
1627.53	-0.0195312
1627.53	-0.0192871
1627.53	-0.0117188
1627.53	-0.000976562
1627.53	-0.0098877
1627.53	-0.00524902
1627.53	0.00610352
1627.53	0.0299072
1627.53	0.0272217
1627.53	0.0351562
1627.53	0.0375977
1627.53	0.0366211
1627.53	0.0391846
1627.53	0.0268555
1627.53	0.0301514
1627.53	0.0338135
1627.53	0.0297852
1627.53	0.0384521
1627.53	0.0385742
1627.53	0.0379639
1627.53	0.0218506
1627.53	0.0134277
1627.53	0.00708008
1627.53	0.0213623
1627.53	0.0319824
1627.53	0.0142822
1627.53	0.0212402
1627.53	0.0230713
1627.53	0.0354004
1627.53	0.0336914
1627.53	0.0355225
1627.53	0.0386963
1627.53	0.0437012
1627.53	0.039917
1627.53	0.0281982
1627.53	0.036377
1627.53	0.0567627
1627.53	0.0531006
1627.53	0.0494385
1627.53	0.0356445
1627.53	0.0396729
1627.53	0.0345459
1627.53	0.0238037
1627.53	0.0289307
1627.53	0.0211182
1627.53	0.0125732
1627.53	0.00976562
1627.53	0.017334
1627.53	0.0136719
1627.53	0.0184326
1627.53	0.0247803
1627.53	0.0234375
1627.53	0.0170898
1627.53	0.0209961
1627.53	0.0183105
1627.53	0.0170898
1627.53	0.0186768
1627.53	0.0198975
1627.53	0.00817871
1627.53	0.0214844
1627.53	0.0159912
1627.53	0.0180664
1627.53	0.0134277
1627.53	0.00915527
1627.53	0.00439453
1627.53	0.0203857
1627.53	0.032959
1627.53	0.0241699
1627.53	0.0198975
1627.53	0.00915527
1627.53	0.00732422
1627.53	0.0012207
1627.53	-0.00744629
1627.53	-0.0125732
1627.53	-0.0144043
1627.53	0.00756836
1627.53	0.0130615
1627.53	0.015625
1627.53	0.0200195
1627.53	0.0343018
1627.53	0.0233154
1627.53	0.0134277
1627.53	0.00537109
1627.53	-0.0192871
1627.53	-0.0155029
1627.53	-0.00878906
1627.53	0.0119629
1627.53	-0.0119629
1627.53	-0.0141602
1627.53	-0.0170898
1627.53	-0.0263672
1627.53	-0.0380859
1627.53	-0.0465088
1627.53	-0.0452881
1627.53	-0.0478516
1627.53	-0.0297852
1627.53	-0.0098877
1627.53	-0.00952148
1627.53	-0.0200195
1627.53	-0.0308838
1627.53	-0.0288086
1627.53	-0.0224609
1627.53	-0.0252686
1627.53	-0.0306396
1627.53	-0.013916
1627.53	-0.00854492
1627.53	-0.0169678
1627.53	-0.013916
1627.53	-0.0274658
1627.53	-0.0443115
1627.53	-0.0474854
1627.53	-0.0432129
1627.53	-0.0457764
1627.53	-0.0332031
1627.53	-0.0443115
1627.53	-0.0371094
1627.53	-0.0422363
1627.53	-0.0406494
1627.53	-0.0457764
1627.53	-0.0472412
1627.53	-0.0483398
1627.53	-0.0330811
1627.53	-0.0257568
1627.53	-0.019165
1627.53	-0.0109863
1627.53	-0.000366211
1627.53	0.00891113
1627.53	0.017334
1627.53	0.0107422
1627.53	0.0157471
1627.53	0.0135498
1627.53	0.027832
1627.53	0.0302734
1627.53	0.0147705
1627.53	-0.00231934
1627.53	-0.00354004
1627.53	0.00756836
1627.53	0.0184326
1627.53	0.0189209
1627.53	0.036499
1627.53	0.0389404
