1479.58	0.292236
1479.58	0.305542
1479.58	0.324219
1479.58	0.324951
1479.58	0.333252
1479.58	0.339233
1479.58	0.349609
1479.58	0.347534
1479.58	0.348999
1479.58	0.341797
1479.58	0.342407
1479.58	0.334473
1479.58	0.331177
1479.58	0.334351
1479.58	0.344482
1479.58	0.342163
1479.58	0.336182
1479.58	0.325562
1479.58	0.323486
1479.58	0.32373
1479.58	0.313843
1479.58	0.324097
1479.58	0.330078
1479.58	0.322754
1479.58	0.315796
1479.58	0.328735
1479.58	0.328613
1479.58	0.334351
1479.58	0.335327
1479.58	0.336182
1479.58	0.32251
1479.58	0.31958
1479.58	0.3125
1479.58	0.317627
1479.58	0.312012
1479.58	0.332031
1479.58	0.340942
1479.58	0.342773
1479.58	0.327637
1479.58	0.327515
1479.58	0.331055
1479.58	0.335327
1479.58	0.330811
1479.58	0.355713
1479.58	0.343384
1479.58	0.338623
1479.58	0.323608
1479.58	0.316895
1479.58	0.320679
1479.58	0.307251
1479.58	0.299072
1479.58	0.295898
1479.58	0.294678
1479.58	0.295532
1479.58	0.281616
1479.58	0.265015
1479.58	0.266235
1479.58	0.258057
1479.58	0.265747
1479.58	0.252197
1479.58	0.255127
1479.58	0.257568
1479.58	0.252319
1479.58	0.244873
1479.58	0.234009
1479.58	0.213257
1479.58	0.227539
1479.58	0.230103
1479.58	0.223511
1479.58	0.220581
1479.58	0.190552
1479.58	0.182861
1479.58	0.191162
1479.58	0.189819
1479.58	0.178345
1479.58	0.168945
1479.58	0.167114
1479.58	0.166504
1479.58	0.168335
1479.58	0.162476
1479.58	0.150513
1479.58	0.148071
1479.58	0.154175
1479.58	0.148682
1479.58	0.150757
1479.58	0.15332
1479.58	0.144409
1479.58	0.149536
1479.58	0.139893
1479.58	0.137451
1479.58	0.150879
1479.58	0.143555
1479.58	0.13501
1479.58	0.124268
1479.58	0.11853
1479.58	0.108398
1479.58	0.118408
1479.58	0.109253
1479.58	0.118896
1479.58	0.111572
1479.58	0.112793
1479.58	0.112305
1479.58	0.115845
1479.58	0.111816
1479.58	0.0994873
1479.58	0.105225
1479.58	0.0958252
1479.58	0.095459
1479.58	0.0982666
1479.58	0.10437
1479.58	0.115112
1479.58	0.114014
1479.58	0.117188
1479.58	0.114258
1479.58	0.118774
1479.58	0.128784
1479.58	0.131348
1479.58	0.136108
1479.58	0.140747
1479.58	0.146606
1479.58	0.154785
1479.58	0.144653
1479.58	0.157471
1479.58	0.161255
1479.58	0.174927
1479.58	0.162476
1479.58	0.164551
1479.58	0.143799
1479.58	0.145142
1479.58	0.134521
1479.58	0.136719
1479.58	0.130493
1479.58	0.120117
1479.58	0.10791
1479.58	0.0991211
1479.58	0.105103
1479.58	0.0882568
1479.58	0.0914307
1479.58	0.0914307
1479.58	0.0855713
1479.58	0.0731201
1479.58	0.078125
1479.58	0.0893555
1479.58	0.0916748
1479.58	0.0889893
1479.58	0.0882568
1479.58	0.0784912
1479.58	0.0560303
1479.58	0.0754395
1479.58	0.0684814
1479.58	0.0908203
1479.58	0.101562
1479.58	0.0955811
1479.58	0.095459
1479.58	0.0957031
1479.58	0.0994873
1479.58	0.0888672
1479.58	0.0949707
1479.58	0.0904541
1479.58	0.0866699
1479.58	0.0828857
1479.58	0.0931396
1479.58	0.0772705
1479.58	0.0617676
1479.58	0.0661621
1479.58	0.0678711
1479.58	0.0567627
1479.58	0.0604248
1479.58	0.0661621
1479.58	0.0817871
1479.58	0.0860596
1479.58	0.0969238
1479.58	0.102417
1479.58	0.095459
1479.58	0.111572
1479.58	0.124756
1479.58	0.136841
1479.58	0.113647
1479.58	0.108765
1479.58	0.102051
1479.58	0.114746
1479.58	0.110718
1479.58	0.118652
1479.58	0.105957
1479.58	0.105957
1479.58	0.109375
1479.58	0.117065
1479.58	0.101685
1479.58	0.0936279
1479.58	0.0814209
1479.58	0.0644531
1479.58	0.0574951
1479.58	0.055542
1479.58	0.0489502
1479.58	0.0603027
1479.58	0.0546875
1479.58	0.0526123
1479.58	0.0544434
1479.58	0.0461426
1479.58	0.0513916
