1453.47	0.299316
1453.47	0.302002
1453.47	0.312378
1453.47	0.324097
1453.47	0.343506
1453.47	0.320435
1453.47	0.300293
1453.47	0.31604
1453.47	0.322754
1453.47	0.306641
1453.47	0.283813
1453.47	0.285645
1453.47	0.292847
1453.47	0.299805
1453.47	0.297241
1453.47	0.289673
1453.47	0.300537
1453.47	0.29541
1453.47	0.29541
1453.47	0.286621
1453.47	0.296387
1453.47	0.307007
1453.47	0.305542
1453.47	0.29895
1453.47	0.301147
1453.47	0.293579
1453.47	0.290161
1453.47	0.291016
1453.47	0.282593
1453.47	0.277344
1453.47	0.275757
1453.47	0.27832
1453.47	0.260376
1453.47	0.266968
1453.47	0.273071
1453.47	0.26709
1453.47	0.262817
1453.47	0.277466
1453.47	0.2677
1453.47	0.264771
1453.47	0.255127
1453.47	0.248779
1453.47	0.244751
1453.47	0.24292
1453.47	0.240723
1453.47	0.231812
1453.47	0.235718
1453.47	0.23999
1453.47	0.23584
1453.47	0.22168
1453.47	0.225098
1453.47	0.224487
1453.47	0.218994
1453.47	0.223877
1453.47	0.229492
1453.47	0.22644
1453.47	0.218628
1453.47	0.208252
1453.47	0.20166
1453.47	0.197266
1453.47	0.202148
1453.47	0.203735
1453.47	0.208374
1453.47	0.207031
1453.47	0.208496
1453.47	0.203003
1453.47	0.210083
1453.47	0.204834
1453.47	0.208374
1453.47	0.20459
1453.47	0.205322
1453.47	0.201416
1453.47	0.20874
1453.47	0.206909
1453.47	0.211304
1453.47	0.220337
1453.47	0.214966
1453.47	0.224121
1453.47	0.205688
1453.47	0.215088
1453.47	0.215576
1453.47	0.231689
1453.47	0.212158
1453.47	0.208618
1453.47	0.197754
1453.47	0.198242
1453.47	0.197266
1453.47	0.206421
1453.47	0.225464
1453.47	0.234009
1453.47	0.222046
1453.47	0.210815
1453.47	0.19519
1453.47	0.187744
1453.47	0.177979
1453.47	0.174561
1453.47	0.178711
1453.47	0.182129
1453.47	0.17627
1453.47	0.173218
1453.47	0.174072
1453.47	0.162476
1453.47	0.150879
1453.47	0.150024
1453.47	0.149902
1453.47	0.147827
1453.47	0.140503
1453.47	0.14502
1453.47	0.141479
1453.47	0.133789
1453.47	0.134888
1453.47	0.136963
1453.47	0.149902
1453.47	0.148926
1453.47	0.137085
1453.47	0.136597
1453.47	0.135742
1453.47	0.141479
1453.47	0.12561
1453.47	0.126831
1453.47	0.114868
1453.47	0.12146
1453.47	0.11499
1453.47	0.102173
1453.47	0.0927734
1453.47	0.0922852
1453.47	0.0855713
1453.47	0.074585
1453.47	0.101318
1453.47	0.102539
1453.47	0.0908203
1453.47	0.105591
1453.47	0.0898438
1453.47	0.0874023
1453.47	0.0930176
1453.47	0.088623
1453.47	0.102783
1453.47	0.112671
1453.47	0.106079
1453.47	0.103027
1453.47	0.0960693
1453.47	0.109497
1453.47	0.103149
1453.47	0.108765
1453.47	0.115479
1453.47	0.118896
1453.47	0.119263
1453.47	0.102417
1453.47	0.0900879
1453.47	0.0930176
1453.47	0.09729
1453.47	0.0866699
1453.47	0.0970459
1453.47	0.0838623
1453.47	0.0930176
1453.47	0.0882568
1453.47	0.0806885
1453.47	0.0881348
1453.47	0.0791016
1453.47	0.0708008
1453.47	0.069458
1453.47	0.0821533
1453.47	0.0704346
1453.47	0.0495605
1453.47	0.0552979
1453.47	0.0544434
1453.47	0.0480957
1453.47	0.0490723
1453.47	0.0588379
1453.47	0.0526123
1453.47	0.0507812
1453.47	0.0469971
1453.47	0.057373
1453.47	0.0415039
1453.47	0.0523682
1453.47	0.0487061
1453.47	0.0537109
1453.47	0.0549316
1453.47	0.0689697
1453.47	0.0635986
1453.47	0.0716553
1453.47	0.0695801
1453.47	0.057251
1453.47	0.0465088
1453.47	0.0490723
1453.47	0.0478516
1453.47	0.038208
1453.47	0.0350342
1453.47	0.0302734
1453.47	0.0180664
1453.47	0.0194092
1453.47	-0.000610352
1453.47	0.00708008
1453.47	-0.00622559
1453.47	-0.00610352
1453.47	-0.0123291
1453.47	-0.0174561
1453.47	-0.0157471
1453.47	-0.00561523
1453.47	-0.00500488
