1444.76	0.309082
1444.76	0.322144
1444.76	0.328613
1444.76	0.335083
1444.76	0.333252
1444.76	0.34375
1444.76	0.358276
1444.76	0.333862
1444.76	0.325928
1444.76	0.334839
1444.76	0.32959
1444.76	0.327393
1444.76	0.330566
1444.76	0.332275
1444.76	0.340332
1444.76	0.344116
1444.76	0.330078
1444.76	0.33252
1444.76	0.335571
1444.76	0.346069
1444.76	0.347534
1444.76	0.337036
1444.76	0.329224
1444.76	0.338135
1444.76	0.325684
1444.76	0.315674
1444.76	0.313232
1444.76	0.31897
1444.76	0.307007
1444.76	0.300293
1444.76	0.285034
1444.76	0.28833
1444.76	0.275269
1444.76	0.281738
1444.76	0.286499
1444.76	0.276123
1444.76	0.268677
1444.76	0.281982
1444.76	0.284058
1444.76	0.271973
1444.76	0.26001
1444.76	0.260742
1444.76	0.257935
1444.76	0.252563
1444.76	0.247559
1444.76	0.246582
1444.76	0.242676
1444.76	0.240356
1444.76	0.229492
1444.76	0.23291
1444.76	0.241333
1444.76	0.248047
1444.76	0.264771
1444.76	0.258423
1444.76	0.257202
1444.76	0.266602
1444.76	0.271729
1444.76	0.253662
1444.76	0.249146
1444.76	0.240845
1444.76	0.236206
1444.76	0.230347
1444.76	0.234009
1444.76	0.217651
1444.76	0.206421
1444.76	0.201172
1444.76	0.185791
1444.76	0.190552
1444.76	0.204346
1444.76	0.209106
1444.76	0.213013
1444.76	0.212524
1444.76	0.230957
1444.76	0.225098
1444.76	0.228638
1444.76	0.204102
1444.76	0.209351
1444.76	0.212402
1444.76	0.210938
1444.76	0.223755
1444.76	0.213135
1444.76	0.213501
1444.76	0.213257
1444.76	0.215454
1444.76	0.225952
1444.76	0.228882
1444.76	0.225952
1444.76	0.228394
1444.76	0.229126
1444.76	0.224121
1444.76	0.224731
1444.76	0.228638
1444.76	0.214844
1444.76	0.227905
1444.76	0.225586
1444.76	0.215332
1444.76	0.209595
1444.76	0.203613
1444.76	0.193237
1444.76	0.188721
1444.76	0.186401
1444.76	0.181519
1444.76	0.189087
1444.76	0.189453
1444.76	0.183716
1444.76	0.184814
1444.76	0.184082
1444.76	0.182617
1444.76	0.184448
1444.76	0.189453
1444.76	0.181152
1444.76	0.184814
1444.76	0.176514
1444.76	0.192383
1444.76	0.186279
1444.76	0.181152
1444.76	0.201538
1444.76	0.201904
1444.76	0.184204
1444.76	0.188721
1444.76	0.184204
1444.76	0.170166
1444.76	0.17041
1444.76	0.1698
1444.76	0.156738
1444.76	0.15979
1444.76	0.14563
1444.76	0.150146
1444.76	0.15918
1444.76	0.156616
1444.76	0.155029
1444.76	0.15271
1444.76	0.149414
1444.76	0.139771
1444.76	0.13623
1444.76	0.136475
1444.76	0.133423
1444.76	0.12207
1444.76	0.126953
1444.76	0.116333
1444.76	0.116943
1444.76	0.131226
1444.76	0.134888
1444.76	0.124634
1444.76	0.129272
1444.76	0.133545
1444.76	0.149658
1444.76	0.151978
1444.76	0.155762
1444.76	0.157959
1444.76	0.160767
1444.76	0.150513
1444.76	0.168945
1444.76	0.165283
1444.76	0.189575
1444.76	0.191406
1444.76	0.207642
1444.76	0.204956
1444.76	0.196289
1444.76	0.204712
1444.76	0.185669
1444.76	0.186157
1444.76	0.184082
1444.76	0.193115
1444.76	0.202759
1444.76	0.194702
1444.76	0.198853
1444.76	0.19397
1444.76	0.188232
1444.76	0.195923
1444.76	0.201172
1444.76	0.195801
1444.76	0.192627
1444.76	0.194214
1444.76	0.187256
1444.76	0.189575
1444.76	0.192505
1444.76	0.186523
1444.76	0.184937
1444.76	0.17688
1444.76	0.16626
1444.76	0.17041
1444.76	0.151855
1444.76	0.154419
1444.76	0.137329
1444.76	0.131348
1444.76	0.138062
1444.76	0.163696
1444.76	0.152832
1444.76	0.153931
1444.76	0.155396
1444.76	0.152222
1444.76	0.152222
1444.76	0.158081
1444.76	0.149292
1444.76	0.13855
1444.76	0.138916
1444.76	0.143066
1444.76	0.147827
1444.76	0.153076
