939.966	0.364258
939.966	0.427368
939.966	0.501587
939.966	0.552002
939.966	0.58374
939.966	0.614746
939.966	0.635132
939.966	0.65686
939.966	0.683105
939.966	0.691162
939.966	0.696289
939.966	0.712158
939.966	0.723267
939.966	0.741089
939.966	0.753296
939.966	0.77063
939.966	0.784302
939.966	0.788696
939.966	0.800049
939.966	0.813232
939.966	0.824219
939.966	0.835083
939.966	0.839966
939.966	0.845093
939.966	0.849243
939.966	0.853271
939.966	0.859863
939.966	0.861084
939.966	0.865356
939.966	0.869507
939.966	0.869019
939.966	0.872925
939.966	0.874146
939.966	0.875977
939.966	0.879028
939.966	0.88147
939.966	0.882935
939.966	0.883179
939.966	0.883301
939.966	0.886841
939.966	0.891235
939.966	0.895874
939.966	0.897949
939.966	0.900269
939.966	0.900635
939.966	0.90564
939.966	0.907227
939.966	0.91394
939.966	0.916138
939.966	0.917969
939.966	0.915771
939.966	0.920532
939.966	0.922729
939.966	0.927856
939.966	0.929443
939.966	0.92981
939.966	0.935669
939.966	0.938599
939.966	0.935303
939.966	0.937866
939.966	0.944092
939.966	0.942627
939.966	0.941162
939.966	0.943237
939.966	0.949585
939.966	0.952271
939.966	0.951294
939.966	0.949097
939.966	0.953247
939.966	0.9552
939.966	0.952515
939.966	0.952515
939.966	0.954834
939.966	0.957764
939.966	0.956055
939.966	0.955322
939.966	0.958252
939.966	0.960815
939.966	0.96167
939.966	0.960083
939.966	0.958618
939.966	0.956543
939.966	0.959595
939.966	0.958496
939.966	0.960083
939.966	0.959839
939.966	0.961792
939.966	0.957886
939.966	0.962158
939.966	0.962646
939.966	0.962769
939.966	0.964355
939.966	0.964478
939.966	0.962646
939.966	0.962769
939.966	0.966187
939.966	0.96521
939.966	0.964355
939.966	0.965698
939.966	0.969482
939.966	0.967041
939.966	0.969971
939.966	0.968994
939.966	0.969116
939.966	0.972778
939.966	0.975342
939.966	0.975586
939.966	0.974609
939.966	0.975708
939.966	0.978271
939.966	0.978516
939.966	0.977905
939.966	0.977539
939.966	0.976318
939.966	0.974976
939.966	0.97644
939.966	0.979004
939.966	0.979492
939.966	0.979126
939.966	0.980713
939.966	0.980713
939.966	0.980103
939.966	0.978149
939.966	0.979126
939.966	0.978882
939.966	0.980713
939.966	0.979492
939.966	0.981812
939.966	0.982056
939.966	0.982178
939.966	0.978271
939.966	0.977905
939.966	0.978027
939.966	0.9729
939.966	0.978394
939.966	0.975708
939.966	0.973755
939.966	0.974854
939.966	0.977661
939.966	0.977051
939.966	0.976196
939.966	0.976807
939.966	0.978882
939.966	0.977173
939.966	0.977661
939.966	0.97644
939.966	0.979736
939.966	0.979126
939.966	0.977051
939.966	0.977539
939.966	0.975342
939.966	0.978638
939.966	0.978027
939.966	0.977417
939.966	0.97937
939.966	0.979004
939.966	0.974243
939.966	0.974609
939.966	0.977295
939.966	0.977417
939.966	0.979858
939.966	0.979126
939.966	0.976074
939.966	0.978516
939.966	0.976929
939.966	0.974976
939.966	0.972412
939.966	0.976318
939.966	0.980713
939.966	0.976318
939.966	0.978149
939.966	0.976929
939.966	0.973755
939.966	0.976562
939.966	0.973022
939.966	0.979736
939.966	0.980591
939.966	0.976685
939.966	0.977539
939.966	0.975586
939.966	0.974976
939.966	0.976929
939.966	0.978271
939.966	0.97937
939.966	0.98291
939.966	0.979004
939.966	0.976074
939.966	0.978638
939.966	0.980957
939.966	0.980835
939.966	0.981934
939.966	0.9823
939.966	0.978638
939.966	0.979248
939.966	0.981689
939.966	0.982178
939.966	0.97876
939.966	0.981689
939.966	0.97937
939.966	0.97876
