1270.7	0.313843
1270.7	0.345947
1270.7	0.370972
1270.7	0.391357
1270.7	0.412964
1270.7	0.432983
1270.7	0.447266
1270.7	0.463135
1270.7	0.481079
1270.7	0.489136
1270.7	0.487549
1270.7	0.494385
1270.7	0.49646
1270.7	0.508179
1270.7	0.51355
1270.7	0.515015
1270.7	0.519897
1270.7	0.535522
1270.7	0.541382
1270.7	0.532715
1270.7	0.541748
1270.7	0.554199
1270.7	0.562988
1270.7	0.56604
1270.7	0.560791
1270.7	0.559937
1270.7	0.562256
1270.7	0.571533
1270.7	0.581909
1270.7	0.584229
1270.7	0.566528
1270.7	0.571533
1270.7	0.571655
1270.7	0.562256
1270.7	0.562256
1270.7	0.562866
1270.7	0.569214
1270.7	0.580078
1270.7	0.584961
1270.7	0.596558
1270.7	0.594849
1270.7	0.606079
1270.7	0.610352
1270.7	0.611816
1270.7	0.611328
1270.7	0.621216
1270.7	0.626465
1270.7	0.634399
1270.7	0.631592
1270.7	0.621704
1270.7	0.623047
1270.7	0.63147
1270.7	0.630859
1270.7	0.634277
1270.7	0.632568
1270.7	0.635498
1270.7	0.630127
1270.7	0.633911
1270.7	0.642944
1270.7	0.651611
1270.7	0.658569
1270.7	0.667358
1270.7	0.660767
1270.7	0.670044
1270.7	0.670654
1270.7	0.675171
1270.7	0.675903
1270.7	0.68103
1270.7	0.668091
1270.7	0.662598
1270.7	0.661377
1270.7	0.66272
1270.7	0.661499
1270.7	0.663452
1270.7	0.661987
1270.7	0.658081
1270.7	0.648804
1270.7	0.644897
1270.7	0.646729
1270.7	0.646362
1270.7	0.649658
1270.7	0.661621
1270.7	0.660522
1270.7	0.668213
1270.7	0.667114
1270.7	0.662109
1270.7	0.676147
1270.7	0.680908
1270.7	0.687134
1270.7	0.683594
1270.7	0.684204
1270.7	0.674438
1270.7	0.675781
1270.7	0.680542
1270.7	0.683594
1270.7	0.680298
1270.7	0.680786
1270.7	0.680786
1270.7	0.684692
1270.7	0.68335
1270.7	0.68042
1270.7	0.689941
1270.7	0.692383
1270.7	0.69873
1270.7	0.697754
1270.7	0.704224
1270.7	0.701782
1270.7	0.706909
1270.7	0.708862
1270.7	0.70874
1270.7	0.710205
1270.7	0.719116
1270.7	0.716187
1270.7	0.724487
1270.7	0.722656
1270.7	0.724487
1270.7	0.729248
1270.7	0.718384
1270.7	0.713135
1270.7	0.720581
1270.7	0.719849
1270.7	0.716919
1270.7	0.717041
1270.7	0.731079
1270.7	0.736694
1270.7	0.722046
1270.7	0.729126
1270.7	0.732056
1270.7	0.731079
1270.7	0.743042
1270.7	0.742065
1270.7	0.730347
1270.7	0.728027
1270.7	0.722046
1270.7	0.733154
1270.7	0.739136
1270.7	0.732422
1270.7	0.737305
1270.7	0.737183
1270.7	0.748169
1270.7	0.732666
1270.7	0.720825
1270.7	0.715332
1270.7	0.717529
1270.7	0.71167
1270.7	0.717896
1270.7	0.713867
1270.7	0.714966
1270.7	0.71106
1270.7	0.707886
1270.7	0.713135
1270.7	0.713867
1270.7	0.7229
1270.7	0.726318
1270.7	0.736572
1270.7	0.740356
1270.7	0.737183
1270.7	0.749023
1270.7	0.749268
1270.7	0.750366
1270.7	0.739746
1270.7	0.743774
1270.7	0.740967
1270.7	0.742676
1270.7	0.741577
1270.7	0.743042
1270.7	0.743774
1270.7	0.752319
1270.7	0.737671
1270.7	0.735352
1270.7	0.733276
1270.7	0.729126
1270.7	0.722046
1270.7	0.72937
1270.7	0.733765
1270.7	0.735962
1270.7	0.736694
1270.7	0.739014
1270.7	0.749023
1270.7	0.748169
1270.7	0.75061
1270.7	0.748901
1270.7	0.741699
1270.7	0.75
1270.7	0.753418
1270.7	0.74292
1270.7	0.755859
1270.7	0.759521
1270.7	0.758057
1270.7	0.755859
1270.7	0.751221
1270.7	0.752563
1270.7	0.747925
1270.7	0.750732
1270.7	0.761719
1270.7	0.760376
1270.7	0.76416
1270.7	0.768311
1270.7	0.768066
1270.7	0.770264
