870.339	0.369751
870.339	0.43335
870.339	0.491821
870.339	0.537842
870.339	0.59082
870.339	0.621948
870.339	0.641968
870.339	0.672363
870.339	0.69104
870.339	0.714233
870.339	0.730103
870.339	0.750488
870.339	0.76709
870.339	0.78418
870.339	0.791382
870.339	0.80127
870.339	0.808472
870.339	0.819702
870.339	0.828247
870.339	0.836304
870.339	0.843018
870.339	0.848755
870.339	0.854736
870.339	0.856201
870.339	0.861694
870.339	0.87207
870.339	0.878784
870.339	0.882324
870.339	0.884644
870.339	0.889038
870.339	0.891113
870.339	0.892456
870.339	0.893555
870.339	0.894531
870.339	0.900024
870.339	0.902344
870.339	0.904419
870.339	0.907593
870.339	0.908936
870.339	0.914062
870.339	0.917725
870.339	0.917358
870.339	0.921631
870.339	0.923218
870.339	0.92395
870.339	0.924438
870.339	0.92688
870.339	0.929321
870.339	0.928223
870.339	0.934082
870.339	0.935303
870.339	0.940308
870.339	0.94165
870.339	0.940552
870.339	0.946655
870.339	0.949219
870.339	0.948242
870.339	0.94812
870.339	0.947998
870.339	0.949829
870.339	0.949463
870.339	0.949585
870.339	0.950195
870.339	0.950684
870.339	0.948364
870.339	0.948975
870.339	0.950317
870.339	0.953491
870.339	0.955444
870.339	0.956421
870.339	0.954346
870.339	0.954834
870.339	0.955688
870.339	0.952637
870.339	0.954712
870.339	0.954102
870.339	0.954468
870.339	0.959839
870.339	0.960571
870.339	0.960815
870.339	0.962524
870.339	0.963379
870.339	0.960938
870.339	0.963135
870.339	0.959595
870.339	0.959717
870.339	0.961548
870.339	0.962524
870.339	0.9646
870.339	0.967041
870.339	0.966309
870.339	0.966919
870.339	0.967651
870.339	0.967041
870.339	0.969482
870.339	0.970093
870.339	0.969238
870.339	0.968018
870.339	0.968018
870.339	0.967773
870.339	0.968872
870.339	0.970215
870.339	0.970459
870.339	0.972412
870.339	0.9729
870.339	0.972656
870.339	0.973267
870.339	0.973633
870.339	0.975098
870.339	0.975708
870.339	0.976318
870.339	0.979858
870.339	0.97876
870.339	0.979004
870.339	0.980469
870.339	0.980835
870.339	0.979126
870.339	0.978638
870.339	0.976807
870.339	0.978638
870.339	0.982056
870.339	0.980347
870.339	0.981201
870.339	0.980347
870.339	0.980103
870.339	0.981079
870.339	0.981323
870.339	0.981079
870.339	0.983154
870.339	0.986694
870.339	0.988037
870.339	0.98645
870.339	0.985352
870.339	0.981689
870.339	0.985229
870.339	0.9823
870.339	0.9823
870.339	0.984497
870.339	0.983398
870.339	0.984741
870.339	0.984985
870.339	0.985596
870.339	0.986206
870.339	0.986328
870.339	0.985474
870.339	0.988037
870.339	0.988281
870.339	0.984863
870.339	0.98291
870.339	0.982178
870.339	0.985596
870.339	0.985229
870.339	0.984131
870.339	0.985718
870.339	0.983398
870.339	0.987183
870.339	0.985596
870.339	0.983276
870.339	0.986206
870.339	0.987305
870.339	0.985596
870.339	0.986328
870.339	0.987671
870.339	0.987671
870.339	0.987183
870.339	0.985107
870.339	0.98584
870.339	0.987671
870.339	0.986694
870.339	0.985962
870.339	0.986084
870.339	0.987061
870.339	0.986572
870.339	0.984985
870.339	0.985718
870.339	0.986938
870.339	0.986084
870.339	0.984985
870.339	0.984863
870.339	0.984253
870.339	0.984863
870.339	0.984375
870.339	0.98877
870.339	0.987305
870.339	0.985474
870.339	0.986816
870.339	0.985352
870.339	0.987305
870.339	0.986572
870.339	0.986694
870.339	0.986694
870.339	0.987183
870.339	0.987427
870.339	0.986084
870.339	0.987915
870.339	0.985596
870.339	0.985474
870.339	0.985474
870.339	0.98645
870.339	0.987671
