1279.4	0.328369
1279.4	0.351318
1279.4	0.376587
1279.4	0.415527
1279.4	0.437988
1279.4	0.452148
1279.4	0.461426
1279.4	0.465454
1279.4	0.477173
1279.4	0.479614
1279.4	0.47937
1279.4	0.480469
1279.4	0.486816
1279.4	0.503906
1279.4	0.516235
1279.4	0.530518
1279.4	0.531372
1279.4	0.536743
1279.4	0.538574
1279.4	0.560181
1279.4	0.566284
1279.4	0.565552
1279.4	0.575562
1279.4	0.573975
1279.4	0.572144
1279.4	0.567993
1279.4	0.572998
1279.4	0.577148
1279.4	0.571899
1279.4	0.577515
1279.4	0.576416
1279.4	0.58374
1279.4	0.585571
1279.4	0.591431
1279.4	0.591309
1279.4	0.600098
1279.4	0.608032
1279.4	0.608643
1279.4	0.616821
1279.4	0.618408
1279.4	0.619995
1279.4	0.632446
1279.4	0.627075
1279.4	0.626709
1279.4	0.636475
1279.4	0.64624
1279.4	0.652954
1279.4	0.658569
1279.4	0.659546
1279.4	0.663086
1279.4	0.663086
1279.4	0.667725
1279.4	0.6604
1279.4	0.667358
1279.4	0.652466
1279.4	0.651001
1279.4	0.64856
1279.4	0.650879
1279.4	0.652588
1279.4	0.654419
1279.4	0.645142
1279.4	0.647461
1279.4	0.658447
1279.4	0.661255
1279.4	0.654663
1279.4	0.654541
1279.4	0.654907
1279.4	0.659668
1279.4	0.648071
1279.4	0.649536
1279.4	0.653442
1279.4	0.658569
1279.4	0.6604
1279.4	0.654053
1279.4	0.658203
1279.4	0.656006
1279.4	0.658203
1279.4	0.658203
1279.4	0.64978
1279.4	0.651123
1279.4	0.645386
1279.4	0.653076
1279.4	0.647583
1279.4	0.636841
1279.4	0.640015
1279.4	0.649658
1279.4	0.657715
1279.4	0.656372
1279.4	0.672119
1279.4	0.670532
1279.4	0.665283
1279.4	0.663208
1279.4	0.66272
1279.4	0.662598
1279.4	0.667236
1279.4	0.668457
1279.4	0.66626
1279.4	0.675049
1279.4	0.674316
1279.4	0.65979
1279.4	0.656616
1279.4	0.664673
1279.4	0.660278
1279.4	0.665527
1279.4	0.668701
1279.4	0.669922
1279.4	0.665161
1279.4	0.65918
1279.4	0.671753
1279.4	0.6875
1279.4	0.697266
1279.4	0.692627
1279.4	0.693481
1279.4	0.701416
1279.4	0.702393
1279.4	0.697266
1279.4	0.696167
1279.4	0.701294
1279.4	0.704224
1279.4	0.697144
1279.4	0.686279
1279.4	0.689209
1279.4	0.693604
1279.4	0.692749
1279.4	0.69751
1279.4	0.687988
1279.4	0.693237
1279.4	0.694092
1279.4	0.703735
1279.4	0.703491
1279.4	0.707275
1279.4	0.706055
1279.4	0.699463
1279.4	0.710083
1279.4	0.70459
1279.4	0.701904
1279.4	0.711304
1279.4	0.709595
1279.4	0.701782
1279.4	0.703613
1279.4	0.702759
1279.4	0.697632
1279.4	0.695312
1279.4	0.696655
1279.4	0.710083
1279.4	0.718262
1279.4	0.727295
1279.4	0.733276
1279.4	0.735107
1279.4	0.738159
1279.4	0.729248
1279.4	0.728882
1279.4	0.734253
1279.4	0.739258
1279.4	0.739014
1279.4	0.730713
1279.4	0.735107
1279.4	0.731934
1279.4	0.738159
1279.4	0.729736
1279.4	0.720459
1279.4	0.729614
1279.4	0.730835
1279.4	0.731567
1279.4	0.730835
1279.4	0.736816
1279.4	0.739136
1279.4	0.744629
1279.4	0.736328
1279.4	0.743896
1279.4	0.739014
1279.4	0.732178
1279.4	0.731079
1279.4	0.732422
1279.4	0.727905
1279.4	0.728394
1279.4	0.735596
1279.4	0.73999
1279.4	0.736084
1279.4	0.734253
1279.4	0.730591
1279.4	0.733276
1279.4	0.745605
1279.4	0.737549
1279.4	0.742432
1279.4	0.744385
1279.4	0.751953
1279.4	0.746948
1279.4	0.746704
1279.4	0.751587
1279.4	0.752563
1279.4	0.764038
1279.4	0.767822
1279.4	0.759277
1279.4	0.764648
1279.4	0.762817
1279.4	0.761597
1279.4	0.757446
1279.4	0.755615
1279.4	0.757446
