1697.16	0.287842
1697.16	0.277344
1697.16	0.272949
1697.16	0.243408
1697.16	0.223022
1697.16	0.198975
1697.16	0.200073
1697.16	0.187134
1697.16	0.175293
1697.16	0.175415
1697.16	0.156494
1697.16	0.1604
1697.16	0.155029
1697.16	0.143677
1697.16	0.132324
1697.16	0.109741
1697.16	0.0985107
1697.16	0.103394
1697.16	0.103638
1697.16	0.0961914
1697.16	0.0799561
1697.16	0.0631104
1697.16	0.0645752
1697.16	0.064209
1697.16	0.0498047
1697.16	0.0545654
1697.16	0.0549316
1697.16	0.057373
1697.16	0.027832
1697.16	0.02771
1697.16	0.0194092
1697.16	0.0166016
1697.16	0.0340576
1697.16	0.0543213
1697.16	0.0455322
1697.16	0.0391846
1697.16	0.0567627
1697.16	0.0487061
1697.16	0.0429688
1697.16	0.0506592
1697.16	0.0421143
1697.16	0.0336914
1697.16	0.039917
1697.16	0.0274658
1697.16	0.0302734
1697.16	0.0314941
1697.16	0.0405273
1697.16	0.0313721
1697.16	0.0189209
1697.16	0.0314941
1697.16	0.0349121
1697.16	0.0513916
1697.16	0.0476074
1697.16	0.0419922
1697.16	0.0340576
1697.16	0.03125
1697.16	0.0307617
1697.16	0.0284424
1697.16	0.0270996
1697.16	0.0151367
1697.16	0.00183105
1697.16	0.000366211
1697.16	-0.00463867
1697.16	-0.0012207
1697.16	0.0137939
1697.16	0.02771
1697.16	0.0158691
1697.16	0.0222168
1697.16	0.0101318
1697.16	0.0310059
1697.16	0.041748
1697.16	0.0395508
1697.16	0.0483398
1697.16	0.0396729
1697.16	0.0562744
1697.16	0.0482178
1697.16	0.0334473
1697.16	0.0338135
1697.16	0.0351562
1697.16	0.0386963
1697.16	0.0244141
1697.16	0.0163574
1697.16	0.0129395
1697.16	0.0181885
1697.16	0.0250244
1697.16	0.0300293
1697.16	0.0164795
1697.16	0.0220947
1697.16	0.0328369
1697.16	0.00622559
1697.16	-0.00720215
1697.16	-0.0065918
1697.16	-0.0045166
1697.16	0.00378418
1697.16	0.0172119
1697.16	0.00292969
1697.16	0.00439453
1697.16	0.0196533
1697.16	0.0201416
1697.16	0.0133057
1697.16	0.0100098
1697.16	0.0360107
1697.16	0.029541
1697.16	0.0256348
1697.16	0.0166016
1697.16	0.0102539
1697.16	-0.00219727
1697.16	-0.00585938
1697.16	-0.00854492
1697.16	-0.00268555
1697.16	-0.00817871
1697.16	-0.00720215
1697.16	0.0090332
1697.16	0.0175781
1697.16	0.0214844
1697.16	0.0250244
1697.16	0.0235596
1697.16	0.0142822
1697.16	0.00561523
1697.16	0.0145264
1697.16	-0.000610352
1697.16	-0.00366211
1697.16	0
1697.16	-0.00830078
1697.16	0.00683594
1697.16	0.0020752
1697.16	0.00268555
1697.16	-0.00231934
1697.16	0.000244141
1697.16	0.00170898
1697.16	0.00146484
1697.16	0.0098877
1697.16	0.020752
1697.16	0.0135498
1697.16	0.0205078
1697.16	0.019043
1697.16	0.0168457
1697.16	0.0161133
1697.16	0.0090332
1697.16	-0.00366211
1697.16	-0.00939941
1697.16	-0.00598145
1697.16	-0.0117188
1697.16	-0.00769043
1697.16	0.00769043
1697.16	0.0153809
1697.16	0.0212402
1697.16	0.0322266
1697.16	0.0338135
1697.16	0.0490723
1697.16	0.0551758
1697.16	0.0625
1697.16	0.0656738
1697.16	0.0716553
1697.16	0.0666504
1697.16	0.0443115
1697.16	0.0491943
1697.16	0.0539551
1697.16	0.0571289
1697.16	0.0535889
1697.16	0.0570068
1697.16	0.0412598
1697.16	0.0443115
1697.16	0.0507812
1697.16	0.0491943
1697.16	0.034668
1697.16	0.0361328
1697.16	0.0305176
1697.16	0.02771
1697.16	0.0302734
1697.16	0.0179443
1697.16	0.0200195
1697.16	0.0179443
1697.16	0.0148926
1697.16	0.0216064
1697.16	0.0344238
1697.16	0.0522461
1697.16	0.0527344
1697.16	0.0567627
1697.16	0.0576172
1697.16	0.0478516
1697.16	0.0354004
1697.16	0.0169678
1697.16	0.0140381
1697.16	0.0125732
1697.16	0.0218506
1697.16	0.0131836
1697.16	0.0179443
1697.16	0.0220947
1697.16	0.0117188
1697.16	0.00830078
1697.16	-0.00695801
1697.16	0.00012207
1697.16	0.0020752
1697.16	0.00463867
1697.16	0.00268555
1697.16	0.0175781
1697.16	0.0164795
1697.16	0.0178223
1697.16	0.00671387
