931.263	0.353638
931.263	0.437866
931.263	0.492188
931.263	0.531494
931.263	0.572144
931.263	0.624634
931.263	0.664185
931.263	0.692505
931.263	0.715454
931.263	0.737427
931.263	0.756958
931.263	0.77002
931.263	0.782837
931.263	0.792847
931.263	0.801147
931.263	0.816895
931.263	0.826782
931.263	0.835693
931.263	0.84375
931.263	0.855591
931.263	0.857788
931.263	0.865723
931.263	0.869263
931.263	0.881714
931.263	0.885498
931.263	0.890259
931.263	0.890747
931.263	0.901367
931.263	0.910767
931.263	0.912476
931.263	0.916748
931.263	0.919434
931.263	0.924194
931.263	0.92627
931.263	0.927856
931.263	0.936035
931.263	0.937256
931.263	0.94519
931.263	0.946045
931.263	0.942627
931.263	0.945068
931.263	0.945557
931.263	0.947266
931.263	0.943604
931.263	0.945557
931.263	0.950562
931.263	0.951416
931.263	0.951172
931.263	0.956299
931.263	0.955566
931.263	0.958008
931.263	0.958252
931.263	0.959595
931.263	0.964111
931.263	0.968262
931.263	0.972168
931.263	0.971191
931.263	0.971558
931.263	0.973145
931.263	0.968384
931.263	0.970215
931.263	0.969116
931.263	0.969482
931.263	0.969482
931.263	0.966675
931.263	0.971191
931.263	0.9729
931.263	0.972656
931.263	0.97168
931.263	0.973999
931.263	0.979858
931.263	0.976074
931.263	0.97644
931.263	0.975098
931.263	0.973022
931.263	0.975952
931.263	0.975952
931.263	0.97583
931.263	0.974243
931.263	0.972412
931.263	0.971924
931.263	0.975464
931.263	0.976929
931.263	0.97998
931.263	0.978882
931.263	0.977173
931.263	0.975952
931.263	0.973999
931.263	0.976074
931.263	0.977905
931.263	0.980225
931.263	0.979492
931.263	0.978149
931.263	0.975342
931.263	0.977783
931.263	0.978394
931.263	0.977051
931.263	0.980591
931.263	0.981934
931.263	0.97998
931.263	0.97937
931.263	0.97644
931.263	0.977051
931.263	0.980835
931.263	0.980591
931.263	0.983154
931.263	0.984497
931.263	0.98291
931.263	0.981323
931.263	0.979858
931.263	0.983154
931.263	0.979858
931.263	0.980103
931.263	0.978638
931.263	0.979004
931.263	0.976318
931.263	0.979492
931.263	0.979736
931.263	0.97998
931.263	0.981079
931.263	0.981934
931.263	0.979858
931.263	0.980225
931.263	0.981079
931.263	0.981689
931.263	0.979492
931.263	0.982178
931.263	0.979736
931.263	0.981445
931.263	0.980835
931.263	0.982544
931.263	0.979736
931.263	0.981689
931.263	0.983398
931.263	0.980713
931.263	0.980225
931.263	0.982544
931.263	0.982788
931.263	0.980469
931.263	0.981323
931.263	0.978882
931.263	0.979004
931.263	0.978394
931.263	0.97644
931.263	0.975342
931.263	0.976685
931.263	0.978638
931.263	0.978271
931.263	0.979126
931.263	0.981323
931.263	0.979492
931.263	0.977295
931.263	0.978882
931.263	0.976807
931.263	0.97522
931.263	0.978149
931.263	0.976807
931.263	0.978149
931.263	0.979492
931.263	0.980103
931.263	0.978882
931.263	0.980225
931.263	0.97937
931.263	0.976807
931.263	0.977417
931.263	0.978394
931.263	0.977417
931.263	0.978394
931.263	0.978516
931.263	0.980835
931.263	0.981201
931.263	0.978516
931.263	0.980591
931.263	0.980469
931.263	0.979614
931.263	0.980225
931.263	0.982422
931.263	0.982056
931.263	0.982422
931.263	0.982788
931.263	0.981934
931.263	0.982544
931.263	0.983398
931.263	0.982544
931.263	0.980469
931.263	0.9823
931.263	0.980957
931.263	0.982056
931.263	0.980103
931.263	0.982178
931.263	0.9823
931.263	0.9823
931.263	0.982178
931.263	0.978027
931.263	0.982422
931.263	0.977905
931.263	0.977417
931.263	0.981079
931.263	0.982666
931.263	0.986084
