1314.21	0.299438
1314.21	0.328491
1314.21	0.353027
1314.21	0.374023
1314.21	0.383911
1314.21	0.384399
1314.21	0.383789
1314.21	0.390137
1314.21	0.394287
1314.21	0.393921
1314.21	0.395264
1314.21	0.401611
1314.21	0.409058
1314.21	0.414062
1314.21	0.423462
1314.21	0.427368
1314.21	0.430054
1314.21	0.431641
1314.21	0.438599
1314.21	0.448486
1314.21	0.450317
1314.21	0.459595
1314.21	0.463867
1314.21	0.468994
1314.21	0.475586
1314.21	0.46936
1314.21	0.469116
1314.21	0.470337
1314.21	0.472656
1314.21	0.476196
1314.21	0.467529
1314.21	0.4729
1314.21	0.475952
1314.21	0.481201
1314.21	0.490601
1314.21	0.489014
1314.21	0.496582
1314.21	0.500854
1314.21	0.495605
1314.21	0.502563
1314.21	0.500732
1314.21	0.495117
1314.21	0.492798
1314.21	0.497314
1314.21	0.498413
1314.21	0.49292
1314.21	0.499756
1314.21	0.495605
1314.21	0.488647
1314.21	0.488647
1314.21	0.499023
1314.21	0.505493
1314.21	0.495239
1314.21	0.5
1314.21	0.499512
1314.21	0.508789
1314.21	0.508179
1314.21	0.498047
1314.21	0.494995
1314.21	0.496338
1314.21	0.496704
1314.21	0.494629
1314.21	0.509277
1314.21	0.502686
1314.21	0.512451
1314.21	0.517578
1314.21	0.512817
1314.21	0.518188
1314.21	0.50415
1314.21	0.508789
1314.21	0.512329
1314.21	0.508545
1314.21	0.50769
1314.21	0.503662
1314.21	0.515991
1314.21	0.524048
1314.21	0.526978
1314.21	0.532104
1314.21	0.546753
1314.21	0.547119
1314.21	0.549316
1314.21	0.539917
1314.21	0.542236
1314.21	0.544312
1314.21	0.533081
1314.21	0.530273
1314.21	0.514893
1314.21	0.51416
1314.21	0.510254
1314.21	0.511108
1314.21	0.511963
1314.21	0.517822
1314.21	0.526611
1314.21	0.514038
1314.21	0.521118
1314.21	0.524292
1314.21	0.520996
1314.21	0.517944
1314.21	0.529663
1314.21	0.536377
1314.21	0.535034
1314.21	0.531494
1314.21	0.524414
1314.21	0.530273
1314.21	0.526978
1314.21	0.522095
1314.21	0.520996
1314.21	0.514648
1314.21	0.516113
1314.21	0.524414
1314.21	0.523438
1314.21	0.544434
1314.21	0.549194
1314.21	0.546265
1314.21	0.560181
1314.21	0.555298
1314.21	0.568848
1314.21	0.571045
1314.21	0.568237
1314.21	0.566528
1314.21	0.562988
1314.21	0.570435
1314.21	0.576904
1314.21	0.577759
1314.21	0.575195
1314.21	0.572021
1314.21	0.579346
1314.21	0.578857
1314.21	0.570923
1314.21	0.568848
1314.21	0.572144
1314.21	0.571411
1314.21	0.574707
1314.21	0.570679
1314.21	0.571411
1314.21	0.566284
1314.21	0.570679
1314.21	0.571777
1314.21	0.577148
1314.21	0.567749
1314.21	0.562378
1314.21	0.570679
1314.21	0.562378
1314.21	0.572754
1314.21	0.575806
1314.21	0.580078
1314.21	0.581421
1314.21	0.585205
1314.21	0.582153
1314.21	0.577026
1314.21	0.578247
1314.21	0.590332
1314.21	0.587646
1314.21	0.581421
1314.21	0.593262
1314.21	0.591309
1314.21	0.591064
1314.21	0.577026
1314.21	0.580811
1314.21	0.578979
1314.21	0.577271
1314.21	0.573853
1314.21	0.578125
1314.21	0.570435
1314.21	0.558228
1314.21	0.561401
1314.21	0.5625
1314.21	0.550293
1314.21	0.55896
1314.21	0.562134
1314.21	0.56897
1314.21	0.569092
1314.21	0.570923
1314.21	0.574951
1314.21	0.561401
1314.21	0.574341
1314.21	0.572632
1314.21	0.578857
1314.21	0.578491
1314.21	0.589233
1314.21	0.573853
1314.21	0.581177
1314.21	0.585083
1314.21	0.590088
1314.21	0.586182
1314.21	0.591675
1314.21	0.602417
1314.21	0.602539
1314.21	0.597168
1314.21	0.595093
1314.21	0.592896
1314.21	0.599487
1314.21	0.601562
1314.21	0.599487
1314.21	0.60144
1314.21	0.609131
1314.21	0.599609
1314.21	0.591187
1314.21	0.588013
1314.21	0.58728
