1096.63	0.35791
1096.63	0.413086
1096.63	0.448486
1096.63	0.478271
1096.63	0.51709
1096.63	0.534668
1096.63	0.567993
1096.63	0.588135
1096.63	0.613281
1096.63	0.639404
1096.63	0.651978
1096.63	0.66687
1096.63	0.686157
1096.63	0.696289
1096.63	0.693848
1096.63	0.706177
1096.63	0.718628
1096.63	0.732544
1096.63	0.743652
1096.63	0.753418
1096.63	0.766113
1096.63	0.779907
1096.63	0.779297
1096.63	0.787354
1096.63	0.789062
1096.63	0.793823
1096.63	0.798218
1096.63	0.80603
1096.63	0.819214
1096.63	0.816162
1096.63	0.816284
1096.63	0.819214
1096.63	0.819092
1096.63	0.828735
1096.63	0.831421
1096.63	0.829712
1096.63	0.827759
1096.63	0.832397
1096.63	0.837646
1096.63	0.836426
1096.63	0.837891
1096.63	0.842407
1096.63	0.838867
1096.63	0.837646
1096.63	0.835693
1096.63	0.839355
1096.63	0.842529
1096.63	0.843384
1096.63	0.842163
1096.63	0.846436
1096.63	0.849365
1096.63	0.850342
1096.63	0.857666
1096.63	0.862305
1096.63	0.860107
1096.63	0.859619
1096.63	0.858765
1096.63	0.863281
1096.63	0.861938
1096.63	0.866333
1096.63	0.865112
1096.63	0.871704
1096.63	0.871826
1096.63	0.871338
1096.63	0.874756
1096.63	0.872192
1096.63	0.87207
1096.63	0.871704
1096.63	0.866699
1096.63	0.868042
1096.63	0.868408
1096.63	0.867065
1096.63	0.875122
1096.63	0.875366
1096.63	0.877686
1096.63	0.881226
1096.63	0.885132
1096.63	0.883057
1096.63	0.881592
1096.63	0.875244
1096.63	0.885254
1096.63	0.882812
1096.63	0.882812
1096.63	0.880249
1096.63	0.874878
1096.63	0.878662
1096.63	0.884766
1096.63	0.887817
1096.63	0.889404
1096.63	0.888184
1096.63	0.892212
1096.63	0.889771
1096.63	0.893066
1096.63	0.888794
1096.63	0.888062
1096.63	0.891479
1096.63	0.88855
1096.63	0.882812
1096.63	0.886353
1096.63	0.890869
1096.63	0.894775
1096.63	0.902832
1096.63	0.898315
1096.63	0.894653
1096.63	0.890137
1096.63	0.894775
1096.63	0.895996
1096.63	0.900879
1096.63	0.900146
1096.63	0.898315
1096.63	0.894165
1096.63	0.899414
1096.63	0.901611
1096.63	0.903564
1096.63	0.906738
1096.63	0.903931
1096.63	0.906006
1096.63	0.908813
1096.63	0.915405
1096.63	0.913452
1096.63	0.908325
1096.63	0.915405
1096.63	0.916626
1096.63	0.914795
1096.63	0.921265
1096.63	0.915527
1096.63	0.914917
1096.63	0.914185
1096.63	0.914917
1096.63	0.915161
1096.63	0.910767
1096.63	0.912231
1096.63	0.910156
1096.63	0.912598
1096.63	0.91626
1096.63	0.91626
1096.63	0.918213
1096.63	0.913818
1096.63	0.912109
1096.63	0.912598
1096.63	0.909668
1096.63	0.911865
1096.63	0.917969
1096.63	0.920044
1096.63	0.922119
1096.63	0.921021
1096.63	0.913452
1096.63	0.908325
1096.63	0.907349
1096.63	0.905762
1096.63	0.914185
1096.63	0.917114
1096.63	0.916992
1096.63	0.918335
1096.63	0.920776
1096.63	0.922363
1096.63	0.928223
1096.63	0.927124
1096.63	0.927124
1096.63	0.924561
1096.63	0.921387
1096.63	0.920654
1096.63	0.922974
1096.63	0.927368
1096.63	0.927612
1096.63	0.929443
1096.63	0.930298
1096.63	0.929932
1096.63	0.928589
1096.63	0.934937
1096.63	0.932861
1096.63	0.930542
1096.63	0.930908
1096.63	0.93335
1096.63	0.935303
1096.63	0.929688
1096.63	0.932617
1096.63	0.940552
1096.63	0.937378
1096.63	0.93689
1096.63	0.931152
1096.63	0.928955
1096.63	0.931641
1096.63	0.932861
1096.63	0.936646
1096.63	0.934326
1096.63	0.93103
1096.63	0.931274
1096.63	0.922974
1096.63	0.928955
1096.63	0.930786
1096.63	0.935181
1096.63	0.940918
1096.63	0.937622
1096.63	0.940796
1096.63	0.941895
1096.63	0.942871
1096.63	0.943237
1096.63	0.939819
1096.63	0.937012
