1366.43	0.312256
1366.43	0.328369
1366.43	0.335449
1366.43	0.352173
1366.43	0.371094
1366.43	0.390259
1366.43	0.394165
1366.43	0.411133
1366.43	0.4198
1366.43	0.424561
1366.43	0.434814
1366.43	0.439209
1366.43	0.440552
1366.43	0.428955
1366.43	0.451416
1366.43	0.44751
1366.43	0.471924
1366.43	0.46875
1366.43	0.464233
1366.43	0.472656
1366.43	0.489624
1366.43	0.488892
1366.43	0.483887
1366.43	0.478516
1366.43	0.480957
1366.43	0.484253
1366.43	0.480591
1366.43	0.466431
1366.43	0.468628
1366.43	0.464722
1366.43	0.470337
1366.43	0.470093
1366.43	0.463989
1366.43	0.478149
1366.43	0.474121
1366.43	0.472168
1366.43	0.470947
1366.43	0.4729
1366.43	0.475098
1366.43	0.464844
1366.43	0.447144
1366.43	0.441406
1366.43	0.455688
1366.43	0.453125
1366.43	0.456543
1366.43	0.457275
1366.43	0.467285
1366.43	0.46228
1366.43	0.450928
1366.43	0.456421
1366.43	0.457031
1366.43	0.457397
1366.43	0.452026
1366.43	0.450806
1366.43	0.452026
1366.43	0.448975
1366.43	0.433594
1366.43	0.442017
1366.43	0.442017
1366.43	0.44751
1366.43	0.447144
1366.43	0.454102
1366.43	0.446045
1366.43	0.453247
1366.43	0.470825
1366.43	0.469971
1366.43	0.476807
1366.43	0.48584
1366.43	0.4823
1366.43	0.484497
1366.43	0.4646
1366.43	0.467163
1366.43	0.485229
1366.43	0.492432
1366.43	0.485474
1366.43	0.486328
1366.43	0.499878
1366.43	0.493408
1366.43	0.480225
1366.43	0.478882
1366.43	0.484619
1366.43	0.483521
1366.43	0.478638
1366.43	0.48877
1366.43	0.494385
1366.43	0.499023
1366.43	0.503052
1366.43	0.508911
1366.43	0.511108
1366.43	0.50769
1366.43	0.52002
1366.43	0.513672
1366.43	0.502319
1366.43	0.505005
1366.43	0.514526
1366.43	0.526978
1366.43	0.526855
1366.43	0.52478
1366.43	0.516357
1366.43	0.519043
1366.43	0.510986
1366.43	0.511597
1366.43	0.517212
1366.43	0.512451
1366.43	0.510498
1366.43	0.502686
1366.43	0.491211
1366.43	0.493774
1366.43	0.483887
1366.43	0.491699
1366.43	0.475708
1366.43	0.474365
1366.43	0.475708
1366.43	0.484741
1366.43	0.466431
1366.43	0.464722
1366.43	0.465454
1366.43	0.466797
1366.43	0.467285
1366.43	0.459961
1366.43	0.466309
1366.43	0.468994
1366.43	0.466431
1366.43	0.458496
1366.43	0.451294
1366.43	0.459595
1366.43	0.449463
1366.43	0.442871
1366.43	0.439819
1366.43	0.443481
1366.43	0.434692
1366.43	0.438965
1366.43	0.431885
1366.43	0.430176
1366.43	0.439575
1366.43	0.429321
1366.43	0.433228
1366.43	0.437012
1366.43	0.440063
1366.43	0.436279
1366.43	0.44751
1366.43	0.449463
1366.43	0.442749
1366.43	0.445312
1366.43	0.441772
1366.43	0.4375
1366.43	0.447388
1366.43	0.446533
1366.43	0.440674
1366.43	0.44812
1366.43	0.448853
1366.43	0.441406
1366.43	0.447388
1366.43	0.458374
1366.43	0.453613
1366.43	0.452026
1366.43	0.436646
1366.43	0.43103
1366.43	0.431763
1366.43	0.410645
1366.43	0.421753
1366.43	0.416138
1366.43	0.416016
1366.43	0.401489
1366.43	0.399048
1366.43	0.40564
1366.43	0.40979
1366.43	0.398071
1366.43	0.394165
1366.43	0.401611
1366.43	0.398804
1366.43	0.406982
1366.43	0.408325
1366.43	0.393311
1366.43	0.394775
1366.43	0.395264
1366.43	0.402344
1366.43	0.40686
1366.43	0.402588
1366.43	0.407715
1366.43	0.385986
1366.43	0.383301
1366.43	0.393188
1366.43	0.394287
1366.43	0.404419
1366.43	0.413696
1366.43	0.409058
1366.43	0.408081
1366.43	0.398071
1366.43	0.389648
1366.43	0.379761
1366.43	0.371582
1366.43	0.366821
1366.43	0.372681
1366.43	0.365479
1366.43	0.360352
1366.43	0.372437
1366.43	0.368408
1366.43	0.364258
1366.43	0.374146
