1122.74	0.34729
1122.74	0.388428
1122.74	0.430542
1122.74	0.4552
1122.74	0.480103
1122.74	0.490112
1122.74	0.515869
1122.74	0.541748
1122.74	0.555786
1122.74	0.572754
1122.74	0.576538
1122.74	0.5896
1122.74	0.606445
1122.74	0.612793
1122.74	0.613525
1122.74	0.627075
1122.74	0.631714
1122.74	0.644653
1122.74	0.660278
1122.74	0.670044
1122.74	0.685425
1122.74	0.689453
1122.74	0.696167
1122.74	0.705688
1122.74	0.715332
1122.74	0.714111
1122.74	0.725586
1122.74	0.735474
1122.74	0.745728
1122.74	0.747925
1122.74	0.741821
1122.74	0.747437
1122.74	0.746094
1122.74	0.748779
1122.74	0.744873
1122.74	0.747681
1122.74	0.757202
1122.74	0.761108
1122.74	0.760986
1122.74	0.775391
1122.74	0.770752
1122.74	0.775879
1122.74	0.770752
1122.74	0.777832
1122.74	0.786865
1122.74	0.793579
1122.74	0.801392
1122.74	0.799316
1122.74	0.79541
1122.74	0.803833
1122.74	0.801147
1122.74	0.806152
1122.74	0.802734
1122.74	0.804199
1122.74	0.8125
1122.74	0.80896
1122.74	0.812622
1122.74	0.81665
1122.74	0.817749
1122.74	0.825806
1122.74	0.827148
1122.74	0.83252
1122.74	0.839966
1122.74	0.85083
1122.74	0.845337
1122.74	0.850586
1122.74	0.845947
1122.74	0.85022
1122.74	0.852905
1122.74	0.851318
1122.74	0.852905
1122.74	0.852417
1122.74	0.861328
1122.74	0.861328
1122.74	0.862793
1122.74	0.863403
1122.74	0.859375
1122.74	0.866333
1122.74	0.872925
1122.74	0.871582
1122.74	0.871582
1122.74	0.872437
1122.74	0.873413
1122.74	0.87854
1122.74	0.878906
1122.74	0.877319
1122.74	0.874268
1122.74	0.879883
1122.74	0.88208
1122.74	0.884766
1122.74	0.888794
1122.74	0.88623
1122.74	0.888794
1122.74	0.885254
1122.74	0.885498
1122.74	0.884644
1122.74	0.887451
1122.74	0.892212
1122.74	0.889893
1122.74	0.894775
1122.74	0.899048
1122.74	0.894287
1122.74	0.894897
1122.74	0.891724
1122.74	0.893921
1122.74	0.89624
1122.74	0.904541
1122.74	0.898926
1122.74	0.898315
1122.74	0.903198
1122.74	0.900513
1122.74	0.900024
1122.74	0.907837
1122.74	0.904541
1122.74	0.903931
1122.74	0.902344
1122.74	0.900391
1122.74	0.897095
1122.74	0.898682
1122.74	0.893799
1122.74	0.902344
1122.74	0.907104
1122.74	0.911743
1122.74	0.910889
1122.74	0.911987
1122.74	0.91272
1122.74	0.90686
1122.74	0.912476
1122.74	0.912476
1122.74	0.913696
1122.74	0.918213
1122.74	0.921509
1122.74	0.916016
1122.74	0.917603
1122.74	0.923828
1122.74	0.921875
1122.74	0.923096
1122.74	0.927734
1122.74	0.924683
1122.74	0.925903
1122.74	0.925903
1122.74	0.927856
1122.74	0.931641
1122.74	0.925903
1122.74	0.929443
1122.74	0.927979
1122.74	0.922729
1122.74	0.927246
1122.74	0.924561
1122.74	0.928223
1122.74	0.928467
1122.74	0.92395
1122.74	0.917358
1122.74	0.921875
1122.74	0.922607
1122.74	0.921753
1122.74	0.921143
1122.74	0.923462
1122.74	0.92334
1122.74	0.920166
1122.74	0.924316
1122.74	0.92041
1122.74	0.916748
1122.74	0.918823
1122.74	0.91687
1122.74	0.920288
1122.74	0.925049
1122.74	0.926636
1122.74	0.928589
1122.74	0.929932
1122.74	0.925415
1122.74	0.92627
1122.74	0.926025
1122.74	0.926636
1122.74	0.92688
1122.74	0.927368
1122.74	0.930542
1122.74	0.925659
1122.74	0.928589
1122.74	0.927734
1122.74	0.933594
1122.74	0.932983
1122.74	0.92749
1122.74	0.924927
1122.74	0.930786
1122.74	0.93396
1122.74	0.936157
1122.74	0.940552
1122.74	0.930664
1122.74	0.928345
1122.74	0.925171
1122.74	0.929565
1122.74	0.932373
1122.74	0.930176
1122.74	0.932983
1122.74	0.936523
1122.74	0.93457
1122.74	0.930176
1122.74	0.935425
1122.74	0.931152
