896.449	0.369141
896.449	0.431641
896.449	0.497803
896.449	0.540039
896.449	0.5896
896.449	0.626221
896.449	0.664062
896.449	0.692383
896.449	0.713013
896.449	0.737793
896.449	0.760132
896.449	0.778198
896.449	0.789673
896.449	0.804565
896.449	0.819214
896.449	0.835205
896.449	0.845093
896.449	0.852295
896.449	0.860718
896.449	0.869263
896.449	0.873779
896.449	0.881592
896.449	0.890503
896.449	0.899292
896.449	0.906494
896.449	0.907227
896.449	0.914307
896.449	0.917725
896.449	0.922729
896.449	0.924683
896.449	0.927612
896.449	0.928101
896.449	0.933472
896.449	0.938354
896.449	0.942749
896.449	0.944946
896.449	0.947021
896.449	0.947754
896.449	0.952637
896.449	0.956055
896.449	0.957397
896.449	0.958374
896.449	0.959839
896.449	0.961304
896.449	0.963867
896.449	0.963623
896.449	0.966064
896.449	0.965942
896.449	0.966919
896.449	0.966797
896.449	0.965698
896.449	0.968994
896.449	0.971802
896.449	0.974731
896.449	0.973755
896.449	0.975708
896.449	0.979614
896.449	0.976685
896.449	0.974976
896.449	0.973511
896.449	0.975586
896.449	0.97644
896.449	0.977539
896.449	0.979858
896.449	0.97998
896.449	0.980835
896.449	0.98291
896.449	0.981079
896.449	0.980713
896.449	0.981689
896.449	0.977539
896.449	0.980225
896.449	0.979736
896.449	0.981567
896.449	0.98291
896.449	0.981689
896.449	0.981689
896.449	0.983154
896.449	0.982544
896.449	0.983765
896.449	0.984741
896.449	0.980713
896.449	0.9823
896.449	0.984131
896.449	0.984619
896.449	0.983032
896.449	0.983276
896.449	0.985474
896.449	0.98645
896.449	0.985352
896.449	0.98584
896.449	0.984863
896.449	0.985229
896.449	0.983765
896.449	0.982056
896.449	0.979492
896.449	0.983276
896.449	0.985596
896.449	0.988037
896.449	0.985474
896.449	0.982788
896.449	0.981934
896.449	0.986084
896.449	0.987305
896.449	0.986938
896.449	0.984497
896.449	0.985352
896.449	0.983521
896.449	0.983887
896.449	0.984497
896.449	0.984375
896.449	0.983887
896.449	0.985962
896.449	0.98584
896.449	0.987549
896.449	0.988403
896.449	0.985718
896.449	0.982178
896.449	0.98291
896.449	0.982178
896.449	0.983276
896.449	0.984619
896.449	0.983154
896.449	0.982544
896.449	0.982056
896.449	0.981689
896.449	0.98291
896.449	0.9823
896.449	0.986328
896.449	0.988647
896.449	0.986084
896.449	0.985229
896.449	0.984619
896.449	0.98584
896.449	0.984985
896.449	0.984863
896.449	0.984375
896.449	0.981323
896.449	0.980957
896.449	0.980225
896.449	0.980835
896.449	0.982422
896.449	0.983887
896.449	0.983276
896.449	0.984741
896.449	0.984131
896.449	0.981934
896.449	0.984619
896.449	0.984009
896.449	0.984497
896.449	0.983521
896.449	0.983398
896.449	0.981812
896.449	0.98291
896.449	0.983521
896.449	0.986572
896.449	0.984985
896.449	0.983765
896.449	0.984985
896.449	0.985596
896.449	0.985352
896.449	0.985474
896.449	0.983154
896.449	0.983643
896.449	0.984375
896.449	0.983398
896.449	0.981201
896.449	0.984131
896.449	0.984863
896.449	0.982056
896.449	0.982178
896.449	0.980591
896.449	0.984985
896.449	0.985352
896.449	0.985229
896.449	0.987061
896.449	0.984985
896.449	0.985474
896.449	0.983032
896.449	0.981201
896.449	0.984131
896.449	0.983154
896.449	0.982178
896.449	0.983643
896.449	0.985962
896.449	0.983276
896.449	0.982178
896.449	0.983521
896.449	0.985352
896.449	0.984131
896.449	0.984131
896.449	0.982544
896.449	0.981934
896.449	0.981934
896.449	0.983154
896.449	0.981567
896.449	0.979126
896.449	0.979492
896.449	0.981079
896.449	0.980225
