1671.05	0.240356
1671.05	0.231445
1671.05	0.209229
1671.05	0.197144
1671.05	0.201172
1671.05	0.189697
1671.05	0.195435
1671.05	0.171387
1671.05	0.164673
1671.05	0.17688
1671.05	0.179932
1671.05	0.171631
1671.05	0.154053
1671.05	0.148315
1671.05	0.130493
1671.05	0.118896
1671.05	0.109863
1671.05	0.109619
1671.05	0.0963135
1671.05	0.081543
1671.05	0.0762939
1671.05	0.0559082
1671.05	0.0522461
1671.05	0.0473633
1671.05	0.0419922
1671.05	0.0440674
1671.05	0.0402832
1671.05	0.043335
1671.05	0.024292
1671.05	0.0334473
1671.05	0.0430908
1671.05	0.0533447
1671.05	0.0534668
1671.05	0.0720215
1671.05	0.0557861
1671.05	0.0424805
1671.05	0.0424805
1671.05	0.0404053
1671.05	0.0449219
1671.05	0.0445557
1671.05	0.0455322
1671.05	0.0583496
1671.05	0.0516357
1671.05	0.0402832
1671.05	0.0429688
1671.05	0.0533447
1671.05	0.0441895
1671.05	0.0527344
1671.05	0.046875
1671.05	0.0361328
1671.05	0.0457764
1671.05	0.0273438
1671.05	0.00671387
1671.05	0.0123291
1671.05	0.0169678
1671.05	0.00146484
1671.05	0.0012207
1671.05	0.0217285
1671.05	0.0371094
1671.05	0.0394287
1671.05	0.0394287
1671.05	0.0180664
1671.05	0.0169678
1671.05	-0.00964355
1671.05	-0.0249023
1671.05	-0.0161133
1671.05	-0.010376
1671.05	-0.0230713
1671.05	-0.0214844
1671.05	-0.0218506
1671.05	-0.0341797
1671.05	-0.0408936
1671.05	-0.0256348
1671.05	-0.00976562
1671.05	0.00549316
1671.05	0.0185547
1671.05	0.0192871
1671.05	0.00964355
1671.05	0.0115967
1671.05	0.0187988
1671.05	0.0335693
1671.05	0.0369873
1671.05	0.0488281
1671.05	0.0587158
1671.05	0.0480957
1671.05	0.0543213
1671.05	0.0477295
1671.05	0.0339355
1671.05	0.0400391
1671.05	0.0407715
1671.05	0.0523682
1671.05	0.0316162
1671.05	0.045166
1671.05	0.0404053
1671.05	0.0421143
1671.05	0.0489502
1671.05	0.0457764
1671.05	0.0368652
1671.05	0.0362549
1671.05	0.0469971
1671.05	0.0311279
1671.05	0.0201416
1671.05	0.0155029
1671.05	0.00537109
1671.05	0.00476074
1671.05	0.019043
1671.05	0.00134277
1671.05	0.0187988
1671.05	0.0286865
1671.05	0.0247803
1671.05	0.0294189
1671.05	0.0252686
1671.05	0.0247803
1671.05	0.0292969
1671.05	0.0361328
1671.05	0.0241699
1671.05	0.0458984
1671.05	0.0360107
1671.05	0.0446777
1671.05	0.0489502
1671.05	0.0623779
1671.05	0.0614014
1671.05	0.0598145
1671.05	0.0537109
1671.05	0.0662842
1671.05	0.0606689
1671.05	0.0402832
1671.05	0.041626
1671.05	0.041626
1671.05	0.0438232
1671.05	0.0321045
1671.05	0.0408936
1671.05	0.0422363
1671.05	0.0400391
1671.05	0.0257568
1671.05	0.0284424
1671.05	0.0313721
1671.05	0.0137939
1671.05	-0.00927734
1671.05	-0.0128174
1671.05	0.000732422
1671.05	0.0126953
1671.05	-0.00195312
1671.05	-0.0057373
1671.05	-0.00280762
1671.05	0.0114746
1671.05	-0.00231934
1671.05	0.0185547
1671.05	0.00671387
1671.05	-0.0108643
1671.05	-0.00158691
1671.05	-0.0175781
1671.05	-0.00146484
1671.05	-0.0178223
1671.05	-0.0172119
1671.05	-0.0178223
1671.05	-0.0179443
1671.05	-0.0196533
1671.05	-0.0273438
1671.05	-0.0292969
1671.05	-0.0273438
1671.05	-0.0450439
1671.05	-0.0379639
1671.05	-0.0206299
1671.05	-0.0192871
1671.05	-0.0118408
1671.05	-0.00463867
1671.05	-0.0101318
1671.05	-0.00378418
1671.05	-0.0134277
1671.05	-0.0239258
1671.05	-0.0462646
1671.05	-0.0523682
1671.05	-0.0255127
1671.05	-0.0339355
1671.05	-0.0334473
1671.05	-0.0316162
1671.05	-0.0322266
1671.05	-0.0252686
1671.05	-0.0134277
1671.05	-0.0223389
1671.05	-0.0220947
1671.05	-0.0205078
1671.05	-0.0206299
1671.05	-0.0119629
1671.05	-0.0194092
1671.05	-0.00671387
1671.05	0.0032959
1671.05	0.00854492
1671.05	0.00622559
1671.05	0.0151367
1671.05	0.0101318
1671.05	0.0135498
1671.05	0.0142822
1671.05	0.00439453
1671.05	-0.0102539
1671.05	-0.00195312
1671.05	-0.0100098
1671.05	-0.0195312
1671.05	-0.0157471
