1557.91	0.306396
1557.91	0.3125
1557.91	0.305298
1557.91	0.312134
1557.91	0.31604
1557.91	0.311401
1557.91	0.30188
1557.91	0.284302
1557.91	0.280884
1557.91	0.282104
1557.91	0.260498
1557.91	0.245239
1557.91	0.244995
1557.91	0.250732
1557.91	0.24231
1557.91	0.217163
1557.91	0.207642
1557.91	0.19873
1557.91	0.197266
1557.91	0.186035
1557.91	0.175415
1557.91	0.155273
1557.91	0.144287
1557.91	0.140625
1557.91	0.129883
1557.91	0.140259
1557.91	0.12915
1557.91	0.118652
1557.91	0.112671
1557.91	0.118408
1557.91	0.108276
1557.91	0.107056
1557.91	0.114868
1557.91	0.116333
1557.91	0.111816
1557.91	0.0998535
1557.91	0.0926514
1557.91	0.0991211
1557.91	0.0955811
1557.91	0.0869141
1557.91	0.0793457
1557.91	0.0799561
1557.91	0.0656738
1557.91	0.0633545
1557.91	0.059082
1557.91	0.0657959
1557.91	0.0518799
1557.91	0.0540771
1557.91	0.0543213
1557.91	0.0484619
1557.91	0.0323486
1557.91	0.0324707
1557.91	0.0283203
1557.91	0.0319824
1557.91	0.0460205
1557.91	0.057251
1557.91	0.0557861
1557.91	0.0535889
1557.91	0.0466309
1557.91	0.0391846
1557.91	0.0344238
1557.91	0.0506592
1557.91	0.0360107
1557.91	0.0457764
1557.91	0.0390625
1557.91	0.0437012
1557.91	0.0415039
1557.91	0.0432129
1557.91	0.0386963
1557.91	0.0461426
1557.91	0.0444336
1557.91	0.0506592
1557.91	0.0447998
1557.91	0.0516357
1557.91	0.0522461
1557.91	0.0495605
1557.91	0.0491943
1557.91	0.0532227
1557.91	0.0548096
1557.91	0.0463867
1557.91	0.052124
1557.91	0.0494385
1557.91	0.0338135
1557.91	0.0426025
1557.91	0.0458984
1557.91	0.0384521
1557.91	0.0286865
1557.91	0.0279541
1557.91	0.0495605
1557.91	0.0506592
1557.91	0.0526123
1557.91	0.0545654
1557.91	0.0541992
1557.91	0.0446777
1557.91	0.0283203
1557.91	0.0181885
1557.91	0.0332031
1557.91	0.0316162
1557.91	0.0238037
1557.91	0.0170898
1557.91	0.0172119
1557.91	0.00671387
1557.91	0.0123291
1557.91	-0.00402832
1557.91	0.00280762
1557.91	0.0108643
1557.91	0.0133057
1557.91	0.0280762
1557.91	0.017334
1557.91	0.0386963
1557.91	0.012207
1557.91	0.0078125
1557.91	0.0100098
1557.91	0.0146484
1557.91	0.00244141
1557.91	0.00134277
1557.91	0.00366211
1557.91	0.0256348
1557.91	0.0375977
1557.91	0.0219727
1557.91	0.017334
1557.91	0.0250244
1557.91	0.0219727
1557.91	0.020874
1557.91	0.0142822
1557.91	0.0107422
1557.91	0.0117188
1557.91	0.00756836
1557.91	0.00708008
1557.91	0.00354004
1557.91	0.00769043
1557.91	0.00280762
1557.91	-0.00146484
1557.91	0.00769043
1557.91	0.00476074
1557.91	0.00756836
1557.91	0.00610352
1557.91	0.00476074
1557.91	-0.00012207
1557.91	-0.00585938
1557.91	-0.00598145
1557.91	-0.0252686
1557.91	-0.0263672
1557.91	-0.0136719
1557.91	-0.0202637
1557.91	-0.0333252
1557.91	-0.0351562
1557.91	-0.0345459
1557.91	-0.0361328
1557.91	-0.0354004
1557.91	-0.0415039
1557.91	-0.0513916
1557.91	-0.0535889
1557.91	-0.0415039
1557.91	-0.0328369
1557.91	-0.0379639
1557.91	-0.0356445
1557.91	-0.0195312
1557.91	-0.0112305
1557.91	-0.0200195
1557.91	-0.0129395
1557.91	-0.0128174
1557.91	-0.0161133
1557.91	-0.0192871
1557.91	-0.0235596
1557.91	-0.03479
1557.91	-0.0396729
1557.91	-0.0582275
1557.91	-0.0566406
1557.91	-0.0614014
1557.91	-0.0749512
1557.91	-0.0628662
1557.91	-0.050415
1557.91	-0.0577393
1557.91	-0.0388184
1557.91	-0.026123
1557.91	-0.0135498
1557.91	0.0065918
1557.91	0.00939941
1557.91	0.00622559
1557.91	0.0229492
1557.91	0.0274658
1557.91	0.029541
1557.91	0.0247803
1557.91	0.0119629
1557.91	-0.00427246
1557.91	0.00012207
1557.91	-0.00402832
1557.91	-0.0133057
1557.91	-0.00537109
1557.91	0.0045166
1557.91	0.010376
1557.91	-0.00146484
1557.91	-0.00463867
1557.91	0.000732422
1557.91	0.0065918
1557.91	0.0189209
1557.91	0.0307617
1557.91	0.0280762
1557.91	0.0189209
