1053.11	0.340942
1053.11	0.407471
1053.11	0.450073
1053.11	0.500244
1053.11	0.534546
1053.11	0.56897
1053.11	0.596558
1053.11	0.616699
1053.11	0.638672
1053.11	0.666504
1053.11	0.682739
1053.11	0.705444
1053.11	0.717651
1053.11	0.733643
1053.11	0.744995
1053.11	0.754883
1053.11	0.7677
1053.11	0.783081
1053.11	0.787109
1053.11	0.792603
1053.11	0.807495
1053.11	0.822876
1053.11	0.825073
1053.11	0.832764
1053.11	0.844238
1053.11	0.85022
1053.11	0.855103
1053.11	0.855591
1053.11	0.858032
1053.11	0.867432
1053.11	0.870361
1053.11	0.873169
1053.11	0.878906
1053.11	0.885376
1053.11	0.88501
1053.11	0.887573
1053.11	0.888672
1053.11	0.89502
1053.11	0.897949
1053.11	0.89502
1053.11	0.897705
1053.11	0.890747
1053.11	0.895996
1053.11	0.901123
1053.11	0.89856
1053.11	0.893188
1053.11	0.897583
1053.11	0.900757
1053.11	0.906006
1053.11	0.911987
1053.11	0.907227
1053.11	0.904297
1053.11	0.914551
1053.11	0.915649
1053.11	0.915161
1053.11	0.917114
1053.11	0.915771
1053.11	0.916504
1053.11	0.924805
1053.11	0.93335
1053.11	0.931152
1053.11	0.930664
1053.11	0.931519
1053.11	0.93457
1053.11	0.934326
1053.11	0.934692
1053.11	0.934204
1053.11	0.936035
1053.11	0.937012
1053.11	0.934448
1053.11	0.943359
1053.11	0.941162
1053.11	0.943359
1053.11	0.945312
1053.11	0.947998
1053.11	0.946533
1053.11	0.949219
1053.11	0.947144
1053.11	0.942261
1053.11	0.936279
1053.11	0.942749
1053.11	0.940552
1053.11	0.938721
1053.11	0.94751
1053.11	0.946533
1053.11	0.939819
1053.11	0.939453
1053.11	0.934814
1053.11	0.942505
1053.11	0.946045
1053.11	0.946777
1053.11	0.948242
1053.11	0.951416
1053.11	0.946289
1053.11	0.945923
1053.11	0.945557
1053.11	0.945679
1053.11	0.948853
1053.11	0.945679
1053.11	0.947266
1053.11	0.952148
1053.11	0.956543
1053.11	0.955078
1053.11	0.950439
1053.11	0.956177
1053.11	0.958252
1053.11	0.957886
1053.11	0.95752
1053.11	0.957886
1053.11	0.959229
1053.11	0.959473
1053.11	0.956909
1053.11	0.956055
1053.11	0.955933
1053.11	0.950195
1053.11	0.953735
1053.11	0.950195
1053.11	0.952148
1053.11	0.951782
1053.11	0.953735
1053.11	0.949097
1053.11	0.947388
1053.11	0.946533
1053.11	0.94397
1053.11	0.945068
1053.11	0.95105
1053.11	0.952637
1053.11	0.952881
1053.11	0.954712
1053.11	0.952637
1053.11	0.955811
1053.11	0.956055
1053.11	0.957764
1053.11	0.957275
1053.11	0.954712
1053.11	0.952026
1053.11	0.950317
1053.11	0.956543
1053.11	0.955566
1053.11	0.952026
1053.11	0.948608
1053.11	0.951904
1053.11	0.954224
1053.11	0.958008
1053.11	0.956787
1053.11	0.953247
1053.11	0.94873
1053.11	0.947876
1053.11	0.955444
1053.11	0.958862
1053.11	0.961182
1053.11	0.957031
1053.11	0.950562
1053.11	0.956177
1053.11	0.956909
1053.11	0.95874
1053.11	0.96106
1053.11	0.960938
1053.11	0.957153
1053.11	0.953491
1053.11	0.946777
1053.11	0.947754
1053.11	0.94873
1053.11	0.953003
1053.11	0.952148
1053.11	0.958374
1053.11	0.958374
1053.11	0.957031
1053.11	0.956665
1053.11	0.956299
1053.11	0.95459
1053.11	0.956665
1053.11	0.953491
1053.11	0.956055
1053.11	0.960693
1053.11	0.9552
1053.11	0.951294
1053.11	0.952026
1053.11	0.954834
1053.11	0.951294
1053.11	0.95166
1053.11	0.956421
1053.11	0.960449
1053.11	0.953857
1053.11	0.957031
1053.11	0.956421
1053.11	0.955566
1053.11	0.947876
1053.11	0.952881
1053.11	0.947144
1053.11	0.95166
1053.11	0.949097
1053.11	0.949219
1053.11	0.94873
1053.11	0.953857
1053.11	0.952026
1053.11	0.953613
1053.11	0.948975
1053.11	0.950562
1053.11	0.951782
