1540.5	0.268311
1540.5	0.265381
1540.5	0.270508
1540.5	0.261841
1540.5	0.280518
1540.5	0.279785
1540.5	0.271484
1540.5	0.245361
1540.5	0.249146
1540.5	0.248779
1540.5	0.226929
1540.5	0.235718
1540.5	0.238281
1540.5	0.242676
1540.5	0.242432
1540.5	0.248901
1540.5	0.233643
1540.5	0.220825
1540.5	0.212402
1540.5	0.212402
1540.5	0.216553
1540.5	0.203369
1540.5	0.200195
1540.5	0.205322
1540.5	0.215454
1540.5	0.224854
1540.5	0.225342
1540.5	0.224731
1540.5	0.219971
1540.5	0.189453
1540.5	0.186646
1540.5	0.184937
1540.5	0.182129
1540.5	0.189697
1540.5	0.197388
1540.5	0.200928
1540.5	0.199829
1540.5	0.185791
1540.5	0.185547
1540.5	0.182129
1540.5	0.170044
1540.5	0.162109
1540.5	0.14563
1540.5	0.137451
1540.5	0.146484
1540.5	0.142944
1540.5	0.138062
1540.5	0.130249
1540.5	0.125122
1540.5	0.117432
1540.5	0.108765
1540.5	0.113403
1540.5	0.0958252
1540.5	0.0963135
1540.5	0.0992432
1540.5	0.0982666
1540.5	0.0814209
1540.5	0.0906982
1540.5	0.0893555
1540.5	0.0822754
1540.5	0.0841064
1540.5	0.0800781
1540.5	0.0725098
1540.5	0.0775146
1540.5	0.0612793
1540.5	0.0550537
1540.5	0.0598145
1540.5	0.0462646
1540.5	0.0314941
1540.5	0.045166
1540.5	0.0354004
1540.5	0.0250244
1540.5	0.0296631
1540.5	0.0223389
1540.5	0.0380859
1540.5	0.0405273
1540.5	0.0313721
1540.5	0.0535889
1540.5	0.0463867
1540.5	0.0537109
1540.5	0.0534668
1540.5	0.0467529
1540.5	0.0546875
1540.5	0.0565186
1540.5	0.055542
1540.5	0.0654297
1540.5	0.0574951
1540.5	0.0374756
1540.5	0.052002
1540.5	0.0554199
1540.5	0.0692139
1540.5	0.0799561
1540.5	0.0953369
1540.5	0.104858
1540.5	0.104614
1540.5	0.108154
1540.5	0.0909424
1540.5	0.0898438
1540.5	0.0957031
1540.5	0.0889893
1540.5	0.0897217
1540.5	0.095459
1540.5	0.0877686
1540.5	0.0915527
1540.5	0.0935059
1540.5	0.083374
1540.5	0.0629883
1540.5	0.0654297
1540.5	0.0721436
1540.5	0.0618896
1540.5	0.0600586
1540.5	0.0419922
1540.5	0.0452881
1540.5	0.0404053
1540.5	0.0476074
1540.5	0.0324707
1540.5	0.0345459
1540.5	0.0389404
1540.5	0.0213623
1540.5	0.0292969
1540.5	0.0218506
1540.5	0.0246582
1540.5	0.00817871
1540.5	-0.00512695
1540.5	0.000488281
1540.5	0.0020752
1540.5	-0.00427246
1540.5	-0.00256348
1540.5	-0.00915527
1540.5	-0.0162354
1540.5	-0.029541
1540.5	-0.00549316
1540.5	-0.0020752
1540.5	-0.0113525
1540.5	-0.0032959
1540.5	-0.0292969
1540.5	-0.0251465
1540.5	-0.0413818
1540.5	-0.0477295
1540.5	-0.0418701
1540.5	-0.0622559
1540.5	-0.0684814
1540.5	-0.0718994
1540.5	-0.0666504
1540.5	-0.0449219
1540.5	-0.0324707
1540.5	-0.0405273
1540.5	-0.0339355
1540.5	-0.0391846
1540.5	-0.0487061
1540.5	-0.0518799
1540.5	-0.0594482
1540.5	-0.0483398
1540.5	-0.0527344
1540.5	-0.0390625
1540.5	-0.038208
1540.5	-0.0426025
1540.5	-0.0593262
1540.5	-0.0644531
1540.5	-0.0603027
1540.5	-0.0609131
1540.5	-0.0428467
1540.5	-0.0567627
1540.5	-0.0524902
1540.5	-0.0581055
1540.5	-0.050415
1540.5	-0.0540771
1540.5	-0.0490723
1540.5	-0.0482178
1540.5	-0.0509033
1540.5	-0.0327148
1540.5	-0.0445557
1540.5	-0.0426025
1540.5	-0.0447998
1540.5	-0.0494385
1540.5	-0.0357666
1540.5	-0.026123
1540.5	-0.0272217
1540.5	-0.02771
1540.5	-0.0424805
1540.5	-0.0511475
1540.5	-0.0579834
1540.5	-0.0639648
1540.5	-0.0588379
1540.5	-0.0594482
1540.5	-0.0579834
1540.5	-0.0446777
1540.5	-0.0552979
1540.5	-0.0605469
1540.5	-0.0449219
1540.5	-0.0488281
1540.5	-0.0474854
1540.5	-0.0631104
1540.5	-0.0600586
1540.5	-0.0684814
1540.5	-0.0645752
1540.5	-0.0412598
1540.5	-0.0506592
1540.5	-0.0432129
1540.5	-0.0490723
