1131.44	0.344116
1131.44	0.385864
1131.44	0.420532
1131.44	0.441895
1131.44	0.46814
1131.44	0.491211
1131.44	0.508423
1131.44	0.519043
1131.44	0.539062
1131.44	0.5625
1131.44	0.571777
1131.44	0.592407
1131.44	0.610718
1131.44	0.619629
1131.44	0.627319
1131.44	0.634521
1131.44	0.646362
1131.44	0.658325
1131.44	0.665649
1131.44	0.668091
1131.44	0.684326
1131.44	0.690063
1131.44	0.699097
1131.44	0.698975
1131.44	0.70105
1131.44	0.702271
1131.44	0.714355
1131.44	0.724976
1131.44	0.719849
1131.44	0.728149
1131.44	0.739136
1131.44	0.745483
1131.44	0.748779
1131.44	0.746338
1131.44	0.748779
1131.44	0.747314
1131.44	0.760376
1131.44	0.758667
1131.44	0.759888
1131.44	0.766479
1131.44	0.766479
1131.44	0.764526
1131.44	0.763794
1131.44	0.769897
1131.44	0.77771
1131.44	0.777954
1131.44	0.785156
1131.44	0.790039
1131.44	0.789429
1131.44	0.789795
1131.44	0.795654
1131.44	0.801758
1131.44	0.802856
1131.44	0.806885
1131.44	0.812988
1131.44	0.810669
1131.44	0.814087
1131.44	0.820068
1131.44	0.821167
1131.44	0.819946
1131.44	0.823975
1131.44	0.827637
1131.44	0.838623
1131.44	0.840576
1131.44	0.833374
1131.44	0.828369
1131.44	0.827515
1131.44	0.823364
1131.44	0.828491
1131.44	0.839722
1131.44	0.837769
1131.44	0.838257
1131.44	0.845825
1131.44	0.850952
1131.44	0.855225
1131.44	0.855835
1131.44	0.858765
1131.44	0.859863
1131.44	0.858643
1131.44	0.858276
1131.44	0.856079
1131.44	0.861694
1131.44	0.854126
1131.44	0.858887
1131.44	0.863403
1131.44	0.861572
1131.44	0.864868
1131.44	0.860596
1131.44	0.858765
1131.44	0.856689
1131.44	0.855835
1131.44	0.859131
1131.44	0.864502
1131.44	0.86792
1131.44	0.870239
1131.44	0.870605
1131.44	0.877075
1131.44	0.87439
1131.44	0.875244
1131.44	0.872925
1131.44	0.869263
1131.44	0.872681
1131.44	0.87561
1131.44	0.870605
1131.44	0.869751
1131.44	0.870361
1131.44	0.872925
1131.44	0.875244
1131.44	0.873901
1131.44	0.877075
1131.44	0.883423
1131.44	0.883179
1131.44	0.882812
1131.44	0.890747
1131.44	0.891724
1131.44	0.887207
1131.44	0.881348
1131.44	0.876465
1131.44	0.880737
1131.44	0.882202
1131.44	0.886597
1131.44	0.886719
1131.44	0.888916
1131.44	0.893066
1131.44	0.895264
1131.44	0.893799
1131.44	0.89209
1131.44	0.895142
1131.44	0.895874
1131.44	0.899658
1131.44	0.89563
1131.44	0.901611
1131.44	0.903076
1131.44	0.898926
1131.44	0.894531
1131.44	0.897583
1131.44	0.896851
1131.44	0.898682
1131.44	0.894897
1131.44	0.89209
1131.44	0.889648
1131.44	0.892822
1131.44	0.890869
1131.44	0.890869
1131.44	0.885376
1131.44	0.885254
1131.44	0.881958
1131.44	0.884033
1131.44	0.888306
1131.44	0.899902
1131.44	0.902954
1131.44	0.903198
1131.44	0.903809
1131.44	0.895142
1131.44	0.897949
1131.44	0.897217
1131.44	0.909912
1131.44	0.913696
1131.44	0.921997
1131.44	0.923828
1131.44	0.921143
1131.44	0.92041
1131.44	0.918945
1131.44	0.914795
1131.44	0.905762
1131.44	0.908936
1131.44	0.905029
1131.44	0.906128
1131.44	0.907349
1131.44	0.913452
1131.44	0.910767
1131.44	0.910278
1131.44	0.90564
1131.44	0.906128
1131.44	0.911743
1131.44	0.916138
1131.44	0.915649
1131.44	0.913574
1131.44	0.910889
1131.44	0.917603
1131.44	0.919434
1131.44	0.913452
1131.44	0.914917
1131.44	0.919556
1131.44	0.921753
1131.44	0.922241
1131.44	0.919922
1131.44	0.921631
1131.44	0.916016
1131.44	0.912231
1131.44	0.912354
1131.44	0.919312
1131.44	0.916382
1131.44	0.916504
1131.44	0.926392
1131.44	0.926636
1131.44	0.926514
1131.44	0.917114
1131.44	0.909424
1131.44	0.914795
