1383.84	0.313721
1383.84	0.324341
1383.84	0.339478
1383.84	0.359619
1383.84	0.371826
1383.84	0.377319
1383.84	0.373169
1383.84	0.385254
1383.84	0.372681
1383.84	0.373901
1383.84	0.387817
1383.84	0.381348
1383.84	0.386353
1383.84	0.380737
1383.84	0.361572
1383.84	0.362305
1383.84	0.36792
1383.84	0.367188
1383.84	0.375977
1383.84	0.360474
1383.84	0.367188
1383.84	0.373413
1383.84	0.372681
1383.84	0.379639
1383.84	0.376831
1383.84	0.382568
1383.84	0.373657
1383.84	0.366821
1383.84	0.36731
1383.84	0.364746
1383.84	0.354248
1383.84	0.342407
1383.84	0.337646
1383.84	0.335938
1383.84	0.332764
1383.84	0.340332
1383.84	0.338501
1383.84	0.340454
1383.84	0.3396
1383.84	0.340698
1383.84	0.346069
1383.84	0.344604
1383.84	0.335327
1383.84	0.324951
1383.84	0.321533
1383.84	0.333008
1383.84	0.329224
1383.84	0.324707
1383.84	0.320801
1383.84	0.323364
1383.84	0.344849
1383.84	0.348877
1383.84	0.339111
1383.84	0.347534
1383.84	0.338867
1383.84	0.336914
1383.84	0.326294
1383.84	0.332153
1383.84	0.317505
1383.84	0.32312
1383.84	0.316528
1383.84	0.313354
1383.84	0.313721
1383.84	0.298096
1383.84	0.310303
1383.84	0.320557
1383.84	0.340942
1383.84	0.34375
1383.84	0.335205
1383.84	0.338379
1383.84	0.348999
1383.84	0.343262
1383.84	0.340088
1383.84	0.34436
1383.84	0.336182
1383.84	0.326904
1383.84	0.329346
1383.84	0.314697
1383.84	0.314819
1383.84	0.327393
1383.84	0.324341
1383.84	0.322144
1383.84	0.315918
1383.84	0.30481
1383.84	0.297729
1383.84	0.291992
1383.84	0.283447
1383.84	0.283691
1383.84	0.283569
1383.84	0.276611
1383.84	0.277588
1383.84	0.275757
1383.84	0.263306
1383.84	0.248779
1383.84	0.243408
1383.84	0.260376
1383.84	0.254883
1383.84	0.251343
1383.84	0.252075
1383.84	0.247803
1383.84	0.237793
1383.84	0.245728
1383.84	0.250854
1383.84	0.249634
1383.84	0.25
1383.84	0.23938
1383.84	0.234863
1383.84	0.237671
1383.84	0.25
1383.84	0.243042
1383.84	0.241699
1383.84	0.244751
1383.84	0.22937
1383.84	0.229614
1383.84	0.237549
1383.84	0.234497
1383.84	0.238403
1383.84	0.259644
1383.84	0.260498
1383.84	0.268677
1383.84	0.266846
1383.84	0.269287
1383.84	0.270142
1383.84	0.263916
1383.84	0.255249
1383.84	0.271118
1383.84	0.26355
1383.84	0.281982
1383.84	0.274292
1383.84	0.286133
1383.84	0.282715
1383.84	0.282715
1383.84	0.2771
1383.84	0.277588
1383.84	0.272217
1383.84	0.275269
1383.84	0.268677
1383.84	0.270386
1383.84	0.273071
1383.84	0.255615
1383.84	0.264404
1383.84	0.254395
1383.84	0.254028
1383.84	0.255981
1383.84	0.253418
1383.84	0.263916
1383.84	0.261719
1383.84	0.256958
1383.84	0.24353
1383.84	0.25769
1383.84	0.259155
1383.84	0.266113
1383.84	0.261841
1383.84	0.25769
1383.84	0.25708
1383.84	0.266968
1383.84	0.272949
1383.84	0.291382
1383.84	0.283203
1383.84	0.286987
1383.84	0.279419
1383.84	0.286255
1383.84	0.295898
1383.84	0.291016
1383.84	0.283325
1383.84	0.291504
1383.84	0.291382
1383.84	0.298706
1383.84	0.297852
1383.84	0.303833
1383.84	0.283813
1383.84	0.294312
1383.84	0.282837
1383.84	0.287354
1383.84	0.284546
1383.84	0.27478
1383.84	0.288818
1383.84	0.280029
1383.84	0.284912
1383.84	0.274414
1383.84	0.283691
1383.84	0.294312
1383.84	0.29187
1383.84	0.298706
1383.84	0.301025
1383.84	0.308594
1383.84	0.314941
1383.84	0.308105
1383.84	0.313843
1383.84	0.304565
1383.84	0.302002
1383.84	0.29895
1383.84	0.290283
1383.84	0.291504
1383.84	0.280762
1383.84	0.288696
1383.84	0.279907
1383.84	0.285889
1383.84	0.279419
1383.84	0.275635
