1401.25	0.327026
1401.25	0.355347
1401.25	0.382568
1401.25	0.393066
1401.25	0.402466
1401.25	0.401855
1401.25	0.410889
1401.25	0.395264
1401.25	0.381592
1401.25	0.378052
1401.25	0.381836
1401.25	0.38623
1401.25	0.400757
1401.25	0.399414
1401.25	0.412476
1401.25	0.409912
1401.25	0.40918
1401.25	0.404663
1401.25	0.416992
1401.25	0.422974
1401.25	0.429565
1401.25	0.430908
1401.25	0.432983
1401.25	0.428101
1401.25	0.422852
1401.25	0.412598
1401.25	0.397339
1401.25	0.398682
1401.25	0.396851
1401.25	0.39856
1401.25	0.395264
1401.25	0.398193
1401.25	0.39978
1401.25	0.399536
1401.25	0.404297
1401.25	0.40625
1401.25	0.394897
1401.25	0.38269
1401.25	0.382812
1401.25	0.384399
1401.25	0.38147
1401.25	0.384644
1401.25	0.380371
1401.25	0.374512
1401.25	0.378662
1401.25	0.372559
1401.25	0.382935
1401.25	0.368286
1401.25	0.377808
1401.25	0.37207
1401.25	0.366333
1401.25	0.362793
1401.25	0.353149
1401.25	0.349609
1401.25	0.344971
1401.25	0.338501
1401.25	0.331909
1401.25	0.328247
1401.25	0.320801
1401.25	0.311157
1401.25	0.297363
1401.25	0.302612
1401.25	0.304077
1401.25	0.300659
1401.25	0.30896
1401.25	0.309937
1401.25	0.309204
1401.25	0.286743
1401.25	0.278809
1401.25	0.276123
1401.25	0.266113
1401.25	0.269775
1401.25	0.269287
1401.25	0.27417
1401.25	0.263184
1401.25	0.265991
1401.25	0.253906
1401.25	0.267944
1401.25	0.243286
1401.25	0.250488
1401.25	0.256348
1401.25	0.259766
1401.25	0.244263
1401.25	0.234863
1401.25	0.244995
1401.25	0.244995
1401.25	0.244385
1401.25	0.243896
1401.25	0.251465
1401.25	0.239258
1401.25	0.25293
1401.25	0.245117
1401.25	0.233521
1401.25	0.220337
1401.25	0.21875
1401.25	0.2323
1401.25	0.234741
1401.25	0.231323
1401.25	0.221436
1401.25	0.218384
1401.25	0.204102
1401.25	0.219482
1401.25	0.219238
1401.25	0.219116
1401.25	0.213989
1401.25	0.206055
1401.25	0.196289
1401.25	0.195312
1401.25	0.202759
1401.25	0.187256
1401.25	0.182373
1401.25	0.182007
1401.25	0.182007
1401.25	0.179199
1401.25	0.174683
1401.25	0.175049
1401.25	0.174805
1401.25	0.182251
1401.25	0.174072
1401.25	0.171387
1401.25	0.18457
1401.25	0.182007
1401.25	0.187256
1401.25	0.199463
1401.25	0.202026
1401.25	0.214966
1401.25	0.227051
1401.25	0.229858
1401.25	0.230103
1401.25	0.222778
1401.25	0.223877
1401.25	0.227661
1401.25	0.228516
1401.25	0.219849
1401.25	0.217285
1401.25	0.224731
1401.25	0.230347
1401.25	0.228394
1401.25	0.222412
1401.25	0.228394
1401.25	0.223511
1401.25	0.21106
1401.25	0.197021
1401.25	0.199829
1401.25	0.210938
1401.25	0.21814
1401.25	0.211914
1401.25	0.204468
1401.25	0.203735
1401.25	0.206177
1401.25	0.215576
1401.25	0.210449
1401.25	0.215576
1401.25	0.21582
1401.25	0.233154
1401.25	0.238159
1401.25	0.235474
1401.25	0.240601
1401.25	0.233032
1401.25	0.231323
1401.25	0.22644
1401.25	0.237061
1401.25	0.228271
1401.25	0.22168
1401.25	0.212769
1401.25	0.206299
1401.25	0.193726
1401.25	0.186646
1401.25	0.1875
1401.25	0.188599
1401.25	0.181885
1401.25	0.17627
1401.25	0.177856
1401.25	0.186279
1401.25	0.174438
1401.25	0.190186
1401.25	0.216675
1401.25	0.21814
1401.25	0.209351
1401.25	0.209839
1401.25	0.207275
1401.25	0.207397
1401.25	0.213135
1401.25	0.20874
1401.25	0.196167
1401.25	0.186401
1401.25	0.17749
1401.25	0.170044
1401.25	0.159546
1401.25	0.158569
1401.25	0.15332
1401.25	0.154419
1401.25	0.148315
1401.25	0.144775
1401.25	0.140991
1401.25	0.141846
1401.25	0.136597
1401.25	0.124878
1401.25	0.137207
1401.25	0.123901
