1392.54	0.284546
1392.54	0.280518
1392.54	0.28125
1392.54	0.311523
1392.54	0.331421
1392.54	0.332031
1392.54	0.349243
1392.54	0.34375
1392.54	0.353394
1392.54	0.354858
1392.54	0.372192
1392.54	0.387817
1392.54	0.379517
1392.54	0.371704
1392.54	0.369507
1392.54	0.36731
1392.54	0.350586
1392.54	0.34314
1392.54	0.362305
1392.54	0.355103
1392.54	0.375122
1392.54	0.378174
1392.54	0.366821
1392.54	0.367676
1392.54	0.358643
1392.54	0.351562
1392.54	0.349731
1392.54	0.338257
1392.54	0.345215
1392.54	0.345947
1392.54	0.352295
1392.54	0.363403
1392.54	0.367432
1392.54	0.375977
1392.54	0.36731
1392.54	0.375244
1392.54	0.383179
1392.54	0.380615
1392.54	0.376343
1392.54	0.379395
1392.54	0.378052
1392.54	0.375244
1392.54	0.380981
1392.54	0.373413
1392.54	0.37793
1392.54	0.378174
1392.54	0.37439
1392.54	0.373169
1392.54	0.375488
1392.54	0.364746
1392.54	0.343018
1392.54	0.357788
1392.54	0.36145
1392.54	0.367188
1392.54	0.354248
1392.54	0.352905
1392.54	0.344116
1392.54	0.33728
1392.54	0.334595
1392.54	0.331299
1392.54	0.331543
1392.54	0.338135
1392.54	0.339111
1392.54	0.339478
1392.54	0.349976
1392.54	0.354736
1392.54	0.353149
1392.54	0.342163
1392.54	0.324341
1392.54	0.326294
1392.54	0.32373
1392.54	0.327881
1392.54	0.323975
1392.54	0.318115
1392.54	0.304199
1392.54	0.318481
1392.54	0.309814
1392.54	0.305664
1392.54	0.300171
1392.54	0.29248
1392.54	0.293213
1392.54	0.298096
1392.54	0.287964
1392.54	0.293579
1392.54	0.294922
1392.54	0.289917
1392.54	0.293091
1392.54	0.29187
1392.54	0.27417
1392.54	0.269897
1392.54	0.285645
1392.54	0.289429
1392.54	0.281982
1392.54	0.287598
1392.54	0.277344
1392.54	0.279785
1392.54	0.279297
1392.54	0.290771
1392.54	0.284424
1392.54	0.286499
1392.54	0.283081
1392.54	0.291382
1392.54	0.304077
1392.54	0.311768
1392.54	0.302979
1392.54	0.30542
1392.54	0.307007
1392.54	0.310791
1392.54	0.317627
1392.54	0.325439
1392.54	0.323486
1392.54	0.321045
1392.54	0.314819
1392.54	0.312622
1392.54	0.316162
1392.54	0.319458
1392.54	0.325073
1392.54	0.329468
1392.54	0.333252
1392.54	0.31897
1392.54	0.313721
1392.54	0.30188
1392.54	0.309204
1392.54	0.312256
1392.54	0.317627
1392.54	0.307373
1392.54	0.2948
1392.54	0.303955
1392.54	0.29187
1392.54	0.289185
1392.54	0.290771
1392.54	0.301392
1392.54	0.29834
1392.54	0.303467
1392.54	0.30249
1392.54	0.306885
1392.54	0.305908
1392.54	0.306885
1392.54	0.30957
1392.54	0.310791
1392.54	0.308594
1392.54	0.312744
1392.54	0.30896
1392.54	0.300415
1392.54	0.305664
1392.54	0.297241
1392.54	0.298828
1392.54	0.300537
1392.54	0.30127
1392.54	0.309814
1392.54	0.309326
1392.54	0.296387
1392.54	0.291626
1392.54	0.297241
1392.54	0.296753
1392.54	0.296753
1392.54	0.298218
1392.54	0.297363
1392.54	0.292114
1392.54	0.286377
1392.54	0.281128
1392.54	0.289429
1392.54	0.275513
1392.54	0.273315
1392.54	0.272095
1392.54	0.266968
1392.54	0.248779
1392.54	0.256592
1392.54	0.25708
1392.54	0.249023
1392.54	0.259521
1392.54	0.243164
1392.54	0.237061
1392.54	0.2323
1392.54	0.230591
1392.54	0.232544
1392.54	0.240601
1392.54	0.244019
1392.54	0.247925
1392.54	0.249268
1392.54	0.250977
1392.54	0.258667
1392.54	0.250488
1392.54	0.246582
1392.54	0.238281
1392.54	0.238525
1392.54	0.233154
1392.54	0.229004
1392.54	0.236816
1392.54	0.226929
1392.54	0.230347
1392.54	0.234741
1392.54	0.22876
1392.54	0.227051
1392.54	0.226685
1392.54	0.214478
1392.54	0.21875
1392.54	0.226929
1392.54	0.223389
1392.54	0.219238
