957.373	0.386108
957.373	0.457275
957.373	0.525146
957.373	0.577148
957.373	0.622437
957.373	0.66687
957.373	0.702393
957.373	0.7323
957.373	0.756104
957.373	0.77771
957.373	0.794434
957.373	0.809937
957.373	0.817017
957.373	0.830566
957.373	0.839844
957.373	0.848999
957.373	0.853638
957.373	0.855713
957.373	0.852539
957.373	0.852539
957.373	0.858643
957.373	0.869385
957.373	0.876465
957.373	0.882568
957.373	0.892212
957.373	0.89563
957.373	0.904419
957.373	0.907837
957.373	0.90918
957.373	0.912354
957.373	0.917603
957.373	0.920898
957.373	0.923584
957.373	0.925903
957.373	0.93396
957.373	0.941284
957.373	0.944824
957.373	0.943726
957.373	0.946411
957.373	0.950195
957.373	0.953857
957.373	0.953979
957.373	0.953979
957.373	0.957153
957.373	0.957642
957.373	0.955688
957.373	0.958374
957.373	0.961304
957.373	0.964722
957.373	0.965698
957.373	0.965332
957.373	0.966187
957.373	0.963623
957.373	0.966187
957.373	0.968994
957.373	0.969238
957.373	0.970459
957.373	0.972656
957.373	0.976196
957.373	0.972168
957.373	0.974365
957.373	0.971313
957.373	0.971436
957.373	0.974365
957.373	0.970825
957.373	0.971558
957.373	0.969604
957.373	0.971069
957.373	0.973145
957.373	0.974854
957.373	0.976318
957.373	0.975342
957.373	0.977173
957.373	0.976685
957.373	0.97998
957.373	0.978882
957.373	0.978638
957.373	0.976074
957.373	0.972534
957.373	0.970215
957.373	0.973389
957.373	0.973022
957.373	0.973145
957.373	0.974976
957.373	0.975342
957.373	0.973022
957.373	0.97229
957.373	0.973267
957.373	0.975098
957.373	0.975708
957.373	0.97522
957.373	0.975098
957.373	0.973877
957.373	0.976685
957.373	0.97876
957.373	0.972168
957.373	0.973267
957.373	0.973999
957.373	0.975342
957.373	0.977417
957.373	0.975952
957.373	0.97583
957.373	0.974487
957.373	0.973755
957.373	0.974731
957.373	0.972656
957.373	0.972534
957.373	0.974487
957.373	0.976562
957.373	0.977295
957.373	0.973877
957.373	0.976562
957.373	0.977783
957.373	0.976196
957.373	0.976196
957.373	0.975586
957.373	0.975952
957.373	0.976318
957.373	0.978027
957.373	0.97644
957.373	0.977417
957.373	0.977905
957.373	0.975708
957.373	0.976074
957.373	0.978516
957.373	0.977051
957.373	0.973999
957.373	0.973877
957.373	0.976929
957.373	0.974976
957.373	0.97522
957.373	0.974731
957.373	0.9729
957.373	0.973633
957.373	0.973877
957.373	0.970215
957.373	0.973389
957.373	0.973022
957.373	0.968262
957.373	0.969849
957.373	0.971436
957.373	0.972656
957.373	0.974365
957.373	0.976562
957.373	0.975586
957.373	0.976685
957.373	0.978027
957.373	0.973633
957.373	0.975342
957.373	0.977173
957.373	0.974243
957.373	0.973511
957.373	0.973389
957.373	0.973755
957.373	0.974121
957.373	0.975708
957.373	0.973389
957.373	0.976318
957.373	0.979858
957.373	0.978638
957.373	0.973755
957.373	0.973999
957.373	0.975952
957.373	0.978149
957.373	0.977905
957.373	0.975708
957.373	0.973999
957.373	0.973877
957.373	0.974731
957.373	0.973267
957.373	0.972534
957.373	0.971069
957.373	0.970215
957.373	0.969116
957.373	0.971191
957.373	0.973755
957.373	0.977417
957.373	0.974609
957.373	0.971802
957.373	0.973999
957.373	0.976074
957.373	0.972168
957.373	0.974365
957.373	0.973267
957.373	0.97229
957.373	0.971436
957.373	0.97168
957.373	0.971924
957.373	0.976196
957.373	0.976562
957.373	0.978394
957.373	0.97522
957.373	0.973877
957.373	0.975586
957.373	0.975464
957.373	0.971924
957.373	0.971924
957.373	0.974854
957.373	0.974121
957.373	0.973389
