1618.83	0.271118
1618.83	0.268799
1618.83	0.266968
1618.83	0.250366
1618.83	0.247559
1618.83	0.24585
1618.83	0.233276
1618.83	0.22229
1618.83	0.213501
1618.83	0.185791
1618.83	0.177612
1618.83	0.188477
1618.83	0.197021
1618.83	0.198364
1618.83	0.191406
1618.83	0.170776
1618.83	0.161255
1618.83	0.149536
1618.83	0.151855
1618.83	0.144653
1618.83	0.133667
1618.83	0.129517
1618.83	0.13269
1618.83	0.135498
1618.83	0.145264
1618.83	0.13501
1618.83	0.135986
1618.83	0.146973
1618.83	0.127686
1618.83	0.134888
1618.83	0.133667
1618.83	0.136475
1618.83	0.125977
1618.83	0.122681
1618.83	0.124756
1618.83	0.125977
1618.83	0.141846
1618.83	0.12439
1618.83	0.128784
1618.83	0.124634
1618.83	0.111572
1618.83	0.120972
1618.83	0.109253
1618.83	0.113892
1618.83	0.0991211
1618.83	0.0999756
1618.83	0.0734863
1618.83	0.0561523
1618.83	0.0488281
1618.83	0.0441895
1618.83	0.0407715
1618.83	0.0310059
1618.83	0.0413818
1618.83	0.0415039
1618.83	0.0458984
1618.83	0.0356445
1618.83	0.0244141
1618.83	-0.00256348
1618.83	-0.00378418
1618.83	-0.00732422
1618.83	-0.012085
1618.83	-0.00927734
1618.83	0.0020752
1618.83	-0.0209961
1618.83	-0.0296631
1618.83	-0.0270996
1618.83	-0.015625
1618.83	-0.00549316
1618.83	-0.00610352
1618.83	0.00402832
1618.83	0.00842285
1618.83	0.00219727
1618.83	-0.0032959
1618.83	-0.00854492
1618.83	-0.013916
1618.83	-0.0406494
1618.83	-0.0219727
1618.83	-0.015625
1618.83	-0.0107422
1618.83	-0.0129395
1618.83	-0.00280762
1618.83	0.0045166
1618.83	0.0131836
1618.83	0.0133057
1618.83	0.0203857
1618.83	0.00488281
1618.83	0.00378418
1618.83	0.0101318
1618.83	0.00219727
1618.83	0.0109863
1618.83	0.00866699
1618.83	0.0101318
1618.83	0.0134277
1618.83	0.0133057
1618.83	0.0241699
1618.83	0.0164795
1618.83	0.00305176
1618.83	0.0148926
1618.83	0.00830078
1618.83	-0.00732422
1618.83	-0.00524902
1618.83	-0.00671387
1618.83	-0.00134277
1618.83	-0.00158691
1618.83	0.00476074
1618.83	0.0100098
1618.83	0.00744629
1618.83	0.0194092
1618.83	0.0155029
1618.83	0.0185547
1618.83	0.0142822
1618.83	0.0195312
1618.83	0.000366211
1618.83	-0.0231934
1618.83	-0.0111084
1618.83	0.00622559
1618.83	0.00463867
1618.83	-0.000366211
1618.83	0.00512695
1618.83	-0.000244141
1618.83	0.00390625
1618.83	-0.00463867
1618.83	-0.019043
1618.83	-0.00952148
1618.83	-0.0274658
1618.83	-0.0137939
1618.83	-0.00488281
1618.83	-0.00671387
1618.83	0.00231934
1618.83	-0.0185547
1618.83	-0.0280762
1618.83	-0.0289307
1618.83	-0.0351562
1618.83	-0.0306396
1618.83	-0.0222168
1618.83	-0.0164795
1618.83	-0.0162354
1618.83	-0.00939941
1618.83	-0.0336914
1618.83	-0.0402832
1618.83	-0.0246582
1618.83	0.0032959
1618.83	-0.00183105
1618.83	0.00439453
1618.83	0.0117188
1618.83	0.0281982
1618.83	0.0203857
1618.83	0.0130615
1618.83	0.0124512
1618.83	0.0297852
1618.83	0.0111084
1618.83	0.0274658
1618.83	0.0252686
1618.83	0.0231934
1618.83	0.0169678
1618.83	0.015625
1618.83	0.0273438
1618.83	0.0301514
1618.83	0.0264893
1618.83	0.0366211
1618.83	0.0270996
1618.83	0.0224609
1618.83	0.0239258
1618.83	0.0317383
1618.83	0.0357666
1618.83	0.0383301
1618.83	0.0324707
1618.83	0.0328369
1618.83	0.0279541
1618.83	0.0256348
1618.83	0.0125732
1618.83	-0.00366211
1618.83	-0.00952148
1618.83	-0.0174561
1618.83	-0.0231934
1618.83	-0.0246582
1618.83	-0.0285645
1618.83	-0.0467529
1618.83	-0.0401611
1618.83	-0.0455322
1618.83	-0.0474854
1618.83	-0.0528564
1618.83	-0.0545654
1618.83	-0.0523682
1618.83	-0.0423584
1618.83	-0.0426025
1618.83	-0.0299072
1618.83	-0.0266113
1618.83	-0.0203857
1618.83	-0.0325928
1618.83	-0.0305176
1618.83	-0.0161133
1618.83	-0.0197754
1618.83	-0.00354004
1618.83	0.0065918
1618.83	-0.00012207
1618.83	-0.0153809
1618.83	-0.000488281
1618.83	0.0106201
1618.83	0.0212402
