1601.42	0.274902
1601.42	0.267212
1601.42	0.250244
1601.42	0.258789
1601.42	0.262939
1601.42	0.260376
1601.42	0.260376
1601.42	0.244751
1601.42	0.237183
1601.42	0.223877
1601.42	0.213867
1601.42	0.198853
1601.42	0.198608
1601.42	0.192871
1601.42	0.191528
1601.42	0.186035
1601.42	0.170532
1601.42	0.16333
1601.42	0.163208
1601.42	0.164307
1601.42	0.172241
1601.42	0.138306
1601.42	0.125122
1601.42	0.120605
1601.42	0.102539
1601.42	0.108643
1601.42	0.111572
1601.42	0.0859375
1601.42	0.0834961
1601.42	0.0758057
1601.42	0.0765381
1601.42	0.0739746
1601.42	0.0683594
1601.42	0.0662842
1601.42	0.0446777
1601.42	0.0603027
1601.42	0.0594482
1601.42	0.06604
1601.42	0.0560303
1601.42	0.0517578
1601.42	0.052002
1601.42	0.0551758
1601.42	0.0480957
1601.42	0.0402832
1601.42	0.0408936
1601.42	0.0227051
1601.42	0.0151367
1601.42	0.0262451
1601.42	0.0366211
1601.42	0.0560303
1601.42	0.0551758
1601.42	0.0621338
1601.42	0.0421143
1601.42	0.0466309
1601.42	0.0341797
1601.42	0.0372314
1601.42	0.0501709
1601.42	0.0341797
1601.42	0.0463867
1601.42	0.0391846
1601.42	0.0367432
1601.42	0.0268555
1601.42	0.00646973
1601.42	0.0155029
1601.42	0.0280762
1601.42	0.0209961
1601.42	0.0206299
1601.42	0.0230713
1601.42	0.0167236
1601.42	0.0107422
1601.42	0.00280762
1601.42	0.00463867
1601.42	0.0153809
1601.42	0.010498
1601.42	0.00622559
1601.42	0.0401611
1601.42	0.0321045
1601.42	0.0305176
1601.42	0.0264893
1601.42	0.0333252
1601.42	0.0443115
1601.42	0.0340576
1601.42	0.0418701
1601.42	0.0344238
1601.42	0.0352783
1601.42	0.0369873
1601.42	0.0355225
1601.42	0.0369873
1601.42	0.0358887
1601.42	0.0281982
1601.42	0.0323486
1601.42	0.0275879
1601.42	0.0175781
1601.42	0.0222168
1601.42	0.0145264
1601.42	-0.00830078
1601.42	-0.0252686
1601.42	-0.0213623
1601.42	-0.019043
1601.42	-0.0362549
1601.42	-0.041626
1601.42	-0.0279541
1601.42	-0.020874
1601.42	-0.0332031
1601.42	-0.0296631
1601.42	-0.0250244
1601.42	-0.0136719
1601.42	-0.0032959
1601.42	0.0140381
1601.42	0.00817871
1601.42	-0.00793457
1601.42	-0.0148926
1601.42	-0.00537109
1601.42	-0.0305176
1601.42	-0.0292969
1601.42	-0.0350342
1601.42	-0.0343018
1601.42	-0.0390625
1601.42	-0.041626
1601.42	-0.0397949
1601.42	-0.03125
1601.42	-0.0228271
1601.42	-0.0395508
1601.42	-0.0238037
1601.42	-0.00390625
1601.42	-0.0078125
1601.42	-0.00866699
1601.42	-0.019043
1601.42	-0.0170898
1601.42	-0.0167236
1601.42	-0.0106201
1601.42	-0.00476074
1601.42	0.00866699
1601.42	0.0098877
1601.42	0.0140381
1601.42	0.0314941
1601.42	0.0361328
1601.42	0.0218506
1601.42	0.029541
1601.42	0.0273438
1601.42	0.0241699
1601.42	0.0314941
1601.42	0.0183105
1601.42	0.0356445
1601.42	0.0283203
1601.42	0.0305176
1601.42	0.0205078
1601.42	0.0195312
1601.42	0.0170898
1601.42	0.0163574
1601.42	0.0192871
1601.42	0.0174561
1601.42	0.0124512
1601.42	0.0135498
1601.42	0.0187988
1601.42	0.0174561
1601.42	0.00695801
1601.42	0.00671387
1601.42	0.0032959
1601.42	0.00524902
1601.42	0.012085
1601.42	0.0178223
1601.42	0.0090332
1601.42	0.019043
1601.42	0.024292
1601.42	0.0290527
1601.42	0.0379639
1601.42	0.0250244
1601.42	0.0222168
1601.42	0.0114746
1601.42	0.00488281
1601.42	0.00402832
1601.42	-0.000732422
1601.42	0.00549316
1601.42	0.0128174
1601.42	0.00683594
1601.42	-0.0124512
1601.42	-0.00671387
1601.42	-0.0247803
1601.42	-0.0203857
1601.42	-0.026001
1601.42	-0.0140381
1601.42	-0.0140381
1601.42	-0.00402832
1601.42	-0.00305176
1601.42	-0.00622559
1601.42	0.0057373
1601.42	0.00012207
1601.42	-0.0078125
1601.42	-0.0273438
1601.42	-0.0157471
1601.42	-0.0205078
1601.42	-0.0135498
1601.42	-0.0172119
1601.42	-0.0119629
1601.42	-0.00195312
1601.42	-0.00524902
1601.42	0.00366211
1601.42	0.00415039
1601.42	0.00109863
