1653.64	0.28064
1653.64	0.281128
1653.64	0.260742
1653.64	0.231323
1653.64	0.219482
1653.64	0.208008
1653.64	0.216797
1653.64	0.221069
1653.64	0.227661
1653.64	0.238647
1653.64	0.223877
1653.64	0.214111
1653.64	0.199829
1653.64	0.163574
1653.64	0.145386
1653.64	0.136719
1653.64	0.138428
1653.64	0.132568
1653.64	0.113403
1653.64	0.115356
1653.64	0.12085
1653.64	0.121216
1653.64	0.122925
1653.64	0.123047
1653.64	0.13916
1653.64	0.139648
1653.64	0.133789
1653.64	0.144775
1653.64	0.142334
1653.64	0.130615
1653.64	0.125488
1653.64	0.112671
1653.64	0.106079
1653.64	0.103638
1653.64	0.106201
1653.64	0.109131
1653.64	0.114624
1653.64	0.106445
1653.64	0.10144
1653.64	0.100098
1653.64	0.0895996
1653.64	0.0998535
1653.64	0.11438
1653.64	0.11084
1653.64	0.108032
1653.64	0.104492
1653.64	0.0948486
1653.64	0.0906982
1653.64	0.0789795
1653.64	0.079834
1653.64	0.0710449
1653.64	0.0804443
1653.64	0.0704346
1653.64	0.0791016
1653.64	0.0645752
1653.64	0.050293
1653.64	0.0718994
1653.64	0.0648193
1653.64	0.0646973
1653.64	0.0766602
1653.64	0.0740967
1653.64	0.081543
1653.64	0.0604248
1653.64	0.052124
1653.64	0.0600586
1653.64	0.0499268
1653.64	0.0356445
1653.64	0.0338135
1653.64	0.0546875
1653.64	0.0671387
1653.64	0.0712891
1653.64	0.09021
1653.64	0.0792236
1653.64	0.0513916
1653.64	0.0534668
1653.64	0.0440674
1653.64	0.0404053
1653.64	0.0333252
1653.64	0.0267334
1653.64	0.013916
1653.64	0.0368652
1653.64	0.0349121
1653.64	0.0385742
1653.64	0.0294189
1653.64	0.0206299
1653.64	0.0258789
1653.64	0.0354004
1653.64	0.039917
1653.64	0.0361328
1653.64	0.0302734
1653.64	0.0322266
1653.64	0.00964355
1653.64	0.00268555
1653.64	0.03125
1653.64	0.0198975
1653.64	0.0184326
1653.64	0.0123291
1653.64	0.0144043
1653.64	0.0107422
1653.64	0.0128174
1653.64	0.00427246
1653.64	-0.0194092
1653.64	-0.029541
1653.64	-0.0341797
1653.64	-0.0456543
1653.64	-0.0426025
1653.64	-0.0432129
1653.64	-0.0471191
1653.64	-0.0500488
1653.64	-0.0367432
1653.64	-0.043335
1653.64	-0.0552979
1653.64	-0.0480957
1653.64	-0.0394287
1653.64	-0.043335
1653.64	-0.0581055
1653.64	-0.0716553
1653.64	-0.072876
1653.64	-0.083252
1653.64	-0.0722656
1653.64	-0.0769043
1653.64	-0.0706787
1653.64	-0.083374
1653.64	-0.0675049
1653.64	-0.0551758
1653.64	-0.0531006
1653.64	-0.0469971
1653.64	-0.0469971
1653.64	-0.057373
1653.64	-0.045166
1653.64	-0.0593262
1653.64	-0.0662842
1653.64	-0.0644531
1653.64	-0.0512695
1653.64	-0.0678711
1653.64	-0.0765381
1653.64	-0.0855713
1653.64	-0.0957031
1653.64	-0.0875244
1653.64	-0.079834
1653.64	-0.0849609
1653.64	-0.0688477
1653.64	-0.0738525
1653.64	-0.0758057
1653.64	-0.0483398
1653.64	-0.0489502
1653.64	-0.0344238
1653.64	-0.0300293
1653.64	-0.0126953
1653.64	-0.0241699
1653.64	-0.0140381
1653.64	-0.0311279
1653.64	-0.0151367
1653.64	-0.0196533
1653.64	-0.0141602
1653.64	-0.0306396
1653.64	-0.0379639
1653.64	-0.0336914
1653.64	-0.0241699
1653.64	-0.02771
1653.64	-0.026123
1653.64	-0.0252686
1653.64	-0.0352783
1653.64	-0.0187988
1653.64	-0.0274658
1653.64	-0.0148926
1653.64	-0.00732422
1653.64	-0.00341797
1653.64	0
1653.64	0.00769043
1653.64	0.00952148
1653.64	0.0158691
1653.64	0.000488281
1653.64	0.00610352
1653.64	0.00012207
1653.64	0.0180664
1653.64	0.0155029
1653.64	0.0238037
1653.64	0.0281982
1653.64	0.0305176
1653.64	0.0350342
1653.64	0.0450439
1653.64	0.0424805
1653.64	0.0311279
1653.64	0.0336914
1653.64	0.0372314
1653.64	0.0489502
1653.64	0.0388184
1653.64	0.0340576
1653.64	0.0246582
1653.64	0.0252686
1653.64	0.0285645
1653.64	0.0349121
1653.64	0.0531006
1653.64	0.0467529
1653.64	0.0396729
1653.64	0.0394287
1653.64	0.0307617
1653.64	0.013916
1653.64	0.0136719
