1296.81	0.312988
1296.81	0.360596
1296.81	0.369141
1296.81	0.402222
1296.81	0.403931
1296.81	0.417847
1296.81	0.43689
1296.81	0.452026
1296.81	0.448608
1296.81	0.450806
1296.81	0.452759
1296.81	0.461792
1296.81	0.46167
1296.81	0.474365
1296.81	0.481445
1296.81	0.484253
1296.81	0.482788
1296.81	0.500122
1296.81	0.508545
1296.81	0.51709
1296.81	0.521729
1296.81	0.512085
1296.81	0.511841
1296.81	0.512573
1296.81	0.535034
1296.81	0.553711
1296.81	0.552002
1296.81	0.545776
1296.81	0.551514
1296.81	0.546265
1296.81	0.546875
1296.81	0.55188
1296.81	0.543335
1296.81	0.551514
1296.81	0.557495
1296.81	0.561401
1296.81	0.578491
1296.81	0.583862
1296.81	0.587769
1296.81	0.573853
1296.81	0.578491
1296.81	0.580444
1296.81	0.578003
1296.81	0.579712
1296.81	0.587158
1296.81	0.585938
1296.81	0.59314
1296.81	0.586792
1296.81	0.579712
1296.81	0.568481
1296.81	0.565796
1296.81	0.574097
1296.81	0.588745
1296.81	0.592896
1296.81	0.5896
1296.81	0.601318
1296.81	0.608398
1296.81	0.598633
1296.81	0.607544
1296.81	0.602295
1296.81	0.610474
1296.81	0.619995
1296.81	0.634644
1296.81	0.634399
1296.81	0.636353
1296.81	0.658203
1296.81	0.661377
1296.81	0.656372
1296.81	0.655029
1296.81	0.654785
1296.81	0.644409
1296.81	0.641235
1296.81	0.648193
1296.81	0.652954
1296.81	0.661743
1296.81	0.653931
1296.81	0.646606
1296.81	0.644409
1296.81	0.650391
1296.81	0.652832
1296.81	0.658936
1296.81	0.661621
1296.81	0.652344
1296.81	0.654175
1296.81	0.650879
1296.81	0.646973
1296.81	0.641235
1296.81	0.641357
1296.81	0.631836
1296.81	0.63208
1296.81	0.6427
1296.81	0.632935
1296.81	0.63269
1296.81	0.64856
1296.81	0.658569
1296.81	0.664062
1296.81	0.658569
1296.81	0.650146
1296.81	0.641357
1296.81	0.634521
1296.81	0.635986
1296.81	0.640991
1296.81	0.636353
1296.81	0.639038
1296.81	0.632812
1296.81	0.633545
1296.81	0.633667
1296.81	0.633545
1296.81	0.637085
1296.81	0.642822
1296.81	0.648315
1296.81	0.651245
1296.81	0.652954
1296.81	0.648926
1296.81	0.65332
1296.81	0.648071
1296.81	0.640625
1296.81	0.647461
1296.81	0.651611
1296.81	0.655884
1296.81	0.661377
1296.81	0.653442
1296.81	0.660889
1296.81	0.658691
1296.81	0.661377
1296.81	0.661255
1296.81	0.667847
1296.81	0.671021
1296.81	0.660278
1296.81	0.668579
1296.81	0.66626
1296.81	0.662842
1296.81	0.659424
1296.81	0.655396
1296.81	0.655151
1296.81	0.661377
1296.81	0.659668
1296.81	0.656128
1296.81	0.65625
1296.81	0.668335
1296.81	0.677002
1296.81	0.668335
1296.81	0.672607
1296.81	0.678467
1296.81	0.680908
1296.81	0.66687
1296.81	0.669189
1296.81	0.66394
1296.81	0.664551
1296.81	0.682129
1296.81	0.680298
1296.81	0.677856
1296.81	0.674194
1296.81	0.677979
1296.81	0.693115
1296.81	0.695923
1296.81	0.689209
1296.81	0.695435
1296.81	0.689575
1296.81	0.685181
1296.81	0.686279
1296.81	0.689819
1296.81	0.695557
1296.81	0.693237
1296.81	0.703125
1296.81	0.709961
1296.81	0.706543
1296.81	0.709839
1296.81	0.708008
1296.81	0.695923
1296.81	0.695435
1296.81	0.703247
1296.81	0.706543
1296.81	0.710815
1296.81	0.7052
1296.81	0.700073
1296.81	0.697632
1296.81	0.701782
1296.81	0.693726
1296.81	0.694946
1296.81	0.709351
1296.81	0.705811
1296.81	0.711548
1296.81	0.717529
1296.81	0.720947
1296.81	0.714722
1296.81	0.713013
1296.81	0.711548
1296.81	0.693481
1296.81	0.694458
1296.81	0.69043
1296.81	0.693726
1296.81	0.687012
1296.81	0.69873
1296.81	0.686646
1296.81	0.681152
1296.81	0.680664
1296.81	0.673584
1296.81	0.672607
1296.81	0.674438
