1079.22	0.373779
1079.22	0.446899
1079.22	0.490356
1079.22	0.531616
1079.22	0.575073
1079.22	0.601685
1079.22	0.62207
1079.22	0.637451
1079.22	0.646973
1079.22	0.670776
1079.22	0.681274
1079.22	0.689697
1079.22	0.704956
1079.22	0.715332
1079.22	0.72168
1079.22	0.731934
1079.22	0.747192
1079.22	0.753662
1079.22	0.757446
1079.22	0.756592
1079.22	0.766479
1079.22	0.771729
1079.22	0.780029
1079.22	0.786499
1079.22	0.78772
1079.22	0.793701
1079.22	0.798706
1079.22	0.804565
1079.22	0.805664
1079.22	0.812378
1079.22	0.812744
1079.22	0.813232
1079.22	0.812866
1079.22	0.815186
1079.22	0.821045
1079.22	0.817017
1079.22	0.825439
1079.22	0.82251
1079.22	0.822876
1079.22	0.828979
1079.22	0.834106
1079.22	0.83374
1079.22	0.835938
1079.22	0.841797
1079.22	0.8479
1079.22	0.848877
1079.22	0.849854
1079.22	0.852905
1079.22	0.851685
1079.22	0.854736
1079.22	0.852051
1079.22	0.850952
1079.22	0.847778
1079.22	0.849243
1079.22	0.854004
1079.22	0.859131
1079.22	0.861572
1079.22	0.862305
1079.22	0.871826
1079.22	0.873901
1079.22	0.881226
1079.22	0.885376
1079.22	0.887573
1079.22	0.8927
1079.22	0.893799
1079.22	0.897095
1079.22	0.896973
1079.22	0.89917
1079.22	0.9021
1079.22	0.897705
1079.22	0.900391
1079.22	0.904297
1079.22	0.900757
1079.22	0.900024
1079.22	0.911499
1079.22	0.919312
1079.22	0.913696
1079.22	0.913208
1079.22	0.911499
1079.22	0.912598
1079.22	0.911499
1079.22	0.906738
1079.22	0.906494
1079.22	0.910156
1079.22	0.910889
1079.22	0.914062
1079.22	0.907959
1079.22	0.913452
1079.22	0.914551
1079.22	0.905273
1079.22	0.908691
1079.22	0.9104
1079.22	0.910278
1079.22	0.913208
1079.22	0.911987
1079.22	0.910767
1079.22	0.911499
1079.22	0.915039
1079.22	0.912842
1079.22	0.909302
1079.22	0.911621
1079.22	0.910156
1079.22	0.914551
1079.22	0.912109
1079.22	0.913574
1079.22	0.913818
1079.22	0.91687
1079.22	0.918701
1079.22	0.913086
1079.22	0.91333
1079.22	0.918945
1079.22	0.921387
1079.22	0.922974
1079.22	0.924438
1079.22	0.929443
1079.22	0.922485
1079.22	0.922852
1079.22	0.920654
1079.22	0.928345
1079.22	0.929443
1079.22	0.930542
1079.22	0.932129
1079.22	0.930542
1079.22	0.93103
1079.22	0.932861
1079.22	0.935303
1079.22	0.934937
1079.22	0.937622
1079.22	0.938721
1079.22	0.939453
1079.22	0.938599
1079.22	0.934937
1079.22	0.936279
1079.22	0.934937
1079.22	0.934326
1079.22	0.935547
1079.22	0.93396
1079.22	0.934448
1079.22	0.939697
1079.22	0.937744
1079.22	0.937256
1079.22	0.936157
1079.22	0.932861
1079.22	0.929565
1079.22	0.931763
1079.22	0.934326
1079.22	0.935425
1079.22	0.933105
1079.22	0.932129
1079.22	0.93811
1079.22	0.94104
1079.22	0.936035
1079.22	0.935059
1079.22	0.940918
1079.22	0.939453
1079.22	0.940186
1079.22	0.942505
1079.22	0.944458
1079.22	0.944214
1079.22	0.944946
1079.22	0.944702
1079.22	0.94458
1079.22	0.942017
1079.22	0.941772
1079.22	0.941162
1079.22	0.947266
1079.22	0.94873
1079.22	0.94873
1079.22	0.946045
1079.22	0.94519
1079.22	0.941528
1079.22	0.944702
1079.22	0.945557
1079.22	0.945923
1079.22	0.937866
1079.22	0.941406
1079.22	0.939087
1079.22	0.941528
1079.22	0.943359
1079.22	0.938354
1079.22	0.943115
1079.22	0.943726
1079.22	0.943726
1079.22	0.942993
1079.22	0.949585
1079.22	0.950562
1079.22	0.948364
1079.22	0.947876
1079.22	0.947144
1079.22	0.944336
1079.22	0.945068
1079.22	0.945923
1079.22	0.946533
1079.22	0.944946
1079.22	0.947754
1079.22	0.938721
1079.22	0.936035
1079.22	0.940308
1079.22	0.940063
1079.22	0.942383
