1114.03	0.342163
1114.03	0.385742
1114.03	0.428467
1114.03	0.471191
1114.03	0.503784
1114.03	0.522583
1114.03	0.544678
1114.03	0.561401
1114.03	0.579102
1114.03	0.599976
1114.03	0.61084
1114.03	0.627563
1114.03	0.638062
1114.03	0.65625
1114.03	0.660034
1114.03	0.674683
1114.03	0.683838
1114.03	0.696167
1114.03	0.69751
1114.03	0.700439
1114.03	0.700317
1114.03	0.703613
1114.03	0.708496
1114.03	0.715942
1114.03	0.720337
1114.03	0.727539
1114.03	0.731567
1114.03	0.732056
1114.03	0.73999
1114.03	0.751831
1114.03	0.759155
1114.03	0.763428
1114.03	0.767578
1114.03	0.771484
1114.03	0.774536
1114.03	0.78125
1114.03	0.779907
1114.03	0.779907
1114.03	0.787354
1114.03	0.791016
1114.03	0.793823
1114.03	0.799072
1114.03	0.797363
1114.03	0.801025
1114.03	0.805908
1114.03	0.815186
1114.03	0.814331
1114.03	0.818604
1114.03	0.827148
1114.03	0.831787
1114.03	0.836426
1114.03	0.842651
1114.03	0.84668
1114.03	0.849243
1114.03	0.849854
1114.03	0.85791
1114.03	0.866821
1114.03	0.867676
1114.03	0.869873
1114.03	0.863281
1114.03	0.866333
1114.03	0.862549
1114.03	0.867188
1114.03	0.871948
1114.03	0.877319
1114.03	0.881226
1114.03	0.87915
1114.03	0.883301
1114.03	0.885498
1114.03	0.887085
1114.03	0.888306
1114.03	0.887573
1114.03	0.88501
1114.03	0.88623
1114.03	0.885376
1114.03	0.890503
1114.03	0.891113
1114.03	0.891602
1114.03	0.889282
1114.03	0.886108
1114.03	0.88916
1114.03	0.890625
1114.03	0.890991
1114.03	0.896606
1114.03	0.894409
1114.03	0.898804
1114.03	0.900146
1114.03	0.897217
1114.03	0.894165
1114.03	0.894043
1114.03	0.899902
1114.03	0.901367
1114.03	0.903564
1114.03	0.904175
1114.03	0.908691
1114.03	0.905518
1114.03	0.905518
1114.03	0.907593
1114.03	0.908081
1114.03	0.907837
1114.03	0.904297
1114.03	0.904663
1114.03	0.908813
1114.03	0.906372
1114.03	0.910889
1114.03	0.901245
1114.03	0.89917
1114.03	0.893188
1114.03	0.902222
1114.03	0.90332
1114.03	0.898804
1114.03	0.904419
1114.03	0.901489
1114.03	0.904907
1114.03	0.901367
1114.03	0.900146
1114.03	0.906372
1114.03	0.903076
1114.03	0.911499
1114.03	0.901611
1114.03	0.897827
1114.03	0.89624
1114.03	0.901611
1114.03	0.901489
1114.03	0.900879
1114.03	0.897095
1114.03	0.897827
1114.03	0.900513
1114.03	0.905029
1114.03	0.907959
1114.03	0.905029
1114.03	0.901123
1114.03	0.90332
1114.03	0.906372
1114.03	0.908447
1114.03	0.907471
1114.03	0.915039
1114.03	0.912842
1114.03	0.910889
1114.03	0.903442
1114.03	0.90686
1114.03	0.901855
1114.03	0.906738
1114.03	0.912109
1114.03	0.909912
1114.03	0.904541
1114.03	0.909302
1114.03	0.916992
1114.03	0.915405
1114.03	0.919434
1114.03	0.915894
1114.03	0.916138
1114.03	0.915283
1114.03	0.915527
1114.03	0.910522
1114.03	0.906616
1114.03	0.90625
1114.03	0.904907
1114.03	0.907593
1114.03	0.910034
1114.03	0.908691
1114.03	0.909058
1114.03	0.911133
1114.03	0.91626
1114.03	0.918823
1114.03	0.915771
1114.03	0.913574
1114.03	0.917725
1114.03	0.915771
1114.03	0.911987
1114.03	0.915527
1114.03	0.914429
1114.03	0.912476
1114.03	0.908936
1114.03	0.916016
1114.03	0.908691
1114.03	0.909424
1114.03	0.908813
1114.03	0.913696
1114.03	0.918457
1114.03	0.918701
1114.03	0.916016
1114.03	0.915894
1114.03	0.916504
1114.03	0.916382
1114.03	0.912476
1114.03	0.915039
1114.03	0.917725
1114.03	0.915161
1114.03	0.912354
1114.03	0.913086
1114.03	0.918091
1114.03	0.915527
1114.03	0.912354
1114.03	0.915161
1114.03	0.922852
1114.03	0.921265
1114.03	0.922485
1114.03	0.918823
1114.03	0.916382
