1227.18	0.300659
1227.18	0.334106
1227.18	0.365723
1227.18	0.391113
1227.18	0.431274
1227.18	0.442383
1227.18	0.467529
1227.18	0.484741
1227.18	0.501221
1227.18	0.508423
1227.18	0.521606
1227.18	0.528442
1227.18	0.543091
1227.18	0.549561
1227.18	0.54541
1227.18	0.551758
1227.18	0.545776
1227.18	0.55603
1227.18	0.561401
1227.18	0.557251
1227.18	0.561523
1227.18	0.553467
1227.18	0.561157
1227.18	0.572144
1227.18	0.575317
1227.18	0.582031
1227.18	0.587524
1227.18	0.591064
1227.18	0.588745
1227.18	0.597778
1227.18	0.609497
1227.18	0.610352
1227.18	0.623657
1227.18	0.631104
1227.18	0.636963
1227.18	0.631958
1227.18	0.637329
1227.18	0.65271
1227.18	0.65271
1227.18	0.654419
1227.18	0.65979
1227.18	0.671021
1227.18	0.675049
1227.18	0.686768
1227.18	0.683228
1227.18	0.687134
1227.18	0.689697
1227.18	0.686523
1227.18	0.6875
1227.18	0.692261
1227.18	0.695801
1227.18	0.686523
1227.18	0.681519
1227.18	0.681152
1227.18	0.689209
1227.18	0.690186
1227.18	0.686157
1227.18	0.69165
1227.18	0.696045
1227.18	0.694702
1227.18	0.696777
1227.18	0.699097
1227.18	0.705566
1227.18	0.706787
1227.18	0.703003
1227.18	0.691528
1227.18	0.689209
1227.18	0.684326
1227.18	0.686279
1227.18	0.697144
1227.18	0.690918
1227.18	0.687866
1227.18	0.695435
1227.18	0.697632
1227.18	0.705566
1227.18	0.709229
1227.18	0.708252
1227.18	0.713745
1227.18	0.714844
1227.18	0.70874
1227.18	0.700562
1227.18	0.701172
1227.18	0.691895
1227.18	0.686035
1227.18	0.686768
1227.18	0.698975
1227.18	0.696167
1227.18	0.692871
1227.18	0.694702
1227.18	0.701416
1227.18	0.698608
1227.18	0.702393
1227.18	0.703369
1227.18	0.704102
1227.18	0.705444
1227.18	0.709717
1227.18	0.716064
1227.18	0.702393
1227.18	0.707397
1227.18	0.714722
1227.18	0.714722
1227.18	0.722168
1227.18	0.72644
1227.18	0.724243
1227.18	0.728149
1227.18	0.723389
1227.18	0.720947
1227.18	0.717529
1227.18	0.729858
1227.18	0.733276
1227.18	0.734741
1227.18	0.737793
1227.18	0.736816
1227.18	0.749146
1227.18	0.748169
1227.18	0.752075
1227.18	0.762817
1227.18	0.761841
1227.18	0.761108
1227.18	0.760376
1227.18	0.75354
1227.18	0.755127
1227.18	0.753418
1227.18	0.753174
1227.18	0.75
1227.18	0.752563
1227.18	0.753174
1227.18	0.75354
1227.18	0.756348
1227.18	0.75415
1227.18	0.755615
1227.18	0.761719
1227.18	0.760254
1227.18	0.760254
1227.18	0.752075
1227.18	0.755615
1227.18	0.754272
1227.18	0.758667
1227.18	0.759766
1227.18	0.762085
1227.18	0.772705
1227.18	0.765137
1227.18	0.774536
1227.18	0.769653
1227.18	0.772461
1227.18	0.775391
1227.18	0.77771
1227.18	0.778564
1227.18	0.785278
1227.18	0.779297
1227.18	0.7771
1227.18	0.774414
1227.18	0.772095
1227.18	0.770508
1227.18	0.77417
1227.18	0.779785
1227.18	0.77832
1227.18	0.775635
1227.18	0.781006
1227.18	0.778687
1227.18	0.773315
1227.18	0.769165
1227.18	0.763184
1227.18	0.772827
1227.18	0.782471
1227.18	0.780029
1227.18	0.775879
1227.18	0.772217
1227.18	0.779663
1227.18	0.780029
1227.18	0.776367
1227.18	0.787964
1227.18	0.78894
1227.18	0.777222
1227.18	0.775635
1227.18	0.767334
1227.18	0.767944
1227.18	0.769531
1227.18	0.766479
1227.18	0.763306
1227.18	0.763672
1227.18	0.766113
1227.18	0.772705
1227.18	0.763916
1227.18	0.755859
1227.18	0.755249
1227.18	0.757812
1227.18	0.767456
1227.18	0.762817
1227.18	0.761719
1227.18	0.770508
1227.18	0.766357
1227.18	0.76355
1227.18	0.760986
1227.18	0.76001
1227.18	0.760254
1227.18	0.771484
1227.18	0.774292
1227.18	0.77124
1227.18	0.771606
