1688.46	0.259399
1688.46	0.258423
1688.46	0.237427
1688.46	0.236816
1688.46	0.218506
1688.46	0.198853
1688.46	0.179443
1688.46	0.162354
1688.46	0.145752
1688.46	0.123901
1688.46	0.113159
1688.46	0.106934
1688.46	0.0926514
1688.46	0.0870361
1688.46	0.0716553
1688.46	0.0631104
1688.46	0.050415
1688.46	0.0460205
1688.46	0.0737305
1688.46	0.0648193
1688.46	0.0531006
1688.46	0.0576172
1688.46	0.0579834
1688.46	0.0670166
1688.46	0.0704346
1688.46	0.0626221
1688.46	0.0296631
1688.46	0.0123291
1688.46	0.0167236
1688.46	0.0185547
1688.46	0.0241699
1688.46	0.0280762
1688.46	0.0128174
1688.46	0.00939941
1688.46	0.0269775
1688.46	0.0291748
1688.46	0.00280762
1688.46	0.0124512
1688.46	-0.00256348
1688.46	-0.00793457
1688.46	0.00634766
1688.46	-0.00500488
1688.46	-0.00964355
1688.46	-0.0220947
1688.46	-0.0020752
1688.46	-0.00415039
1688.46	0.0152588
1688.46	0.010376
1688.46	0.00964355
1688.46	0.0170898
1688.46	0.0174561
1688.46	0.010376
1688.46	0.0124512
1688.46	0.0181885
1688.46	0.0140381
1688.46	0.00109863
1688.46	0.00256348
1688.46	0.0219727
1688.46	0.0090332
1688.46	-0.00244141
1688.46	-0.0134277
1688.46	-0.00866699
1688.46	-0.00378418
1688.46	-0.0223389
1688.46	-0.0185547
1688.46	-0.0102539
1688.46	-0.0205078
1688.46	-0.0189209
1688.46	-0.00354004
1688.46	0.012085
1688.46	0.0057373
1688.46	-0.00317383
1688.46	-0.0032959
1688.46	-0.0032959
1688.46	-0.0065918
1688.46	-0.00170898
1688.46	0.00476074
1688.46	-0.00976562
1688.46	-0.0206299
1688.46	-0.0209961
1688.46	-0.0186768
1688.46	-0.0369873
1688.46	-0.0229492
1688.46	-0.0124512
1688.46	0.00561523
1688.46	-0.00390625
1688.46	-0.00756836
1688.46	-0.0180664
1688.46	-0.0124512
1688.46	-0.00012207
1688.46	0.0045166
1688.46	0.0114746
1688.46	0.0233154
1688.46	0.0213623
1688.46	0.0144043
1688.46	0.0113525
1688.46	0.00732422
1688.46	0.00683594
1688.46	0.00549316
1688.46	0.00756836
1688.46	0.00390625
1688.46	0.019043
1688.46	0.0249023
1688.46	0.0300293
1688.46	0.0335693
1688.46	0.0296631
1688.46	0.0273438
1688.46	0.00927734
1688.46	0.00622559
1688.46	-0.00195312
1688.46	0.00317383
1688.46	0.022583
1688.46	0.0166016
1688.46	0.0125732
1688.46	0.0141602
1688.46	0.0216064
1688.46	0.0124512
1688.46	0.0200195
1688.46	0.000976562
1688.46	0.00134277
1688.46	-0.00219727
1688.46	0.00158691
1688.46	-0.0268555
1688.46	-0.0390625
1688.46	-0.0395508
1688.46	-0.0526123
1688.46	-0.0682373
1688.46	-0.0606689
1688.46	-0.0643311
1688.46	-0.0563965
1688.46	-0.0411377
1688.46	-0.0235596
1688.46	-0.0098877
1688.46	-0.00695801
1688.46	-0.0114746
1688.46	-0.0153809
1688.46	-0.00805664
1688.46	-0.00915527
1688.46	0.0195312
1688.46	0.0155029
1688.46	0.0195312
1688.46	0.0109863
1688.46	0.0126953
1688.46	0.00952148
1688.46	0.00439453
1688.46	-0.0129395
1688.46	0.00695801
1688.46	-0.00866699
1688.46	-0.0113525
1688.46	-0.024292
1688.46	-0.0343018
1688.46	-0.0429688
1688.46	-0.0402832
1688.46	-0.0476074
1688.46	-0.0349121
1688.46	-0.0367432
1688.46	-0.0266113
1688.46	-0.0247803
1688.46	-0.0205078
1688.46	-0.0187988
1688.46	-0.0175781
1688.46	-0.0170898
1688.46	-0.0119629
1688.46	-0.00488281
1688.46	-0.0189209
1688.46	-0.00854492
1688.46	-0.00585938
1688.46	-0.00646973
1688.46	-0.0098877
1688.46	0.0012207
1688.46	-0.00891113
1688.46	0.00646973
1688.46	0.00268555
1688.46	0.00170898
1688.46	0.00622559
1688.46	-0.0111084
1688.46	-0.0178223
1688.46	-0.0166016
1688.46	-0.0180664
1688.46	-0.0167236
1688.46	-0.0227051
1688.46	-0.0371094
1688.46	-0.0389404
1688.46	-0.032959
1688.46	-0.0372314
1688.46	-0.0452881
1688.46	-0.0469971
1688.46	-0.0432129
1688.46	-0.0400391
1688.46	-0.0415039
1688.46	-0.0386963
1688.46	-0.020752
1688.46	-0.0148926
1688.46	-0.0151367
1688.46	-0.0284424
1688.46	-0.0390625
1688.46	-0.0325928
1688.46	-0.0270996
1688.46	-0.0270996
1688.46	-0.0198975
