1523.09	0.29126
1523.09	0.286865
1523.09	0.290649
1523.09	0.290527
1523.09	0.254395
1523.09	0.235596
1523.09	0.221436
1523.09	0.217773
1523.09	0.218506
1523.09	0.213379
1523.09	0.217651
1523.09	0.210815
1523.09	0.216309
1523.09	0.221313
1523.09	0.198608
1523.09	0.19165
1523.09	0.196045
1523.09	0.194458
1523.09	0.195923
1523.09	0.187378
1523.09	0.19043
1523.09	0.179565
1523.09	0.177246
1523.09	0.189453
1523.09	0.197632
1523.09	0.185913
1523.09	0.186279
1523.09	0.176025
1523.09	0.171387
1523.09	0.175659
1523.09	0.170532
1523.09	0.150757
1523.09	0.170044
1523.09	0.170776
1523.09	0.180054
1523.09	0.185425
1523.09	0.180298
1523.09	0.18335
1523.09	0.160522
1523.09	0.153076
1523.09	0.143066
1523.09	0.151001
1523.09	0.153809
1523.09	0.152222
1523.09	0.148315
1523.09	0.146362
1523.09	0.149292
1523.09	0.160278
1523.09	0.158569
1523.09	0.150513
1523.09	0.157593
1523.09	0.169312
1523.09	0.163696
1523.09	0.175049
1523.09	0.166504
1523.09	0.161011
1523.09	0.148682
1523.09	0.13623
1523.09	0.134033
1523.09	0.136353
1523.09	0.13208
1523.09	0.119385
1523.09	0.116333
1523.09	0.116333
1523.09	0.112915
1523.09	0.12439
1523.09	0.133423
1523.09	0.141357
1523.09	0.135132
1523.09	0.143311
1523.09	0.145752
1523.09	0.149048
1523.09	0.143555
1523.09	0.138916
1523.09	0.140869
1523.09	0.125854
1523.09	0.11084
1523.09	0.105347
1523.09	0.0793457
1523.09	0.0805664
1523.09	0.100708
1523.09	0.0993652
1523.09	0.0998535
1523.09	0.116089
1523.09	0.101074
1523.09	0.104126
1523.09	0.105347
1523.09	0.105957
1523.09	0.111328
1523.09	0.110596
1523.09	0.116699
1523.09	0.121948
1523.09	0.124512
1523.09	0.124756
1523.09	0.119141
1523.09	0.136597
1523.09	0.128418
1523.09	0.126099
1523.09	0.129639
1523.09	0.125488
1523.09	0.11377
1523.09	0.119141
1523.09	0.12146
1523.09	0.127808
1523.09	0.113281
1523.09	0.0997314
1523.09	0.0930176
1523.09	0.09021
1523.09	0.0864258
1523.09	0.0930176
1523.09	0.0811768
1523.09	0.0704346
1523.09	0.071167
1523.09	0.065918
1523.09	0.0634766
1523.09	0.0767822
1523.09	0.0825195
1523.09	0.0889893
1523.09	0.0712891
1523.09	0.0780029
1523.09	0.085083
1523.09	0.0831299
1523.09	0.0610352
1523.09	0.0571289
1523.09	0.0628662
1523.09	0.06604
1523.09	0.065918
1523.09	0.0510254
1523.09	0.0366211
1523.09	0.0384521
1523.09	0.0361328
1523.09	0.0250244
1523.09	0.0181885
1523.09	0.0292969
1523.09	0.0251465
1523.09	0.0195312
1523.09	0.0219727
1523.09	0.0474854
1523.09	0.0618896
1523.09	0.052124
1523.09	0.0488281
1523.09	0.0340576
1523.09	0.0187988
1523.09	0.0269775
1523.09	0.0203857
1523.09	0.0252686
1523.09	0.0300293
1523.09	0.0469971
1523.09	0.0440674
1523.09	0.0385742
1523.09	0.0323486
1523.09	0.038208
1523.09	0.0321045
1523.09	0.0350342
1523.09	0.0239258
1523.09	0.00500488
1523.09	0.0170898
1523.09	0.0124512
1523.09	0.010498
1523.09	0.0177002
1523.09	0.0340576
1523.09	0.0302734
1523.09	0.015625
1523.09	0.0168457
1523.09	0.0185547
1523.09	0.0012207
1523.09	-0.00378418
1523.09	0.00439453
1523.09	0.00927734
1523.09	0.0231934
1523.09	0.0183105
1523.09	0.00439453
1523.09	-0.00671387
1523.09	-0.00476074
1523.09	-0.00805664
1523.09	-0.0129395
1523.09	-0.0184326
1523.09	-0.0238037
1523.09	-0.0141602
1523.09	-0.0233154
1523.09	-0.000488281
1523.09	0.00695801
1523.09	0.0181885
1523.09	0.0186768
1523.09	0.0332031
1523.09	0.0333252
1523.09	0.0512695
1523.09	0.0526123
1523.09	0.0449219
1523.09	0.0419922
1523.09	0.0375977
1523.09	0.0452881
1523.09	0.0368652
1523.09	0.0339355
1523.09	0.0321045
1523.09	0.026001
1523.09	0.0234375
1523.09	0.0266113
1523.09	0.0367432
1523.09	0.0372314
