1731.97	0.251831
1731.97	0.237793
1731.97	0.207642
1731.97	0.190063
1731.97	0.166748
1731.97	0.155762
1731.97	0.130859
1731.97	0.112183
1731.97	0.105835
1731.97	0.0844727
1731.97	0.0880127
1731.97	0.072998
1731.97	0.0762939
1731.97	0.0709229
1731.97	0.0600586
1731.97	0.0540771
1731.97	0.0511475
1731.97	0.0532227
1731.97	0.0541992
1731.97	0.059082
1731.97	0.0412598
1731.97	0.0350342
1731.97	0.0213623
1731.97	0.0189209
1731.97	0.0183105
1731.97	0.0179443
1731.97	0.00268555
1731.97	-0.0130615
1731.97	-0.00830078
1731.97	0.00183105
1731.97	-0.00109863
1731.97	-0.0167236
1731.97	0.00280762
1731.97	0.0101318
1731.97	-0.00915527
1731.97	-0.0280762
1731.97	-0.017334
1731.97	-0.0239258
1731.97	-0.0351562
1731.97	-0.0410156
1731.97	-0.0592041
1731.97	-0.0487061
1731.97	-0.0423584
1731.97	-0.0379639
1731.97	-0.0228271
1731.97	-0.0118408
1731.97	-0.0316162
1731.97	-0.0145264
1731.97	-0.0108643
1731.97	-0.0187988
1731.97	-0.0112305
1731.97	-0.0119629
1731.97	0.00354004
1731.97	-0.0142822
1731.97	-0.0159912
1731.97	-0.0112305
1731.97	-0.00939941
1731.97	-0.0203857
1731.97	-0.019043
1731.97	-0.0102539
1731.97	-0.0162354
1731.97	-0.0336914
1731.97	-0.0317383
1731.97	-0.0218506
1731.97	-0.0196533
1731.97	-0.00390625
1731.97	0.00634766
1731.97	0.00939941
1731.97	0.00708008
1731.97	0.00756836
1731.97	0.0106201
1731.97	0.0167236
1731.97	0.0189209
1731.97	0.0125732
1731.97	0.0106201
1731.97	0.00561523
1731.97	0.00488281
1731.97	-0.00622559
1731.97	-0.00634766
1731.97	0.00598145
1731.97	0.0169678
1731.97	0.0333252
1731.97	0.0372314
1731.97	0.032959
1731.97	0.0251465
1731.97	0.0136719
1731.97	0.0185547
1731.97	0.00744629
1731.97	-0.00280762
1731.97	-0.0179443
1731.97	-0.0198975
1731.97	-0.0272217
1731.97	-0.0258789
1731.97	-0.0141602
1731.97	-0.0189209
1731.97	-0.0134277
1731.97	-0.00744629
1731.97	-0.00744629
1731.97	-0.0159912
1731.97	-0.00732422
1731.97	0.00708008
1731.97	0.0231934
1731.97	0.0184326
1731.97	-0.00256348
1731.97	0.00463867
1731.97	-0.0113525
1731.97	-0.00305176
1731.97	0.00439453
1731.97	-0.0012207
1731.97	0.00634766
1731.97	-0.00964355
1731.97	-0.0197754
1731.97	-0.0135498
1731.97	-0.00720215
1731.97	-0.0187988
1731.97	-0.0316162
1731.97	-0.0281982
1731.97	-0.0251465
1731.97	-0.0236816
1731.97	-0.0235596
1731.97	-0.0220947
1731.97	-0.0170898
1731.97	-0.026123
1731.97	-0.0251465
1731.97	-0.0255127
1731.97	-0.0332031
1731.97	-0.0354004
1731.97	-0.0333252
1731.97	-0.0390625
1731.97	-0.0379639
1731.97	-0.0352783
1731.97	-0.0299072
1731.97	-0.0257568
1731.97	-0.0394287
1731.97	-0.03125
1731.97	-0.0294189
1731.97	-0.0383301
1731.97	-0.00952148
1731.97	0.00366211
1731.97	0.00415039
1731.97	0.00134277
1731.97	-0.00439453
1731.97	-0.00744629
1731.97	-0.0115967
1731.97	-0.000488281
1731.97	0.00585938
1731.97	-0.000976562
1731.97	0.00964355
1731.97	0.00415039
1731.97	0.0194092
1731.97	0.0241699
1731.97	0.0169678
1731.97	0.012085
1731.97	0.00842285
1731.97	0.0090332
1731.97	0.00744629
1731.97	0.00524902
1731.97	0.0098877
1731.97	0.0172119
1731.97	0.0098877
1731.97	0.00915527
1731.97	0.0131836
1731.97	0.00964355
1731.97	0.00439453
1731.97	0.00671387
1731.97	-0.00366211
1731.97	-0.0102539
1731.97	-0.00878906
1731.97	-0.013916
1731.97	-0.0164795
1731.97	-0.00830078
1731.97	0.00195312
1731.97	-0.00878906
1731.97	-0.026123
1731.97	-0.0280762
1731.97	-0.0313721
1731.97	-0.0241699
1731.97	-0.0197754
1731.97	-0.0167236
1731.97	-0.0108643
1731.97	-0.0157471
1731.97	-0.000610352
1731.97	0.0159912
1731.97	0.00769043
1731.97	0.00463867
1731.97	0.0111084
1731.97	0.00476074
1731.97	-0.0201416
1731.97	-0.00964355
1731.97	-0.00463867
1731.97	0.00524902
1731.97	-0.000488281
1731.97	0.00695801
1731.97	0.000610352
1731.97	0.00292969
1731.97	0.00671387
1731.97	-0.00012207
1731.97	-0.0057373
1731.97	-0.00878906
1731.97	-0.0205078
