1644.94	0.0253906
1644.94	-0.00195312
1644.94	-0.0078125
1644.94	-0.0117188
1644.94	-0.00585938
1644.94	0.00195312
1644.94	0
1644.94	-0.00390625
1644.94	0.0117188
1644.94	-0.0175781
1644.94	-0.015625
1644.94	0.00976562
1644.94	0.0292969
1644.94	-0.0195312
1644.94	-0.0078125
1644.94	-0.0136719
1644.94	-0.015625
1644.94	0.0078125
1644.94	0.00390625
1644.94	0.0332031
1644.94	-0.0078125
1644.94	-0.00195312
1644.94	0.00195312
1644.94	0
1644.94	0.0234375
1644.94	0.00195312
1644.94	-0.0117188
1644.94	0.0273438
1644.94	-0.0117188
1644.94	-0.0253906
1644.94	0.00195312
1644.94	0.00195312
1644.94	0
1644.94	-0.00195312
1644.94	0
1644.94	-0.00195312
1644.94	0.00585938
1644.94	0.0117188
1644.94	0.0234375
1644.94	-0.00976562
1644.94	-0.0175781
1644.94	0
1644.94	-0.0117188
1644.94	0.0136719
1644.94	-0.00195312
1644.94	0.0332031
1644.94	0.00390625
1644.94	-0.00195312
1644.94	0.00976562
1644.94	-0.0175781
1644.94	-0.00976562
1644.94	-0.0253906
1644.94	-0.0136719
1644.94	-0.0253906
1644.94	0.0449219
1644.94	0.0078125
1644.94	0.015625
1644.94	-0.00195312
1644.94	0.0351562
1644.94	0.015625
1644.94	-0.0507812
1644.94	0.00195312
1644.94	0.0234375
1644.94	0.00390625
1644.94	0.00585938
1644.94	-0.0292969
1644.94	0.00195312
1644.94	0.00390625
1644.94	0.0117188
1644.94	0.0175781
1644.94	-0.00976562
1644.94	-0.0332031
1644.94	-0.0078125
1644.94	0.00585938
1644.94	0.0175781
1644.94	0.00976562
1644.94	-0.0234375
1644.94	0
1644.94	-0.0273438
1644.94	-0.00585938
1644.94	-0.0214844
1644.94	0.00390625
1644.94	0.00195312
1644.94	-0.00585938
1644.94	0.0117188
1644.94	-0.00390625
1644.94	0.0214844
1644.94	-0.00195312
1644.94	0.00585938
1644.94	-0.015625
1644.94	0.00195312
1644.94	0.0449219
1644.94	0.0273438
1644.94	0.0332031
1644.94	0.0117188
1644.94	-0.0214844
1644.94	-0.0195312
1644.94	-0.0136719
1644.94	-0.00195312
1644.94	0.00390625
