1314.21	0.0292969
1314.21	0.00195312
1314.21	-0.0195312
1314.21	-0.015625
1314.21	-0.0175781
1314.21	0.00195312
1314.21	0.00585938
1314.21	0.0234375
1314.21	0.0351562
1314.21	-0.0078125
1314.21	0.0214844
1314.21	-0.00585938
1314.21	-0.00585938
1314.21	-0.0117188
1314.21	0.0136719
1314.21	-0.03125
1314.21	-0.0136719
1314.21	-0.00195312
1314.21	0
1314.21	0.0117188
1314.21	-0.0234375
1314.21	-0.00195312
1314.21	0.00195312
1314.21	0.0234375
1314.21	-0.00585938
1314.21	-0.00976562
1314.21	0.00585938
1314.21	0.0078125
1314.21	-0.00976562
1314.21	0.0175781
1314.21	0.015625
1314.21	0.0195312
1314.21	-0.00585938
1314.21	-0.00976562
1314.21	0.0078125
1314.21	-0.00585938
1314.21	-0.0351562
1314.21	-0.00585938
1314.21	0.0078125
1314.21	-0.00585938
1314.21	-0.00390625
1314.21	0.00390625
1314.21	0.015625
1314.21	0.0078125
1314.21	0.015625
1314.21	0.0214844
1314.21	0.03125
1314.21	0.00585938
1314.21	-0.0175781
1314.21	0.0136719
1314.21	0.0078125
1314.21	-0.0195312
1314.21	-0.00390625
1314.21	0.0078125
1314.21	0
1314.21	0.00976562
1314.21	0
1314.21	0.03125
1314.21	0.00585938
1314.21	-0.0078125
1314.21	0.00976562
1314.21	-0.0136719
1314.21	-0.00195312
1314.21	0.0078125
1314.21	-0.00976562
1314.21	0.00976562
1314.21	0.0175781
1314.21	-0.0078125
1314.21	-0.0136719
1314.21	-0.00585938
1314.21	-0.0078125
1314.21	-0.0078125
1314.21	-0.00585938
1314.21	-0.00390625
1314.21	-0.00585938
1314.21	0.0136719
1314.21	-0.00585938
1314.21	-0.00390625
1314.21	0.0136719
1314.21	-0.00195312
1314.21	0.00195312
1314.21	-0.0234375
1314.21	0.015625
1314.21	0.0078125
1314.21	0
1314.21	0.00195312
1314.21	-0.015625
1314.21	-0.015625
1314.21	-0.00390625
1314.21	-0.0253906
1314.21	0.00976562
1314.21	-0.0117188
1314.21	0.00390625
1314.21	-0.0078125
1314.21	0.00585938
1314.21	-0.00195312
1314.21	0.00585938
1314.21	-0.0195312
1314.21	0.0136719
1314.21	-0.0195312
