1340.32	0.0078125
1340.32	-0.0214844
1340.32	0.00195312
1340.32	0.00195312
1340.32	-0.0292969
1340.32	0.0136719
1340.32	0.0117188
1340.32	0.0332031
1340.32	0.0175781
1340.32	-0.00390625
1340.32	-0.00585938
1340.32	0.00976562
1340.32	-0.00585938
1340.32	-0.00585938
1340.32	-0.015625
1340.32	0.00195312
1340.32	-0.00390625
1340.32	0.00195312
1340.32	-0.0117188
1340.32	0.00195312
1340.32	0.0234375
1340.32	0.0078125
1340.32	0.00195312
1340.32	0.00195312
1340.32	-0.0136719
1340.32	0.00195312
1340.32	0.00585938
1340.32	0.00390625
1340.32	-0.0136719
1340.32	0.0292969
1340.32	0
1340.32	-0.0273438
1340.32	-0.0292969
1340.32	0
1340.32	-0.00390625
1340.32	0.0117188
1340.32	-0.0253906
1340.32	-0.00390625
1340.32	0.00585938
1340.32	0.0214844
1340.32	0.00390625
1340.32	-0.0234375
1340.32	0.0234375
1340.32	-0.0136719
1340.32	-0.0078125
1340.32	0
1340.32	0.0136719
1340.32	0.00195312
1340.32	0.0136719
1340.32	0.0214844
1340.32	0.0175781
1340.32	-0.00390625
1340.32	-0.0117188
1340.32	-0.0253906
1340.32	0.0117188
1340.32	0.0117188
1340.32	0
1340.32	0.00585938
1340.32	0.00390625
1340.32	-0.0117188
1340.32	-0.0136719
1340.32	-0.00976562
1340.32	-0.0371094
1340.32	-0.00976562
1340.32	-0.0136719
1340.32	0.0117188
1340.32	0.0195312
1340.32	-0.00195312
1340.32	0
1340.32	-0.00390625
1340.32	-0.0292969
1340.32	0.00390625
1340.32	0.0175781
1340.32	0.00390625
1340.32	-0.0117188
1340.32	-0.00195312
1340.32	0.00976562
1340.32	-0.0117188
1340.32	-0.0234375
1340.32	0.0371094
1340.32	-0.0078125
1340.32	-0.00390625
1340.32	0.0175781
1340.32	-0.015625
1340.32	0
1340.32	0.0214844
1340.32	0.0078125
1340.32	0.00390625
1340.32	0.0234375
1340.32	0.00976562
1340.32	-0.0136719
1340.32	-0.0214844
1340.32	0.00976562
1340.32	0.0117188
1340.32	0.0175781
1340.32	0
1340.32	0.0273438
1340.32	0.0136719
1340.32	0.0214844
1340.32	-0.00585938
