1540.5	0.03125
1540.5	-0.015625
1540.5	0.0117188
1540.5	0.03125
1540.5	-0.00195312
1540.5	0.00976562
1540.5	0.0078125
1540.5	-0.0117188
1540.5	0.0136719
1540.5	0.00195312
1540.5	0
1540.5	0.00976562
1540.5	-0.00976562
1540.5	0.0527344
1540.5	0.0136719
1540.5	-0.00585938
1540.5	-0.00976562
1540.5	-0.015625
1540.5	-0.0117188
1540.5	-0.00585938
1540.5	0
1540.5	0.00976562
1540.5	-0.0117188
1540.5	-0.00976562
1540.5	0.00585938
1540.5	0.0078125
1540.5	0.0136719
1540.5	0.00585938
1540.5	0
1540.5	0.00195312
1540.5	0.0214844
1540.5	0.00976562
1540.5	0.0078125
1540.5	0.0117188
1540.5	-0.0117188
1540.5	0.0234375
1540.5	0.00195312
1540.5	0.00390625
1540.5	-0.0175781
1540.5	0.0273438
1540.5	0.0078125
1540.5	-0.0078125
1540.5	0.00195312
1540.5	0.0136719
1540.5	0.0390625
1540.5	0.0332031
1540.5	-0.0195312
1540.5	-0.0195312
1540.5	-0.00390625
1540.5	-0.00976562
1540.5	-0.00585938
1540.5	0.00585938
1540.5	0.0195312
1540.5	0
1540.5	0.0273438
1540.5	0.00195312
1540.5	0.0195312
1540.5	0.0117188
1540.5	0.00390625
1540.5	0.00976562
1540.5	-0.0253906
1540.5	-0.00195312
1540.5	0.0234375
1540.5	0.00585938
1540.5	0.0214844
1540.5	0.00585938
1540.5	0.0234375
1540.5	0.0136719
1540.5	0.0078125
1540.5	-0.0273438
1540.5	-0.0175781
1540.5	-0.0214844
1540.5	0.0175781
1540.5	-0.03125
1540.5	-0.0214844
1540.5	0.00390625
1540.5	0.0292969
1540.5	0.0078125
1540.5	0.0273438
1540.5	0.0410156
1540.5	0.0117188
1540.5	-0.0175781
1540.5	0
1540.5	-0.0136719
1540.5	0.0175781
1540.5	0.00390625
1540.5	-0.00585938
1540.5	0.00976562
1540.5	-0.00195312
1540.5	0.0078125
1540.5	-0.0195312
1540.5	-0.0273438
1540.5	-0.00390625
1540.5	0.00585938
1540.5	-0.00390625
1540.5	0.00585938
1540.5	-0.0078125
1540.5	0.0117188
1540.5	-0.0078125
1540.5	0.00195312
