1305.51	0.0234375
1305.51	-0.0175781
1305.51	0.00976562
1305.51	-0.00390625
1305.51	0.00390625
1305.51	-0.00195312
1305.51	-0.0234375
1305.51	0.00195312
1305.51	-0.0195312
1305.51	-0.00976562
1305.51	0.00195312
1305.51	0.00585938
1305.51	-0.0078125
1305.51	-0.0117188
1305.51	-0.00585938
1305.51	-0.03125
1305.51	-0.0214844
1305.51	0
1305.51	0.0175781
1305.51	-0.0117188
1305.51	0.0195312
1305.51	0.00390625
1305.51	0
1305.51	0.0078125
1305.51	-0.00195312
1305.51	0.00390625
1305.51	-0.00195312
1305.51	0
1305.51	-0.0253906
1305.51	-0.0136719
1305.51	-0.00390625
1305.51	0.015625
1305.51	-0.0117188
1305.51	-0.015625
1305.51	0.0117188
1305.51	-0.0117188
1305.51	0.0117188
1305.51	-0.0078125
1305.51	0.00585938
1305.51	0.00390625
1305.51	0.00976562
1305.51	-0.0117188
1305.51	0.0078125
1305.51	-0.0078125
1305.51	0.00390625
1305.51	-0.00195312
1305.51	0.0078125
1305.51	0.0253906
1305.51	-0.0117188
1305.51	-0.00195312
1305.51	0.015625
1305.51	0.00976562
1305.51	-0.00976562
1305.51	0.00195312
1305.51	0
1305.51	-0.00195312
1305.51	0.0078125
1305.51	0.0195312
1305.51	-0.00585938
1305.51	0.0253906
1305.51	0.0078125
1305.51	-0.0371094
1305.51	-0.015625
1305.51	-0.0234375
1305.51	-0.015625
1305.51	-0.00976562
1305.51	0.00585938
1305.51	-0.00195312
1305.51	0.00585938
1305.51	-0.00585938
1305.51	0.00390625
1305.51	-0.00195312
1305.51	-0.00195312
1305.51	-0.0253906
1305.51	-0.0292969
1305.51	0.00390625
1305.51	-0.015625
1305.51	0.0175781
1305.51	0.00585938
1305.51	0.0136719
1305.51	-0.0234375
1305.51	0.00195312
1305.51	0.0078125
1305.51	-0.0136719
1305.51	0.00195312
1305.51	0.0078125
1305.51	0.015625
1305.51	0.00585938
1305.51	-0.00585938
1305.51	-0.00976562
1305.51	-0.00195312
1305.51	0.00195312
1305.51	-0.00976562
1305.51	0
1305.51	-0.015625
1305.51	0.00976562
1305.51	-0.00585938
1305.51	0.00585938
1305.51	0.03125
1305.51	0.0078125
