1592.72	0.00195312
1592.72	-0.015625
1592.72	-0.015625
1592.72	-0.00195312
1592.72	0.0214844
1592.72	0.0117188
1592.72	0.00976562
1592.72	0.0078125
1592.72	-0.00195312
1592.72	0.015625
1592.72	-0.0175781
1592.72	0.00195312
1592.72	-0.0214844
1592.72	0.00390625
1592.72	0.03125
1592.72	-0.00390625
1592.72	-0.0332031
1592.72	-0.0078125
1592.72	0.015625
1592.72	0.00195312
1592.72	0.0175781
1592.72	-0.00976562
1592.72	0.00390625
1592.72	-0.00585938
1592.72	-0.015625
1592.72	-0.0136719
1592.72	-0.00390625
1592.72	0.00976562
1592.72	0.00585938
1592.72	-0.0117188
1592.72	-0.03125
1592.72	0.0078125
1592.72	0.0234375
1592.72	-0.03125
1592.72	0.03125
1592.72	-0.0078125
1592.72	-0.0117188
1592.72	-0.015625
1592.72	-0.00976562
1592.72	-0.0390625
1592.72	0.0214844
1592.72	-0.00390625
1592.72	0.0175781
1592.72	-0.0078125
1592.72	-0.00585938
1592.72	-0.0234375
1592.72	0
1592.72	0.0195312
1592.72	0.015625
1592.72	-0.00195312
1592.72	-0.00585938
1592.72	0.0136719
1592.72	0.00585938
1592.72	-0.0253906
1592.72	-0.0292969
1592.72	-0.00585938
1592.72	-0.00390625
1592.72	0.00195312
1592.72	-0.0078125
1592.72	0.0195312
1592.72	-0.00390625
1592.72	-0.0371094
1592.72	0.00976562
1592.72	-0.0234375
1592.72	-0.03125
1592.72	-0.00585938
1592.72	-0.0410156
1592.72	-0.00390625
1592.72	0.00585938
1592.72	0.0351562
1592.72	0.0292969
1592.72	-0.0390625
1592.72	-0.00976562
1592.72	-0.0253906
1592.72	0.0117188
1592.72	0.0332031
1592.72	-0.00390625
1592.72	0.0371094
1592.72	0.0078125
1592.72	-0.00195312
1592.72	-0.0195312
1592.72	0.03125
1592.72	0.00390625
1592.72	-0.015625
1592.72	0
1592.72	0.0117188
1592.72	-0.00585938
1592.72	-0.00390625
1592.72	0.00195312
1592.72	-0.0078125
1592.72	-0.00195312
1592.72	0
1592.72	0.0351562
1592.72	0.015625
1592.72	-0.0175781
1592.72	-0.00390625
1592.72	-0.00195312
1592.72	-0.0117188
1592.72	0.00195312
1592.72	-0.00585938
