1505.69	0.0195312
1505.69	-0.00976562
1505.69	-0.0214844
1505.69	-0.0214844
1505.69	-0.015625
1505.69	-0.0136719
1505.69	-0.015625
1505.69	0.00976562
1505.69	0
1505.69	0.00976562
1505.69	0.0175781
1505.69	-0.00390625
1505.69	0.00390625
1505.69	-0.0117188
1505.69	0.00195312
1505.69	0
1505.69	0.00976562
1505.69	-0.00585938
1505.69	-0.0214844
1505.69	0.00976562
1505.69	0.00976562
1505.69	0.0117188
1505.69	0.0136719
1505.69	0.00195312
1505.69	0.00585938
1505.69	0.0136719
1505.69	-0.0273438
1505.69	0.0195312
1505.69	0.0136719
1505.69	-0.0117188
1505.69	0.0292969
1505.69	-0.0234375
1505.69	-0.0117188
1505.69	0.00195312
1505.69	0.0351562
1505.69	-0.00390625
1505.69	-0.0117188
1505.69	0.0195312
1505.69	0.0136719
1505.69	0.00195312
1505.69	0.015625
1505.69	-0.0214844
1505.69	-0.00976562
1505.69	-0.0078125
1505.69	-0.03125
1505.69	-0.015625
1505.69	-0.00195312
1505.69	0.0351562
1505.69	0.0117188
1505.69	0.00195312
1505.69	0.0117188
1505.69	-0.0214844
1505.69	-0.00390625
1505.69	0.0117188
1505.69	0.00195312
1505.69	0
1505.69	0.0273438
1505.69	-0.015625
1505.69	0.0273438
1505.69	0.00585938
1505.69	0.0136719
1505.69	0
1505.69	0.00390625
1505.69	-0.00390625
1505.69	0.00195312
1505.69	0.00390625
1505.69	-0.00390625
1505.69	0
1505.69	0.0292969
1505.69	-0.0136719
1505.69	0.0234375
1505.69	0.0136719
1505.69	0
1505.69	0.00195312
1505.69	0.00585938
1505.69	0.0078125
1505.69	0.00390625
1505.69	0.0117188
1505.69	-0.0253906
1505.69	-0.0136719
1505.69	0.0117188
1505.69	0.0078125
1505.69	0
1505.69	0.0117188
1505.69	-0.015625
1505.69	-0.0292969
1505.69	-0.0078125
1505.69	-0.00195312
1505.69	0.00585938
1505.69	-0.0136719
1505.69	-0.0117188
1505.69	-0.0253906
1505.69	-0.00390625
1505.69	0.03125
1505.69	-0.015625
1505.69	-0.00390625
1505.69	0.00585938
1505.69	0.0214844
1505.69	0.03125
1505.69	0.0136719
