1122.74	0.0253906
1122.74	0.00195312
1122.74	-0.0214844
1122.74	-0.0078125
1122.74	-0.00195312
1122.74	-0.0273438
1122.74	0.00585938
1122.74	0.0234375
1122.74	0.0078125
1122.74	0
1122.74	0.015625
1122.74	0.0136719
1122.74	-0.0253906
1122.74	-0.00585938
1122.74	0.0214844
1122.74	-0.00976562
1122.74	0.0117188
1122.74	0
1122.74	0.00195312
1122.74	-0.0117188
1122.74	-0.0078125
1122.74	-0.00585938
1122.74	0
1122.74	0
1122.74	-0.00390625
1122.74	0.00195312
1122.74	-0.0078125
1122.74	-0.0195312
1122.74	-0.0234375
1122.74	0
1122.74	0.00390625
1122.74	0.0078125
1122.74	0.0078125
1122.74	0
1122.74	-0.00195312
1122.74	-0.015625
1122.74	-0.0136719
1122.74	0.0136719
1122.74	0.00585938
1122.74	-0.00585938
1122.74	0.0078125
1122.74	-0.00585938
1122.74	0.00390625
1122.74	0
1122.74	-0.0175781
1122.74	0.00585938
1122.74	-0.00195312
1122.74	0.0253906
1122.74	0
1122.74	-0.00390625
1122.74	0
1122.74	0.0078125
1122.74	-0.0078125
1122.74	-0.015625
1122.74	0.0273438
1122.74	0
1122.74	0
1122.74	0.00976562
1122.74	-0.00976562
1122.74	-0.00585938
1122.74	-0.00976562
1122.74	0.00390625
1122.74	0.00195312
1122.74	-0.0117188
1122.74	-0.00390625
1122.74	0.00585938
1122.74	-0.0117188
1122.74	-0.00585938
1122.74	0.00195312
1122.74	-0.00976562
1122.74	-0.00195312
1122.74	0.0117188
1122.74	-0.0117188
1122.74	0.0078125
1122.74	0.0117188
1122.74	0.00585938
1122.74	0
1122.74	0.00390625
1122.74	-0.0136719
1122.74	0.0136719
1122.74	0
1122.74	0
1122.74	-0.00390625
1122.74	-0.0175781
1122.74	0.00390625
1122.74	-0.00390625
1122.74	0.0078125
1122.74	-0.0078125
1122.74	0.00195312
1122.74	0.0136719
1122.74	-0.0234375
1122.74	0.00195312
1122.74	-0.00195312
1122.74	0.00390625
1122.74	-0.0078125
1122.74	-0.0253906
1122.74	-0.0195312
1122.74	0.00390625
1122.74	-0.00585938
1122.74	0.00976562
