1218.47	0.0351562
1218.47	-0.0332031
1218.47	0.00390625
1218.47	-0.00390625
1218.47	-0.0136719
1218.47	0.00195312
1218.47	0.00585938
1218.47	-0.00585938
1218.47	0.00585938
1218.47	0.00195312
1218.47	-0.00585938
1218.47	0.0078125
1218.47	0
1218.47	0.00390625
1218.47	0.00195312
1218.47	-0.0117188
1218.47	0.0136719
1218.47	-0.0234375
1218.47	0.0214844
1218.47	-0.0214844
1218.47	0.015625
1218.47	-0.0078125
1218.47	-0.0273438
1218.47	0.00390625
1218.47	0.0078125
1218.47	-0.015625
1218.47	-0.0136719
1218.47	-0.0078125
1218.47	-0.0078125
1218.47	-0.015625
1218.47	-0.0195312
1218.47	0
1218.47	0.0078125
1218.47	0.00976562
1218.47	0.00585938
1218.47	-0.0195312
1218.47	-0.0136719
1218.47	-0.0117188
1218.47	0.00976562
1218.47	-0.00195312
1218.47	-0.00195312
1218.47	0.0117188
1218.47	-0.0078125
1218.47	-0.015625
1218.47	0
1218.47	-0.00585938
1218.47	0.0117188
1218.47	-0.015625
1218.47	-0.00390625
1218.47	-0.0136719
1218.47	-0.0175781
1218.47	-0.00195312
1218.47	0.00195312
1218.47	0.0175781
1218.47	0.00390625
1218.47	-0.0195312
1218.47	0.00976562
1218.47	-0.00195312
1218.47	0.00585938
1218.47	-0.00195312
1218.47	0.00976562
1218.47	0.00195312
1218.47	0.03125
1218.47	-0.0136719
1218.47	-0.00195312
1218.47	0
1218.47	-0.00976562
1218.47	0.00195312
1218.47	-0.00976562
1218.47	0.0234375
1218.47	0.00195312
1218.47	0.00195312
1218.47	0.00390625
1218.47	0.0175781
1218.47	0.00390625
1218.47	-0.0078125
1218.47	-0.00195312
1218.47	-0.0136719
1218.47	-0.00390625
1218.47	-0.00585938
1218.47	0.00195312
1218.47	0.00585938
1218.47	0.0214844
1218.47	-0.0253906
1218.47	-0.00585938
1218.47	-0.00390625
1218.47	0.0078125
1218.47	-0.00585938
1218.47	0.00195312
1218.47	-0.00585938
1218.47	-0.00390625
1218.47	0.0136719
1218.47	0.00390625
1218.47	0.00390625
1218.47	-0.00976562
1218.47	-0.00976562
1218.47	0.00976562
1218.47	-0.00390625
1218.47	0
1218.47	0
