1000.89	0.0234375
1000.89	0.00390625
1000.89	-0.015625
1000.89	0.0195312
1000.89	-0.00195312
1000.89	-0.00976562
1000.89	-0.0078125
1000.89	-0.00195312
1000.89	-0.00390625
1000.89	-0.00390625
1000.89	-0.0214844
1000.89	0
1000.89	-0.0078125
1000.89	-0.0136719
1000.89	-0.00976562
1000.89	-0.0136719
1000.89	-0.0078125
1000.89	0.0136719
1000.89	-0.00585938
1000.89	0.00390625
1000.89	-0.00195312
1000.89	0
1000.89	-0.0195312
1000.89	-0.00195312
1000.89	0.00976562
1000.89	0.0078125
1000.89	0
1000.89	0.00976562
1000.89	0.0078125
1000.89	0.0175781
1000.89	-0.0175781
1000.89	-0.00976562
1000.89	-0.00976562
1000.89	0.00585938
1000.89	0.0136719
1000.89	-0.00390625
1000.89	0.00976562
1000.89	0.0136719
1000.89	0.00390625
1000.89	-0.00195312
1000.89	0
1000.89	0.00585938
1000.89	-0.00585938
1000.89	-0.00195312
1000.89	-0.0175781
1000.89	-0.0078125
1000.89	-0.015625
1000.89	-0.00195312
1000.89	0
1000.89	0.0078125
1000.89	0.0078125
1000.89	-0.00976562
1000.89	-0.015625
1000.89	0.00195312
1000.89	-0.00195312
1000.89	0.0078125
1000.89	-0.00195312
1000.89	0
1000.89	0.0117188
1000.89	-0.0078125
1000.89	0.0078125
1000.89	-0.00585938
1000.89	0.0117188
1000.89	0.00585938
1000.89	-0.00195312
1000.89	-0.00585938
1000.89	0.00195312
1000.89	0
1000.89	-0.00390625
1000.89	0.00585938
1000.89	0.00976562
1000.89	0.0175781
1000.89	0
1000.89	-0.015625
1000.89	0
1000.89	-0.00390625
1000.89	-0.00195312
1000.89	0.00390625
1000.89	0
1000.89	0.00976562
1000.89	0.00390625
1000.89	-0.0078125
1000.89	-0.00195312
1000.89	0.0117188
1000.89	0.00585938
1000.89	0.0078125
1000.89	-0.0136719
1000.89	0.00390625
1000.89	-0.00390625
1000.89	-0.0078125
1000.89	-0.0117188
1000.89	-0.00195312
1000.89	-0.0078125
1000.89	-0.00390625
1000.89	0.00390625
1000.89	-0.0195312
1000.89	-0.00390625
1000.89	0.00976562
1000.89	-0.00585938
1000.89	-0.00976562
