1035.7	0.0371094
1035.7	0.015625
1035.7	0.00195312
1035.7	0
1035.7	-0.0078125
1035.7	0.0136719
1035.7	0
1035.7	-0.00976562
1035.7	-0.00390625
1035.7	-0.00585938
1035.7	-0.00390625
1035.7	0
1035.7	0.00390625
1035.7	0.0078125
1035.7	0.00585938
1035.7	0.00195312
1035.7	-0.00585938
1035.7	0.0117188
1035.7	0.0292969
1035.7	-0.0117188
1035.7	-0.00195312
1035.7	-0.00390625
1035.7	-0.015625
1035.7	-0.0078125
1035.7	0.00390625
1035.7	-0.0078125
1035.7	-0.00585938
1035.7	0.0078125
1035.7	0
1035.7	0.00390625
1035.7	0.0078125
1035.7	-0.00976562
1035.7	-0.00976562
1035.7	-0.0253906
1035.7	-0.00390625
1035.7	-0.00195312
1035.7	0
1035.7	0.0136719
1035.7	0.0117188
1035.7	0
1035.7	0.00976562
1035.7	0.0117188
1035.7	-0.00976562
1035.7	0.00195312
1035.7	0.0136719
1035.7	0.00390625
1035.7	0.0136719
1035.7	-0.00195312
1035.7	0.00976562
1035.7	0.00195312
1035.7	0
1035.7	0
1035.7	-0.0078125
1035.7	0.00390625
1035.7	-0.00390625
1035.7	0.0175781
1035.7	0.0078125
1035.7	0.0136719
1035.7	0.00195312
1035.7	0.0136719
1035.7	0.00585938
1035.7	0
1035.7	0.00390625
1035.7	0.0371094
1035.7	0.00195312
1035.7	0.00976562
1035.7	0.0117188
1035.7	0.0292969
1035.7	0
1035.7	-0.00976562
1035.7	-0.00195312
1035.7	-0.00585938
1035.7	-0.0136719
1035.7	-0.00390625
1035.7	-0.0136719
1035.7	-0.00585938
1035.7	-0.00195312
1035.7	0.0078125
1035.7	0.00976562
1035.7	0.00390625
1035.7	0.015625
1035.7	-0.015625
1035.7	0.015625
1035.7	-0.00585938
1035.7	0.0117188
1035.7	0.0136719
1035.7	-0.0253906
1035.7	-0.00976562
1035.7	0.00195312
1035.7	-0.00390625
1035.7	-0.0117188
1035.7	0.00195312
1035.7	0.015625
1035.7	-0.0078125
1035.7	0.00585938
1035.7	0.00195312
1035.7	0.00390625
1035.7	-0.00195312
1035.7	0.00195312
1035.7	-0.00585938
