1705.86	0.0546875
1705.86	0.0117188
1705.86	0.00195312
1705.86	-0.0136719
1705.86	-0.0117188
1705.86	0.0214844
1705.86	-0.00390625
1705.86	0.0195312
1705.86	0
1705.86	-0.0078125
1705.86	-0.0195312
1705.86	-0.00390625
1705.86	0.0078125
1705.86	-0.0117188
1705.86	-0.0390625
1705.86	0.00195312
1705.86	-0.00390625
1705.86	0.0253906
1705.86	-0.015625
1705.86	-0.015625
1705.86	0.00195312
1705.86	-0.00390625
1705.86	-0.0136719
1705.86	0.0117188
1705.86	0.0175781
1705.86	-0.0078125
1705.86	0.015625
1705.86	-0.0175781
1705.86	-0.00976562
1705.86	-0.00585938
1705.86	0.0078125
1705.86	-0.0175781
1705.86	0.00195312
1705.86	-0.0117188
1705.86	0.00976562
1705.86	-0.0351562
1705.86	0.0078125
1705.86	0
1705.86	0.0117188
1705.86	-0.0195312
1705.86	-0.00390625
1705.86	-0.0214844
1705.86	-0.0214844
1705.86	0.015625
1705.86	-0.00585938
1705.86	0
1705.86	-0.0175781
1705.86	0
1705.86	-0.00390625
1705.86	0.0371094
1705.86	0.0234375
1705.86	-0.00976562
1705.86	-0.0175781
1705.86	-0.0078125
1705.86	-0.00390625
1705.86	-0.0292969
1705.86	0.00585938
1705.86	0
1705.86	-0.00390625
1705.86	0.0175781
1705.86	-0.0117188
1705.86	0.00195312
1705.86	0.0390625
1705.86	0.0078125
1705.86	-0.00976562
1705.86	0.00585938
1705.86	-0.00976562
1705.86	-0.0136719
1705.86	-0.0136719
1705.86	0.00195312
1705.86	0.0117188
1705.86	-0.0136719
1705.86	-0.0390625
1705.86	-0.0117188
1705.86	0.0234375
1705.86	0.0078125
1705.86	-0.0136719
1705.86	-0.0527344
1705.86	-0.0175781
1705.86	0.0214844
1705.86	-0.0136719
1705.86	0.015625
1705.86	-0.00390625
1705.86	0.015625
1705.86	0.00585938
1705.86	0.0078125
1705.86	-0.0214844
1705.86	-0.0273438
1705.86	-0.0175781
1705.86	0.015625
1705.86	-0.0175781
1705.86	-0.00390625
1705.86	0.0273438
1705.86	-0.00195312
1705.86	0.00390625
1705.86	-0.0117188
1705.86	-0.00195312
1705.86	-0.00390625
1705.86	-0.00585938
1705.86	-0.00390625
