992.187	0.03125
992.187	0.00585938
992.187	0.00976562
992.187	-0.00195312
992.187	0.0078125
992.187	-0.0078125
992.187	0.00585938
992.187	0.00976562
992.187	-0.0078125
992.187	0.0117188
992.187	0
992.187	-0.0195312
992.187	0.00390625
992.187	0.00195312
992.187	-0.00195312
992.187	0.00585938
992.187	-0.00585938
992.187	0.00390625
992.187	0.0214844
992.187	-0.0117188
992.187	0.015625
992.187	-0.0117188
992.187	0.00195312
992.187	-0.00390625
992.187	0
992.187	0.00390625
992.187	-0.00976562
992.187	0
992.187	0.0078125
992.187	0.00195312
992.187	-0.015625
992.187	-0.0117188
992.187	0.0136719
992.187	0.00195312
992.187	0.00390625
992.187	0
992.187	0.015625
992.187	0.00585938
992.187	0.00195312
992.187	-0.0117188
992.187	0.00195312
992.187	0.00585938
992.187	0.0117188
992.187	0.00585938
992.187	0.00390625
992.187	-0.00976562
992.187	0.00195312
992.187	-0.015625
992.187	-0.0117188
992.187	0.0195312
992.187	0.00195312
992.187	-0.00585938
992.187	0.0117188
992.187	0.0253906
992.187	0
992.187	0.00390625
992.187	0.0195312
992.187	0.0078125
992.187	0.00585938
992.187	0
992.187	0.00195312
992.187	-0.00390625
992.187	0.0117188
992.187	0.00195312
992.187	0.0117188
992.187	0.00195312
992.187	0.00195312
992.187	0.00390625
992.187	-0.015625
992.187	0.0117188
992.187	0.0214844
992.187	0.00585938
992.187	0.00195312
992.187	-0.00390625
992.187	-0.00976562
992.187	-0.00390625
992.187	-0.00195312
992.187	-0.00390625
992.187	-0.00195312
992.187	-0.0117188
992.187	-0.00195312
992.187	0.00585938
992.187	-0.00585938
992.187	-0.0195312
992.187	-0.0078125
992.187	-0.00976562
992.187	0.00390625
992.187	0.00195312
992.187	0.00585938
992.187	0.0175781
992.187	0.0078125
992.187	0.0078125
992.187	-0.00976562
992.187	-0.0117188
992.187	0.00585938
992.187	0.00195312
992.187	-0.00585938
992.187	-0.00390625
992.187	-0.015625
992.187	0.00195312
