1270.7	0.00390625
1270.7	0.0214844
1270.7	0.0078125
1270.7	0.0390625
1270.7	-0.00585938
1270.7	-0.0234375
1270.7	0.00585938
1270.7	0.0234375
1270.7	0.0117188
1270.7	0.0234375
1270.7	0.00195312
1270.7	0.0273438
1270.7	0.00976562
1270.7	0.0117188
1270.7	-0.00390625
1270.7	0.0136719
1270.7	-0.00390625
1270.7	-0.00585938
1270.7	0.0175781
1270.7	0.00585938
1270.7	-0.0253906
1270.7	0.015625
1270.7	-0.0175781
1270.7	-0.0117188
1270.7	-0.0175781
1270.7	-0.00390625
1270.7	0.0117188
1270.7	0.00390625
1270.7	0.015625
1270.7	-0.00390625
1270.7	-0.0078125
1270.7	0
1270.7	0.0175781
1270.7	0.0234375
1270.7	0.00585938
1270.7	-0.00390625
1270.7	-0.0136719
1270.7	0.00976562
1270.7	0.00390625
1270.7	0.015625
1270.7	0.00390625
1270.7	-0.00390625
1270.7	0.00195312
1270.7	-0.0175781
1270.7	-0.0078125
1270.7	0
1270.7	0
1270.7	0.00195312
1270.7	-0.00585938
1270.7	-0.00195312
1270.7	0
1270.7	-0.0117188
1270.7	0.00585938
1270.7	0.0253906
1270.7	-0.00390625
1270.7	0.0175781
1270.7	-0.0078125
1270.7	-0.0136719
1270.7	-0.00195312
1270.7	0.0195312
1270.7	0.00585938
1270.7	-0.00585938
1270.7	-0.00976562
1270.7	-0.015625
1270.7	0.0117188
1270.7	0.015625
1270.7	-0.0234375
1270.7	0.00585938
1270.7	-0.00195312
1270.7	0.00585938
1270.7	-0.0214844
1270.7	0
1270.7	0.0078125
1270.7	0.0234375
1270.7	0
1270.7	-0.0175781
1270.7	-0.0078125
1270.7	-0.0253906
1270.7	-0.0175781
1270.7	-0.0078125
1270.7	0.0332031
1270.7	0.0175781
1270.7	-0.0214844
1270.7	0.0214844
1270.7	-0.0136719
1270.7	-0.0078125
1270.7	-0.00585938
1270.7	0.0136719
1270.7	-0.0214844
1270.7	0.0078125
1270.7	0.0175781
1270.7	0.00976562
1270.7	-0.00976562
1270.7	0.00195312
1270.7	-0.00195312
1270.7	-0.0175781
1270.7	0.00195312
1270.7	-0.015625
1270.7	0
1270.7	-0.00585938
