1209.77	0.015625
1209.77	-0.00390625
1209.77	-0.00195312
1209.77	-0.00195312
1209.77	-0.00195312
1209.77	0
1209.77	0.00585938
1209.77	-0.00976562
1209.77	-0.00585938
1209.77	0.0136719
1209.77	-0.0117188
1209.77	0.00585938
1209.77	0.0175781
1209.77	0.0175781
1209.77	0.0175781
1209.77	-0.0117188
1209.77	-0.0175781
1209.77	-0.0214844
1209.77	-0.0078125
1209.77	-0.0234375
1209.77	-0.00976562
1209.77	-0.00195312
1209.77	-0.00390625
1209.77	0.00195312
1209.77	0.0214844
1209.77	0.00585938
1209.77	0.00195312
1209.77	-0.00195312
1209.77	0.0195312
1209.77	0.0136719
1209.77	-0.0195312
1209.77	0.00390625
1209.77	0.0078125
1209.77	0.00976562
1209.77	0.015625
1209.77	-0.015625
1209.77	-0.0175781
1209.77	0.00976562
1209.77	-0.015625
1209.77	0.0136719
1209.77	-0.00390625
1209.77	-0.00976562
1209.77	-0.00585938
1209.77	0.00585938
1209.77	-0.00585938
1209.77	0.0136719
1209.77	0.00585938
1209.77	0.00390625
1209.77	-0.0136719
1209.77	-0.0195312
1209.77	0.00390625
1209.77	-0.00976562
1209.77	-0.0175781
1209.77	-0.0195312
1209.77	-0.00390625
1209.77	0.0234375
1209.77	0.0078125
1209.77	-0.00390625
1209.77	0
1209.77	-0.00976562
1209.77	0.0175781
1209.77	0
1209.77	0
1209.77	-0.0175781
1209.77	0
1209.77	-0.03125
1209.77	0.0136719
1209.77	0.0273438
1209.77	-0.00195312
1209.77	-0.0117188
1209.77	-0.00390625
1209.77	-0.0175781
1209.77	0.00585938
1209.77	0.0117188
1209.77	-0.0117188
1209.77	0.00390625
1209.77	-0.00390625
1209.77	-0.0117188
1209.77	-0.0175781
1209.77	0.00195312
1209.77	-0.0117188
1209.77	0.0214844
1209.77	0.00976562
1209.77	0.0117188
1209.77	0.00195312
1209.77	0.00195312
1209.77	0.015625
1209.77	-0.00390625
1209.77	0.00585938
1209.77	0.00195312
1209.77	0.00390625
1209.77	-0.0117188
1209.77	0.0078125
1209.77	-0.00585938
1209.77	-0.0332031
1209.77	-0.015625
1209.77	0.00390625
1209.77	0.00195312
1209.77	0.00976562
1209.77	0.00195312
