1131.44	0.0078125
1131.44	0.00195312
1131.44	-0.0117188
1131.44	-0.0214844
1131.44	0.00976562
1131.44	0.0117188
1131.44	-0.0195312
1131.44	-0.0195312
1131.44	0
1131.44	0.0078125
1131.44	0.00585938
1131.44	-0.0175781
1131.44	0.00390625
1131.44	0.0136719
1131.44	0.0136719
1131.44	0.0136719
1131.44	0.0136719
1131.44	-0.00390625
1131.44	0.0078125
1131.44	-0.0078125
1131.44	-0.00585938
1131.44	0.00195312
1131.44	-0.00390625
1131.44	-0.00390625
1131.44	0.00195312
1131.44	-0.00585938
1131.44	-0.0136719
1131.44	0.00390625
1131.44	0.0078125
1131.44	0
1131.44	-0.00585938
1131.44	0.00195312
1131.44	0.0078125
1131.44	-0.015625
1131.44	0
1131.44	0.00195312
1131.44	-0.00976562
1131.44	0.00195312
1131.44	-0.00195312
1131.44	0
1131.44	-0.0078125
1131.44	0
1131.44	-0.00585938
1131.44	0.0136719
1131.44	0.0078125
1131.44	0.0253906
1131.44	0.00585938
1131.44	0.00195312
1131.44	0
1131.44	-0.015625
1131.44	0.00195312
1131.44	-0.00390625
1131.44	0.00390625
1131.44	0.0078125
1131.44	-0.015625
1131.44	0.00390625
1131.44	-0.00390625
1131.44	-0.00195312
1131.44	-0.00390625
1131.44	-0.0117188
1131.44	0.00976562
1131.44	-0.0078125
1131.44	0
1131.44	0.0175781
1131.44	0.00976562
1131.44	0.00585938
1131.44	-0.0136719
1131.44	-0.0136719
1131.44	-0.0078125
1131.44	-0.00585938
1131.44	-0.00390625
1131.44	0.00195312
1131.44	0.0078125
1131.44	0.00390625
1131.44	0.00195312
1131.44	0.00195312
1131.44	0.00585938
1131.44	0.0253906
1131.44	0.0136719
1131.44	0.0117188
1131.44	-0.00390625
1131.44	-0.00195312
1131.44	0.00390625
1131.44	0
1131.44	-0.00390625
1131.44	0.0078125
1131.44	0.00585938
1131.44	0
1131.44	0
1131.44	-0.0078125
1131.44	-0.0117188
1131.44	-0.00976562
1131.44	-0.0078125
1131.44	-0.0117188
1131.44	0.0117188
1131.44	0.00390625
1131.44	0.0117188
1131.44	-0.0195312
1131.44	-0.00195312
1131.44	-0.0078125
