1349.03	0.015625
1349.03	0.015625
1349.03	0.00390625
1349.03	0.00585938
1349.03	0.00195312
1349.03	-0.00390625
1349.03	0.0078125
1349.03	-0.00195312
1349.03	-0.00585938
1349.03	-0.00390625
1349.03	-0.00976562
1349.03	0.00585938
1349.03	-0.0078125
1349.03	0
1349.03	0.00390625
1349.03	-0.0195312
1349.03	0.00195312
1349.03	0.00390625
1349.03	0.00390625
1349.03	0.00390625
1349.03	0.00195312
1349.03	-0.00195312
1349.03	0.0195312
1349.03	0.0078125
1349.03	-0.00390625
1349.03	-0.0332031
1349.03	0.0175781
1349.03	0.00195312
1349.03	-0.00585938
1349.03	-0.0117188
1349.03	0.0234375
1349.03	-0.015625
1349.03	-0.0136719
1349.03	-0.0214844
1349.03	-0.00976562
1349.03	0.0136719
1349.03	0.00976562
1349.03	0
1349.03	0.0136719
1349.03	-0.00976562
1349.03	0.015625
1349.03	-0.0078125
1349.03	0.0214844
1349.03	0.00585938
1349.03	-0.0078125
1349.03	0.015625
1349.03	-0.00585938
1349.03	-0.00976562
1349.03	0.00195312
1349.03	-0.00585938
1349.03	0.015625
1349.03	-0.00195312
1349.03	0.0078125
1349.03	0.0234375
1349.03	-0.0136719
1349.03	0
1349.03	0.00585938
1349.03	-0.00585938
1349.03	-0.00195312
1349.03	-0.00195312
1349.03	-0.00195312
1349.03	-0.00976562
1349.03	-0.00585938
1349.03	0.00195312
1349.03	-0.0136719
1349.03	0.015625
1349.03	0.0214844
1349.03	-0.015625
1349.03	0.0175781
1349.03	-0.0078125
1349.03	-0.00195312
1349.03	-0.00390625
1349.03	0.00390625
1349.03	0
1349.03	-0.00390625
1349.03	0
1349.03	-0.0136719
1349.03	-0.0117188
1349.03	0
1349.03	-0.0117188
1349.03	-0.015625
1349.03	0.00390625
1349.03	0.0136719
1349.03	-0.0078125
1349.03	-0.0078125
1349.03	0.00976562
1349.03	-0.00585938
1349.03	-0.0117188
1349.03	0.00390625
1349.03	-0.0078125
1349.03	-0.00976562
1349.03	-0.00976562
1349.03	0.0371094
1349.03	0.0253906
1349.03	-0.00976562
1349.03	-0.0117188
1349.03	-0.00195312
1349.03	-0.00390625
1349.03	-0.00585938
1349.03	0.00976562
