1235.88	0.0351562
1235.88	-0.00976562
1235.88	0.015625
1235.88	0
1235.88	-0.0078125
1235.88	-0.0078125
1235.88	-0.00390625
1235.88	-0.00390625
1235.88	0.0136719
1235.88	-0.0214844
1235.88	-0.0175781
1235.88	0
1235.88	-0.0078125
1235.88	0.0078125
1235.88	-0.00585938
1235.88	-0.0078125
1235.88	0.00195312
1235.88	-0.0214844
1235.88	0.00585938
1235.88	0.00390625
1235.88	-0.00195312
1235.88	0.00390625
1235.88	0.00195312
1235.88	-0.0234375
1235.88	0.015625
1235.88	-0.0078125
1235.88	0.00585938
1235.88	0.0117188
1235.88	-0.00195312
1235.88	0
1235.88	-0.00390625
1235.88	0.00585938
1235.88	-0.0273438
1235.88	0.00390625
1235.88	0.0175781
1235.88	0.0078125
1235.88	-0.0078125
1235.88	0.0253906
1235.88	0.00390625
1235.88	0.0136719
1235.88	-0.0117188
1235.88	-0.00976562
1235.88	0.015625
1235.88	0
1235.88	0.00976562
1235.88	-0.00390625
1235.88	-0.0175781
1235.88	0.00585938
1235.88	0.0273438
1235.88	0.00976562
1235.88	0.00585938
1235.88	-0.00976562
1235.88	-0.0078125
1235.88	-0.0078125
1235.88	-0.00585938
1235.88	0.0136719
1235.88	0.00585938
1235.88	0.0078125
1235.88	-0.015625
1235.88	0
1235.88	-0.0078125
1235.88	0.015625
1235.88	-0.0195312
1235.88	0.00390625
1235.88	-0.00390625
1235.88	-0.0175781
1235.88	-0.00585938
1235.88	0.0175781
1235.88	0.015625
1235.88	-0.0136719
1235.88	0
1235.88	0.00195312
1235.88	-0.00585938
1235.88	0.0136719
1235.88	0.00195312
1235.88	-0.0117188
1235.88	-0.0078125
1235.88	-0.00976562
1235.88	0.0136719
1235.88	0
1235.88	-0.0117188
1235.88	-0.00976562
1235.88	-0.0078125
1235.88	-0.00195312
1235.88	-0.0117188
1235.88	-0.0117188
1235.88	0.00976562
1235.88	0.0175781
1235.88	-0.0175781
1235.88	0.046875
1235.88	0.0117188
1235.88	0.0117188
1235.88	0.00585938
1235.88	-0.00976562
1235.88	-0.0078125
1235.88	0.00390625
1235.88	0.00195312
1235.88	-0.00976562
1235.88	0
1235.88	-0.0078125
