887.746	0.00390625
887.746	0
887.746	0.0214844
887.746	-0.0078125
887.746	0
887.746	0.0078125
887.746	0.00585938
887.746	0.0136719
887.746	-0.00390625
887.746	0.0117188
887.746	-0.015625
887.746	-0.0078125
887.746	0.00976562
887.746	0.00976562
887.746	0.00195312
887.746	0.00585938
887.746	-0.0078125
887.746	-0.0253906
887.746	-0.0195312
887.746	0.00585938
887.746	-0.0195312
887.746	0.00585938
887.746	-0.00976562
887.746	-0.00195312
887.746	0.0195312
887.746	0.00195312
887.746	0.00585938
887.746	0.0175781
887.746	0.00585938
887.746	-0.00976562
887.746	0.00195312
887.746	-0.0136719
887.746	-0.0078125
887.746	-0.0078125
887.746	0.00195312
887.746	0
887.746	-0.00390625
887.746	-0.00390625
887.746	0
887.746	0.00195312
887.746	0.00195312
887.746	0.0078125
887.746	-0.00585938
887.746	-0.00585938
887.746	-0.0136719
887.746	0.00195312
887.746	0.00390625
887.746	0
887.746	-0.00195312
887.746	0.00390625
887.746	0.00195312
887.746	-0.00390625
887.746	0.015625
887.746	0.00976562
887.746	0.0078125
887.746	-0.00390625
887.746	0.00585938
887.746	0.00390625
887.746	-0.00390625
887.746	-0.0078125
887.746	-0.00976562
887.746	-0.00195312
887.746	-0.00585938
887.746	-0.00195312
887.746	0
887.746	-0.00585938
887.746	0.00390625
887.746	0.00976562
887.746	-0.00585938
887.746	-0.0078125
887.746	-0.00585938
887.746	-0.00390625
887.746	0.00390625
887.746	0.0136719
887.746	0.00195312
887.746	0
887.746	-0.00195312
887.746	-0.00195312
887.746	0.00976562
887.746	0.00585938
887.746	-0.00390625
887.746	-0.0136719
887.746	-0.00585938
887.746	0
887.746	-0.00976562
887.746	0.00195312
887.746	-0.00390625
887.746	0
887.746	0
887.746	0
887.746	0.00585938
887.746	-0.00390625
887.746	-0.0175781
887.746	0.00390625
887.746	0.00195312
887.746	-0.00195312
887.746	0.00976562
887.746	0
887.746	0.0078125
887.746	0.0195312
