1192.36	0.0292969
1192.36	-0.0117188
1192.36	0.0175781
1192.36	-0.0195312
1192.36	-0.0175781
1192.36	0.0214844
1192.36	0.00390625
1192.36	-0.00585938
1192.36	-0.0195312
1192.36	-0.0175781
1192.36	0.0273438
1192.36	0.0117188
1192.36	-0.015625
1192.36	-0.00390625
1192.36	-0.00195312
1192.36	0.00390625
1192.36	-0.0117188
1192.36	0.00976562
1192.36	-0.0253906
1192.36	-0.00976562
1192.36	-0.00390625
1192.36	-0.0136719
1192.36	-0.00390625
1192.36	0.00195312
1192.36	0
1192.36	-0.00976562
1192.36	-0.0253906
1192.36	0.00195312
1192.36	0.015625
1192.36	0.0292969
1192.36	0.0175781
1192.36	0.015625
1192.36	-0.00976562
1192.36	-0.00195312
1192.36	-0.0292969
1192.36	-0.015625
1192.36	-0.00585938
1192.36	0.00195312
1192.36	-0.0078125
1192.36	-0.00976562
1192.36	-0.015625
1192.36	0
1192.36	-0.00390625
1192.36	0.00585938
1192.36	0
1192.36	0.00976562
1192.36	0.0117188
1192.36	0.0117188
1192.36	0.00390625
1192.36	-0.0175781
1192.36	0.00585938
1192.36	-0.0117188
1192.36	0.00195312
1192.36	0.00195312
1192.36	0.015625
1192.36	0.00976562
1192.36	0
1192.36	-0.00195312
1192.36	-0.00195312
1192.36	0.00976562
1192.36	-0.0136719
1192.36	0.00976562
1192.36	0
1192.36	-0.00976562
1192.36	0.0175781
1192.36	-0.0117188
1192.36	-0.0117188
1192.36	-0.00390625
1192.36	-0.00585938
1192.36	0.0078125
1192.36	-0.00585938
1192.36	0.0078125
1192.36	0.00195312
1192.36	-0.00390625
1192.36	0.0214844
1192.36	0.0214844
1192.36	0.00390625
1192.36	-0.00976562
1192.36	-0.00585938
1192.36	-0.00195312
1192.36	-0.00390625
1192.36	-0.0117188
1192.36	-0.00390625
1192.36	-0.00195312
1192.36	0.0078125
1192.36	0.00585938
1192.36	-0.00390625
1192.36	0
1192.36	-0.00585938
1192.36	-0.0234375
1192.36	0.0117188
1192.36	0.015625
1192.36	0
1192.36	0.00195312
1192.36	0.0078125
1192.36	-0.00195312
1192.36	-0.0078125
1192.36	0
1192.36	-0.00195312
1192.36	0.00585938
