1157.55	0.0253906
1157.55	0.0136719
1157.55	0.0136719
1157.55	-0.0195312
1157.55	0
1157.55	-0.0371094
1157.55	0.00585938
1157.55	-0.00390625
1157.55	0
1157.55	-0.0214844
1157.55	0.00390625
1157.55	0.015625
1157.55	-0.0117188
1157.55	-0.00390625
1157.55	0.00390625
1157.55	-0.00585938
1157.55	-0.00195312
1157.55	-0.0117188
1157.55	-0.00390625
1157.55	-0.00976562
1157.55	-0.0117188
1157.55	0.00390625
1157.55	0.00585938
1157.55	0.00390625
1157.55	-0.00585938
1157.55	0.00585938
1157.55	0.00585938
1157.55	-0.0136719
1157.55	-0.00585938
1157.55	-0.00195312
1157.55	-0.0136719
1157.55	0.0078125
1157.55	0
1157.55	-0.00390625
1157.55	-0.0078125
1157.55	0.00390625
1157.55	-0.015625
1157.55	-0.0136719
1157.55	0.00976562
1157.55	0.00390625
1157.55	0
1157.55	0.00976562
1157.55	0.0078125
1157.55	0.00585938
1157.55	0
1157.55	-0.00585938
1157.55	-0.00390625
1157.55	-0.00195312
1157.55	0.00195312
1157.55	-0.0117188
1157.55	-0.0078125
1157.55	-0.0136719
1157.55	0.00976562
1157.55	-0.00976562
1157.55	-0.00976562
1157.55	0.015625
1157.55	-0.00195312
1157.55	-0.00390625
1157.55	-0.00195312
1157.55	0.0195312
1157.55	0.0195312
1157.55	0.0078125
1157.55	0.0136719
1157.55	0.0136719
1157.55	-0.0117188
1157.55	-0.0078125
1157.55	-0.0175781
1157.55	-0.00976562
1157.55	-0.0078125
1157.55	0.015625
1157.55	-0.0078125
1157.55	-0.00390625
1157.55	-0.0117188
1157.55	0.0136719
1157.55	0.00585938
1157.55	-0.00390625
1157.55	0.00585938
1157.55	-0.0214844
1157.55	-0.00585938
1157.55	0.0078125
1157.55	-0.00195312
1157.55	0.00195312
1157.55	-0.0078125
1157.55	0.00585938
1157.55	-0.00390625
1157.55	-0.00976562
1157.55	-0.0117188
1157.55	-0.00195312
1157.55	0.0175781
1157.55	-0.00390625
1157.55	-0.00390625
1157.55	0.0078125
1157.55	0
1157.55	0.0078125
1157.55	-0.00390625
1157.55	-0.00195312
1157.55	0.0117188
1157.55	-0.0234375
1157.55	0
1157.55	0.00195312
