905.153	0.0332031
905.153	-0.0136719
905.153	-0.00195312
905.153	0.00390625
905.153	0.00585938
905.153	-0.00195312
905.153	-0.00585938
905.153	-0.00195312
905.153	0.015625
905.153	0.0195312
905.153	-0.0136719
905.153	0.0078125
905.153	0
905.153	0.0078125
905.153	0
905.153	-0.0117188
905.153	0.0078125
905.153	0.00585938
905.153	-0.00390625
905.153	-0.00585938
905.153	-0.00195312
905.153	0.00195312
905.153	0.0136719
905.153	-0.00195312
905.153	0.00195312
905.153	0.00585938
905.153	0
905.153	0.00585938
905.153	-0.0117188
905.153	0
905.153	0
905.153	0.00976562
905.153	-0.0078125
905.153	-0.0078125
905.153	0.0117188
905.153	0
905.153	-0.00585938
905.153	-0.00585938
905.153	0.00195312
905.153	-0.00195312
905.153	0.00390625
905.153	0.00585938
905.153	-0.00585938
905.153	-0.00976562
905.153	-0.00195312
905.153	-0.00195312
905.153	0
905.153	0.00976562
905.153	0.0136719
905.153	0.00976562
905.153	0.00195312
905.153	-0.00195312
905.153	0.00585938
905.153	-0.00976562
905.153	0.00585938
905.153	-0.0078125
905.153	0.00195312
905.153	-0.00976562
905.153	0.00195312
905.153	0
905.153	-0.00195312
905.153	0.00390625
905.153	0.00195312
905.153	0.00585938
905.153	0.00195312
905.153	0.00195312
905.153	0.0078125
905.153	0.0195312
905.153	0.00585938
905.153	0.00585938
905.153	0.00390625
905.153	0.0117188
905.153	-0.00976562
905.153	-0.00976562
905.153	0.00195312
905.153	0
905.153	-0.00390625
905.153	0.0117188
905.153	0.00976562
905.153	0.0117188
905.153	0.00390625
905.153	0.00585938
905.153	0.00195312
905.153	-0.00195312
905.153	0.00585938
905.153	-0.00585938
905.153	-0.00976562
905.153	0.00195312
905.153	0.00585938
905.153	0.00585938
905.153	-0.00390625
905.153	0.0078125
905.153	-0.00195312
905.153	-0.0136719
905.153	-0.00390625
905.153	-0.00195312
905.153	0.00195312
905.153	-0.0117188
905.153	-0.00390625
905.153	0.00390625
