1148.85	0.0273438
1148.85	0.00585938
1148.85	-0.00976562
1148.85	0.00195312
1148.85	0.0136719
1148.85	0.00585938
1148.85	-0.00585938
1148.85	0.0214844
1148.85	0.00976562
1148.85	0.0175781
1148.85	-0.0078125
1148.85	-0.00195312
1148.85	-0.00976562
1148.85	-0.0136719
1148.85	0.00976562
1148.85	-0.00195312
1148.85	-0.00585938
1148.85	0.0175781
1148.85	-0.0175781
1148.85	-0.00390625
1148.85	-0.015625
1148.85	-0.0175781
1148.85	-0.0136719
1148.85	0
1148.85	-0.00195312
1148.85	-0.00585938
1148.85	-0.00585938
1148.85	-0.00585938
1148.85	-0.015625
1148.85	0.00585938
1148.85	0
1148.85	-0.0078125
1148.85	0.00195312
1148.85	0
1148.85	0.00976562
1148.85	-0.0117188
1148.85	-0.00195312
1148.85	-0.015625
1148.85	-0.0253906
1148.85	-0.00390625
1148.85	0.00195312
1148.85	-0.0117188
1148.85	-0.00585938
1148.85	-0.00585938
1148.85	0.00390625
1148.85	-0.00390625
1148.85	0.0195312
1148.85	0.00195312
1148.85	0.0195312
1148.85	-0.00585938
1148.85	0.00585938
1148.85	0.00585938
1148.85	-0.0253906
1148.85	-0.0078125
1148.85	0
1148.85	0.00976562
1148.85	0.0136719
1148.85	0.00390625
1148.85	-0.00195312
1148.85	0.0136719
1148.85	-0.00390625
1148.85	0.00195312
1148.85	-0.0136719
1148.85	0.00976562
1148.85	-0.00195312
1148.85	0.00390625
1148.85	0.0078125
1148.85	0.00195312
1148.85	-0.00390625
1148.85	0.00390625
1148.85	0.00195312
1148.85	-0.0175781
1148.85	-0.0117188
1148.85	0.00976562
1148.85	-0.0117188
1148.85	0.0078125
1148.85	-0.00390625
1148.85	-0.0214844
1148.85	0.00585938
1148.85	0.015625
1148.85	0
1148.85	0.00976562
1148.85	0
1148.85	0.00195312
1148.85	-0.015625
1148.85	-0.00195312
1148.85	0
1148.85	-0.00195312
1148.85	0.0078125
1148.85	-0.00585938
1148.85	-0.00585938
1148.85	0.0234375
1148.85	0.0078125
1148.85	-0.00390625
1148.85	0.0175781
1148.85	0.00585938
1148.85	0.0078125
1148.85	0.0234375
1148.85	0.0136719
1148.85	0.0136719
