1244.58	0.00195312
1244.58	0.0136719
1244.58	0.03125
1244.58	0.015625
1244.58	-0.00976562
1244.58	-0.0117188
1244.58	0.00390625
1244.58	0.00390625
1244.58	-0.0136719
1244.58	0.0214844
1244.58	0
1244.58	0.00585938
1244.58	0.00390625
1244.58	0.0195312
1244.58	0.0273438
1244.58	-0.00585938
1244.58	0.00390625
1244.58	-0.0195312
1244.58	-0.0117188
1244.58	-0.0136719
1244.58	0.0253906
1244.58	0.0214844
1244.58	-0.0078125
1244.58	-0.0078125
1244.58	-0.00976562
1244.58	0.0136719
1244.58	0.0136719
1244.58	0.0175781
1244.58	0.0078125
1244.58	0.00195312
1244.58	-0.0136719
1244.58	-0.0078125
1244.58	-0.00390625
1244.58	0.0117188
1244.58	0.00976562
1244.58	0
1244.58	0.00390625
1244.58	0.0175781
1244.58	-0.0117188
1244.58	0.0136719
1244.58	0.0117188
1244.58	0.00976562
1244.58	-0.00976562
1244.58	-0.0078125
1244.58	-0.0117188
1244.58	-0.0136719
1244.58	-0.0136719
1244.58	0.00585938
1244.58	0.00585938
1244.58	0.00195312
1244.58	0.00976562
1244.58	0.00195312
1244.58	-0.0078125
1244.58	0.00195312
1244.58	0
1244.58	0.0195312
1244.58	0.00195312
1244.58	-0.00976562
1244.58	-0.00585938
1244.58	0.00976562
1244.58	0.00585938
1244.58	0.015625
1244.58	-0.0175781
1244.58	-0.0117188
1244.58	0.0253906
1244.58	0.00976562
1244.58	0.00585938
1244.58	0.0136719
1244.58	0.00976562
1244.58	-0.0332031
1244.58	-0.015625
1244.58	-0.0078125
1244.58	0.00585938
1244.58	-0.00585938
1244.58	-0.00976562
1244.58	-0.0117188
1244.58	0.0175781
1244.58	0.0117188
1244.58	0.03125
1244.58	0.015625
1244.58	0.0136719
1244.58	0
1244.58	0.0078125
1244.58	0.0136719
1244.58	0.00585938
1244.58	0.00976562
1244.58	0.00195312
1244.58	0.0136719
1244.58	0.0175781
1244.58	-0.00976562
1244.58	-0.015625
1244.58	-0.00195312
1244.58	-0.00585938
1244.58	0.00585938
1244.58	-0.00585938
1244.58	-0.00390625
1244.58	-0.00390625
1244.58	0.0117188
1244.58	0.00585938
1244.58	-0.00585938
