1140.14	0.015625
1140.14	-0.00585938
1140.14	0.00976562
1140.14	0.0117188
1140.14	0.00976562
1140.14	-0.0175781
1140.14	-0.0117188
1140.14	0.0117188
1140.14	0.00195312
1140.14	-0.00195312
1140.14	-0.0117188
1140.14	0
1140.14	0.00976562
1140.14	0.0078125
1140.14	0.00195312
1140.14	-0.0117188
1140.14	-0.00195312
1140.14	0.00976562
1140.14	-0.00585938
1140.14	0.00195312
1140.14	-0.00195312
1140.14	0
1140.14	-0.015625
1140.14	0.00195312
1140.14	0.00585938
1140.14	0.0117188
1140.14	0.0078125
1140.14	0
1140.14	-0.0078125
1140.14	0.00195312
1140.14	0.00390625
1140.14	0.00585938
1140.14	0.00390625
1140.14	-0.00390625
1140.14	0.00585938
1140.14	-0.0078125
1140.14	-0.0078125
1140.14	-0.0078125
1140.14	0.0078125
1140.14	0.0078125
1140.14	0.00585938
1140.14	-0.0117188
1140.14	-0.00585938
1140.14	0.00976562
1140.14	-0.0175781
1140.14	0.00195312
1140.14	0.0117188
1140.14	0.00195312
1140.14	0.00585938
1140.14	0
1140.14	0.0195312
1140.14	0.0117188
1140.14	-0.00585938
1140.14	-0.0273438
1140.14	0.00585938
1140.14	-0.0136719
1140.14	-0.00585938
1140.14	0.00390625
1140.14	-0.00195312
1140.14	-0.0136719
1140.14	0.00585938
1140.14	-0.00390625
1140.14	-0.00195312
1140.14	-0.0136719
1140.14	-0.0117188
1140.14	0
1140.14	-0.00390625
1140.14	-0.0078125
1140.14	0.00585938
1140.14	0
1140.14	-0.0078125
1140.14	0.00390625
1140.14	-0.0175781
1140.14	-0.00390625
1140.14	-0.0078125
1140.14	-0.00195312
1140.14	-0.0273438
1140.14	-0.00585938
1140.14	-0.015625
1140.14	0.00390625
1140.14	-0.0117188
1140.14	0.00585938
1140.14	0.0117188
1140.14	-0.00976562
1140.14	-0.015625
1140.14	0.00976562
1140.14	-0.00195312
1140.14	-0.015625
1140.14	0.0078125
1140.14	-0.0117188
1140.14	-0.00390625
1140.14	-0.0078125
1140.14	0
1140.14	0.00585938
1140.14	0.00976562
1140.14	-0.00585938
1140.14	0.00585938
1140.14	0
1140.14	0.0136719
1140.14	-0.0078125
