1479.58	0.0234375
1479.58	0.0449219
1479.58	-0.0292969
1479.58	-0.015625
1479.58	-0.00976562
1479.58	0.0195312
1479.58	-0.0078125
1479.58	0.0136719
1479.58	0.0078125
1479.58	-0.0117188
1479.58	-0.0273438
1479.58	0.00195312
1479.58	-0.0292969
1479.58	0.015625
1479.58	-0.00195312
1479.58	0.0078125
1479.58	-0.00390625
1479.58	0.00585938
1479.58	-0.0175781
1479.58	0.00390625
1479.58	0.0136719
1479.58	0.0078125
1479.58	0.0273438
1479.58	0.00585938
1479.58	0.0175781
1479.58	0.0214844
1479.58	-0.0175781
1479.58	-0.0351562
1479.58	-0.00390625
1479.58	0.0078125
1479.58	-0.0078125
1479.58	-0.0214844
1479.58	0.0195312
1479.58	0
1479.58	-0.00585938
1479.58	-0.0175781
1479.58	-0.00195312
1479.58	-0.0292969
1479.58	0.0136719
1479.58	0.0214844
1479.58	0.0195312
1479.58	0.03125
1479.58	0.00195312
1479.58	0.0078125
1479.58	-0.00195312
1479.58	0.0214844
1479.58	-0.00390625
1479.58	-0.00390625
1479.58	-0.0136719
1479.58	-0.0136719
1479.58	-0.015625
1479.58	-0.00195312
1479.58	-0.00390625
1479.58	0
1479.58	0.0117188
1479.58	0
1479.58	-0.0175781
1479.58	-0.00390625
1479.58	-0.0136719
1479.58	0.00390625
1479.58	0.0273438
1479.58	0
1479.58	-0.0117188
1479.58	0.0078125
1479.58	0.0390625
1479.58	-0.0234375
1479.58	-0.00976562
1479.58	0.0078125
1479.58	0.0175781
1479.58	0.00390625
1479.58	-0.0078125
1479.58	-0.0292969
1479.58	0.00976562
1479.58	0.0253906
1479.58	0.00390625
1479.58	-0.00195312
1479.58	0.0253906
1479.58	-0.0078125
1479.58	0.00390625
1479.58	-0.00585938
1479.58	0.0136719
1479.58	0.0214844
1479.58	0.0175781
1479.58	-0.0332031
1479.58	0.0078125
1479.58	0.00585938
1479.58	-0.00195312
1479.58	0.0292969
1479.58	-0.00585938
1479.58	-0.00195312
1479.58	-0.0175781
1479.58	0.00585938
1479.58	-0.00390625
1479.58	0.0234375
1479.58	0.00585938
1479.58	-0.0117188
1479.58	0.00585938
1479.58	0.0214844
1479.58	-0.0136719
1479.58	0.0253906
