1714.57	0.00195312
1714.57	-0.0136719
1714.57	0.00585938
1714.57	0.00390625
1714.57	-0.00976562
1714.57	-0.0078125
1714.57	0.015625
1714.57	-0.046875
1714.57	-0.0253906
1714.57	-0.00195312
1714.57	0.00585938
1714.57	0.0175781
1714.57	-0.03125
1714.57	-0.015625
1714.57	-0.0195312
1714.57	0.0195312
1714.57	0.0195312
1714.57	0.0292969
1714.57	-0.00585938
1714.57	-0.00390625
1714.57	0.0292969
1714.57	-0.0214844
1714.57	0
1714.57	-0.0214844
1714.57	0.0234375
1714.57	-0.0078125
1714.57	0.0253906
1714.57	0.0214844
1714.57	-0.0234375
1714.57	0.00195312
1714.57	-0.0234375
1714.57	0.0078125
1714.57	0.00976562
1714.57	0.0273438
1714.57	-0.0175781
1714.57	0.00976562
1714.57	0.0214844
1714.57	0.0253906
1714.57	0.0253906
1714.57	-0.0214844
1714.57	0.00585938
1714.57	0.0292969
1714.57	-0.03125
1714.57	-0.0390625
1714.57	0
1714.57	0.0136719
1714.57	-0.0136719
1714.57	-0.00195312
1714.57	0.0175781
1714.57	0.0253906
1714.57	-0.0175781
1714.57	0.0117188
1714.57	0.0117188
1714.57	-0.0371094
1714.57	0.0253906
1714.57	-0.0273438
1714.57	0.0214844
1714.57	0.0136719
1714.57	-0.0332031
1714.57	-0.0273438
1714.57	-0.0117188
1714.57	-0.00390625
1714.57	0.0253906
1714.57	-0.00390625
1714.57	0.00195312
1714.57	-0.00390625
1714.57	0.00195312
1714.57	0.00585938
1714.57	0.00195312
1714.57	0.00195312
1714.57	0.015625
1714.57	-0.0214844
1714.57	-0.00976562
1714.57	-0.0136719
1714.57	0.00195312
1714.57	0.0136719
1714.57	0.00195312
1714.57	-0.00195312
1714.57	0.00585938
1714.57	0.00195312
1714.57	0.00585938
1714.57	0
1714.57	0.0117188
1714.57	0.0214844
1714.57	0.0292969
1714.57	0.0078125
1714.57	0.0175781
1714.57	0.0195312
1714.57	0
1714.57	-0.015625
1714.57	0
1714.57	0.0195312
1714.57	0
1714.57	-0.0117188
1714.57	0.0117188
1714.57	-0.00976562
1714.57	-0.00976562
1714.57	-0.0117188
1714.57	0.0175781
1714.57	0.0175781
