1357.73	-0.0078125
1357.73	-0.00195312
1357.73	0.00585938
1357.73	0.0078125
1357.73	0.0117188
1357.73	0.00195312
1357.73	-0.0253906
1357.73	0.015625
1357.73	0.0078125
1357.73	0.00585938
1357.73	0.00390625
1357.73	0.015625
1357.73	-0.015625
1357.73	0.00390625
1357.73	0.00976562
1357.73	0.00585938
1357.73	0
1357.73	-0.0292969
1357.73	-0.015625
1357.73	0.00976562
1357.73	-0.015625
1357.73	0.0117188
1357.73	0.00195312
1357.73	0.0234375
1357.73	0.0214844
1357.73	0.00195312
1357.73	-0.0136719
1357.73	0.00976562
1357.73	-0.00195312
1357.73	-0.00390625
1357.73	-0.0234375
1357.73	0.0234375
1357.73	-0.0078125
1357.73	-0.0332031
1357.73	0.00976562
1357.73	-0.00976562
1357.73	-0.0117188
1357.73	0.0273438
1357.73	0.00585938
1357.73	-0.00195312
1357.73	-0.0117188
1357.73	-0.015625
1357.73	-0.00585938
1357.73	-0.00585938
1357.73	0
1357.73	-0.0136719
1357.73	0.0136719
1357.73	-0.00976562
1357.73	-0.03125
1357.73	0.00585938
1357.73	0.00390625
1357.73	-0.0078125
1357.73	0
1357.73	-0.015625
1357.73	-0.00585938
1357.73	-0.00390625
1357.73	0.0117188
1357.73	0.00390625
1357.73	0.00976562
1357.73	-0.00195312
1357.73	-0.0234375
1357.73	-0.00390625
1357.73	0.015625
1357.73	0.0078125
1357.73	-0.0117188
1357.73	0.00585938
1357.73	0.00195312
1357.73	-0.00976562
1357.73	-0.00585938
1357.73	-0.00390625
1357.73	-0.0136719
1357.73	0.00976562
1357.73	-0.0234375
1357.73	-0.0273438
1357.73	0.0214844
1357.73	0.0117188
1357.73	-0.00976562
1357.73	0.0136719
1357.73	-0.0332031
1357.73	0
1357.73	0
1357.73	0.00585938
1357.73	0.00976562
1357.73	0.00585938
1357.73	-0.00976562
1357.73	-0.0136719
1357.73	0.00390625
1357.73	0.0117188
1357.73	-0.00976562
1357.73	-0.015625
1357.73	-0.00390625
1357.73	-0.00585938
1357.73	-0.0214844
1357.73	0.00585938
1357.73	-0.00585938
1357.73	0.0175781
1357.73	0.00585938
1357.73	-0.0117188
1357.73	0.00976562
1357.73	-0.00585938
