1375.14	-0.00195312
1375.14	-0.0136719
1375.14	0.0175781
1375.14	-0.0195312
1375.14	0.0292969
1375.14	0.0078125
1375.14	-0.00195312
1375.14	0.0136719
1375.14	-0.00390625
1375.14	-0.00976562
1375.14	0.046875
1375.14	0.00195312
1375.14	0.00390625
1375.14	-0.00585938
1375.14	0.015625
1375.14	0.00976562
1375.14	-0.0117188
1375.14	-0.0078125
1375.14	0
1375.14	-0.0117188
1375.14	0.0175781
1375.14	0.0078125
1375.14	-0.0175781
1375.14	-0.0175781
1375.14	0.0292969
1375.14	-0.00390625
1375.14	0.0078125
1375.14	-0.00390625
1375.14	0.00585938
1375.14	-0.0136719
1375.14	-0.0117188
1375.14	0.00195312
1375.14	0.0078125
1375.14	0.00390625
1375.14	0.0175781
1375.14	-0.0117188
1375.14	0.0214844
1375.14	0.0117188
1375.14	0.0136719
1375.14	-0.00976562
1375.14	0.015625
1375.14	-0.00195312
1375.14	0.00390625
1375.14	0.0117188
1375.14	-0.0273438
1375.14	-0.0175781
1375.14	0.0078125
1375.14	0.0117188
1375.14	0.0078125
1375.14	-0.00390625
1375.14	-0.0273438
1375.14	0.0195312
1375.14	0
1375.14	0.00976562
1375.14	-0.0214844
1375.14	0.0195312
1375.14	0.00390625
1375.14	-0.015625
1375.14	0.0234375
1375.14	-0.00390625
1375.14	-0.0117188
1375.14	0
1375.14	-0.015625
1375.14	0.0136719
1375.14	-0.0078125
1375.14	0.0136719
1375.14	-0.00195312
1375.14	-0.015625
1375.14	0.015625
1375.14	0.0078125
1375.14	-0.0117188
1375.14	-0.00585938
1375.14	-0.00195312
1375.14	0.00976562
1375.14	0.0195312
1375.14	-0.00585938
1375.14	-0.00195312
1375.14	-0.0136719
1375.14	0.00390625
1375.14	-0.015625
1375.14	0.0273438
1375.14	0.00390625
1375.14	-0.00390625
1375.14	-0.0273438
1375.14	-0.00195312
1375.14	0.0078125
1375.14	0.015625
1375.14	-0.0214844
1375.14	0.0332031
1375.14	0.0175781
1375.14	0.0332031
1375.14	-0.0175781
1375.14	0.00195312
1375.14	-0.0117188
1375.14	0.00976562
1375.14	0.0234375
1375.14	-0.00585938
1375.14	0.00390625
1375.14	-0.00195312
1375.14	-0.00390625
