1557.91	0.0195312
1557.91	-0.0292969
1557.91	0.0136719
1557.91	-0.0117188
1557.91	-0.00976562
1557.91	-0.00195312
1557.91	-0.00390625
1557.91	0.00390625
1557.91	0.0175781
1557.91	0.00390625
1557.91	-0.00976562
1557.91	0.0117188
1557.91	-0.00585938
1557.91	0.00195312
1557.91	-0.00390625
1557.91	0.00390625
1557.91	-0.0078125
1557.91	-0.00976562
1557.91	-0.0175781
1557.91	-0.0214844
1557.91	0.00585938
1557.91	-0.0175781
1557.91	0.00195312
1557.91	-0.0253906
1557.91	-0.0175781
1557.91	0.0136719
1557.91	-0.0175781
1557.91	0
1557.91	0.0078125
1557.91	-0.0234375
1557.91	-0.0078125
1557.91	0.00585938
1557.91	-0.00195312
1557.91	-0.00976562
1557.91	0.00390625
1557.91	0.03125
1557.91	-0.0175781
1557.91	0.0078125
1557.91	0.0234375
1557.91	0.00390625
1557.91	-0.00390625
1557.91	-0.0273438
1557.91	0.00585938
1557.91	-0.00195312
1557.91	0.015625
1557.91	0.00195312
1557.91	-0.00195312
1557.91	0.00195312
1557.91	0.0449219
1557.91	0
1557.91	-0.00585938
1557.91	0.00195312
1557.91	0.00976562
1557.91	-0.0214844
1557.91	-0.0214844
1557.91	0.00195312
1557.91	0.00585938
1557.91	0.0175781
1557.91	0.00195312
1557.91	0.0253906
1557.91	0.0292969
1557.91	-0.0351562
1557.91	-0.015625
1557.91	-0.0175781
1557.91	-0.00390625
1557.91	0
1557.91	-0.0078125
1557.91	0.0078125
1557.91	0.03125
1557.91	0.0332031
1557.91	-0.0078125
1557.91	0.0332031
1557.91	0.0175781
1557.91	-0.0175781
1557.91	0.00585938
1557.91	-0.0136719
1557.91	-0.015625
1557.91	0.0253906
1557.91	0.00976562
1557.91	-0.03125
1557.91	0.0214844
1557.91	-0.015625
1557.91	-0.00976562
1557.91	0.00390625
1557.91	-0.00390625
1557.91	-0.00195312
1557.91	0.0371094
1557.91	-0.0214844
1557.91	0.00195312
1557.91	0.0273438
1557.91	-0.0078125
1557.91	0.00585938
1557.91	0.0078125
1557.91	-0.00976562
1557.91	-0.00976562
1557.91	-0.00195312
1557.91	0.00585938
1557.91	0.0136719
1557.91	0.0214844
1557.91	0.015625
