200 -0.711659 -0.514254 0.197405
242 -0.692879 -0.514254 0.178625
288 -0.677353 -0.514254 0.1631
338 -0.664306 -0.514254 0.150052
392 -0.653188 -0.514254 0.138934
450 -0.643602 -0.514254 0.129348
512 -0.635251 -0.514254 0.120997
578 -0.627912 -0.514254 0.113658
648 -0.621411 -0.514254 0.107157
722 -0.615613 -0.514254 0.101359
800 -0.61041 -0.514254 0.0961558
882 -0.605714 -0.514254 0.0914601
968 -0.601455 -0.514254 0.0872013
1058 -0.597575 -0.514254 0.0833212
1152 -0.594025 -0.514254 0.0797714
1250 -0.590766 -0.514254 0.0765116
1352 -0.587762 -0.514254 0.0735076
1458 -0.584984 -0.514254 0.0707304
1568 -0.582409 -0.514254 0.0681553
1682 -0.580015 -0.514254 0.0657611
1800 -0.577783 -0.514254 0.0635293
1922 -0.575698 -0.514254 0.0614439
2048 -0.573745 -0.514254 0.059491
2178 -0.571912 -0.514254 0.0576584
2312 -0.570189 -0.514254 0.0559353
2450 -0.568566 -0.514254 0.0543122
2592 -0.567034 -0.514254 0.0527806
2738 -0.565587 -0.514254 0.0513329
2888 -0.564216 -0.514254 0.0499626
3042 -0.562917 -0.514254 0.0486634
3200 -0.561684 -0.514254 0.0474301
3362 -0.560512 -0.514254 0.0462578
3528 -0.559396 -0.514254 0.045142
3698 -0.558333 -0.514254 0.0440787
3872 -0.557318 -0.514254 0.0430644
4050 -0.55635 -0.514254 0.0420957
4232 -0.555424 -0.514254 0.0411696
4418 -0.554537 -0.514254 0.0402834
4608 -0.553688 -0.514254 0.0394345
4802 -0.552875 -0.514254 0.0386206
5000 -0.552094 -0.514254 0.0378397
5202 -0.551344 -0.514254 0.0370897
5408 -0.550623 -0.514254 0.0363688
5618 -0.549929 -0.514254 0.0356755
5832 -0.549262 -0.514254 0.0350081
6050 -0.548619 -0.514254 0.0343651
6272 -0.547999 -0.514254 0.0337454
6498 -0.547402 -0.514254 0.0331476
6728 -0.546825 -0.514254 0.0325707
6962 -0.546267 -0.514254 0.0320134
7200 -0.545729 -0.514254 0.0314749
7442 -0.545208 -0.514254 0.0309543
7688 -0.544704 -0.514254 0.0304505
7938 -0.544217 -0.514254 0.0299629
8192 -0.543745 -0.514254 0.0294907
8450 -0.543287 -0.514254 0.0290331
8712 -0.542843 -0.514254 0.0285895
8978 -0.542413 -0.514254 0.0281593
9248 -0.541996 -0.514254 0.0277418
9522 -0.54159 -0.514254 0.0273365
9800 -0.541197 -0.514254 0.0269429
10082 -0.540814 -0.514254 0.0265604
10368 -0.540443 -0.514254 0.0261887
10658 -0.540081 -0.514254 0.0258272
10952 -0.539729 -0.514254 0.0254756
11250 -0.539387 -0.514254 0.0251334
11552 -0.539054 -0.514254 0.0248002
11858 -0.53873 -0.514254 0.0244758
12168 -0.538414 -0.514254 0.0241598
12482 -0.538106 -0.514254 0.0238518
12800 -0.537806 -0.514254 0.0235516
13122 -0.537513 -0.514254 0.0232588
13448 -0.537227 -0.514254 0.0229733
13778 -0.536949 -0.514254 0.0226946
14112 -0.536677 -0.514254 0.0224227
14450 -0.536411 -0.514254 0.0221571
14792 -0.536152 -0.514254 0.0218978
15138 -0.535898 -0.514254 0.0216445
15488 -0.535651 -0.514254 0.021397
15842 -0.535409 -0.514254 0.0211551
16200 -0.535172 -0.514254 0.0209185
16562 -0.534941 -0.514254 0.0206873
16928 -0.534715 -0.514254 0.020461
17298 -0.534494 -0.514254 0.0202397
17672 -0.534277 -0.514254 0.0200231
18050 -0.534065 -0.514254 0.0198111
18432 -0.533857 -0.514254 0.0196035
18818 -0.533654 -0.514254 0.0194003
19208 -0.533455 -0.514254 0.0192012
19602 -0.53326 -0.514254 0.0190061
20000 -0.533069 -0.514254 0.018815
20402 -0.532882 -0.514254 0.0186277
20808 -0.532698 -0.514254 0.0184441
21218 -0.532518 -0.514254 0.018264
21632 -0.532341 -0.514254 0.0180875
22050 -0.532168 -0.514254 0.0179143
22472 -0.531998 -0.514254 0.0177444
22898 -0.531832 -0.514254 0.0175777
23328 -0.531668 -0.514254 0.0174141
23762 -0.531507 -0.514254 0.0172535
24200 -0.53135 -0.514254 0.0170959
24642 -0.531195 -0.514254 0.0169411
25088 -0.531043 -0.514254 0.0167891
25538 -0.530894 -0.514254 0.0166398
25992 -0.530747 -0.514254 0.0164931
26450 -0.530603 -0.514254 0.016349
26912 -0.530461 -0.514254 0.0162073
27378 -0.530322 -0.514254 0.0160682
27848 -0.530185 -0.514254 0.0159313
28322 -0.530051 -0.514254 0.0157968
28800 -0.529919 -0.514254 0.0156646
29282 -0.529788 -0.514254 0.0155345
29768 -0.529661 -0.514254 0.0154066
30258 -0.529535 -0.514254 0.0152808
30752 -0.529411 -0.514254 0.015157
31250 -0.529289 -0.514254 0.0150352
31752 -0.529169 -0.514254 0.0149153
32258 -0.529051 -0.514254 0.0147974
32768 -0.528935 -0.514254 0.0146813
33282 -0.528821 -0.514254 0.014567
33800 -0.528708 -0.514254 0.0144544
34322 -0.528598 -0.514254 0.0143436
34848 -0.528488 -0.514254 0.0142345
35378 -0.528381 -0.514254 0.014127
35912 -0.528275 -0.514254 0.0140211
36450 -0.528171 -0.514254 0.0139169
36992 -0.528068 -0.514254 0.0138141
37538 -0.527967 -0.514254 0.0137129
38088 -0.527867 -0.514254 0.0136131
38642 -0.527769 -0.514254 0.0135148
39200 -0.527672 -0.514254 0.0134178
39762 -0.527576 -0.514254 0.0133223
40328 -0.527482 -0.514254 0.0132281
40898 -0.527389 -0.514254 0.0131352
41472 -0.527298 -0.514254 0.0130437
42050 -0.527207 -0.514254 0.0129534
42632 -0.527118 -0.514254 0.0128643
43218 -0.52703 -0.514254 0.0127765
43808 -0.526944 -0.514254 0.0126898
44402 -0.526858 -0.514254 0.0126043
45000 -0.526774 -0.514254 0.01252
45602 -0.526691 -0.514254 0.0124367
46208 -0.526609 -0.514254 0.0123546
46818 -0.526528 -0.514254 0.0122736
47432 -0.526448 -0.514254 0.0121936
48050 -0.526369 -0.514254 0.0121146
48672 -0.526291 -0.514254 0.0120367
49298 -0.526214 -0.514254 0.0119598
49928 -0.526138 -0.514254 0.0118838
50562 -0.526063 -0.514254 0.0118088
51200 -0.525989 -0.514254 0.0117347
51842 -0.525916 -0.514254 0.0116616
52488 -0.525843 -0.514254 0.0115894
53138 -0.525772 -0.514254 0.011518
53792 -0.525701 -0.514254 0.0114475
54450 -0.525632 -0.514254 0.0113779
55112 -0.525563 -0.514254 0.0113091
55778 -0.525495 -0.514254 0.0112412
56448 -0.525428 -0.514254 0.0111741
57122 -0.525362 -0.514254 0.0111077
57800 -0.525296 -0.514254 0.0110422
58482 -0.525231 -0.514254 0.0109774
59168 -0.525167 -0.514254 0.0109134
59858 -0.525104 -0.514254 0.0108501
60552 -0.525041 -0.514254 0.0107875
61250 -0.52498 -0.514254 0.0107257
61952 -0.524918 -0.514254 0.0106645
62658 -0.524858 -0.514254 0.0106041
63368 -0.524798 -0.514254 0.0105443
64082 -0.524739 -0.514254 0.0104852
64800 -0.524681 -0.514254 0.0104268
65522 -0.524623 -0.514254 0.010369
66248 -0.524566 -0.514254 0.0103119
66978 -0.524509 -0.514254 0.0102554
67712 -0.524453 -0.514254 0.0101994
68450 -0.524398 -0.514254 0.0101441
69192 -0.524343 -0.514254 0.0100894
69938 -0.524289 -0.514254 0.0100353
70688 -0.524236 -0.514254 0.00998179
71442 -0.524183 -0.514254 0.00992882
72200 -0.52413 -0.514254 0.00987641
72962 -0.524078 -0.514254 0.00982454
73728 -0.524027 -0.514254 0.00977323
74498 -0.523976 -0.514254 0.00972244
75272 -0.523926 -0.514254 0.00967218
76050 -0.523876 -0.514254 0.00962244
76832 -0.523827 -0.514254 0.0095732
77618 -0.523778 -0.514254 0.00952447
78408 -0.52373 -0.514254 0.00947623
79202 -0.523682 -0.514254 0.00942847
80000 -0.523635 -0.514254 0.0093812
80802 -0.523588 -0.514254 0.0093344
81608 -0.523542 -0.514254 0.00928806
82418 -0.523496 -0.514254 0.00924218
83232 -0.523451 -0.514254 0.00919675
84050 -0.523406 -0.514254 0.00915176
84872 -0.523361 -0.514254 0.00910722
85698 -0.523317 -0.514254 0.0090631
86528 -0.523273 -0.514254 0.00901941
87362 -0.52323 -0.514254 0.00897614
88200 -0.523187 -0.514254 0.00893328
89042 -0.523145 -0.514254 0.00889083
89888 -0.523103 -0.514254 0.00884878
90738 -0.523061 -0.514254 0.00880713
91592 -0.52302 -0.514254 0.00876587
92450 -0.522979 -0.514254 0.00872499
93312 -0.522938 -0.514254 0.00868449
94178 -0.522898 -0.514254 0.00864436
95048 -0.522859 -0.514254 0.00860461
95922 -0.522819 -0.514254 0.00856522
96800 -0.52278 -0.514254 0.00852619
97682 -0.522741 -0.514254 0.00848751
98568 -0.522703 -0.514254 0.00844918
99458 -0.522665 -0.514254 0.00841119
100352 -0.522627 -0.514254 0.00837355
101250 -0.52259 -0.514254 0.00833624
102152 -0.522553 -0.514254 0.00829926
103058 -0.522517 -0.514254 0.00826261
103968 -0.52248 -0.514254 0.00822628
104882 -0.522444 -0.514254 0.00819027
105800 -0.522409 -0.514254 0.00815458
106722 -0.522373 -0.514254 0.00811919
107648 -0.522338 -0.514254 0.00808411
108578 -0.522303 -0.514254 0.00804933
109512 -0.522269 -0.514254 0.00801485
110450 -0.522235 -0.514254 0.00798066
111392 -0.522201 -0.514254 0.00794676
112338 -0.522167 -0.514254 0.00791315
113288 -0.522134 -0.514254 0.00787983
114242 -0.522101 -0.514254 0.00784678
115200 -0.522068 -0.514254 0.00781401
116162 -0.522035 -0.514254 0.00778151
117128 -0.522003 -0.514254 0.00774928
118098 -0.521971 -0.514254 0.00771731
119072 -0.52194 -0.514254 0.00768561
120050 -0.521908 -0.514254 0.00765417
121032 -0.521877 -0.514254 0.00762299
122018 -0.521846 -0.514254 0.00759205
123008 -0.521815 -0.514254 0.00756137
124002 -0.521785 -0.514254 0.00753093
125000 -0.521755 -0.514254 0.00750074
126002 -0.521725 -0.514254 0.00747079
127008 -0.521695 -0.514254 0.00744108
128018 -0.521666 -0.514254 0.0074116
129032 -0.521636 -0.514254 0.00738236
130050 -0.521607 -0.514254 0.00735335
131072 -0.521578 -0.514254 0.00732456
132098 -0.52155 -0.514254 0.007296
133128 -0.521522 -0.514254 0.00726766
134162 -0.521493 -0.514254 0.00723953
135200 -0.521466 -0.514254 0.00721163
136242 -0.521438 -0.514254 0.00718394
137288 -0.52141 -0.514254 0.00715646
138338 -0.521383 -0.514254 0.00712919
139392 -0.521356 -0.514254 0.00710213
140450 -0.521329 -0.514254 0.00707527
141512 -0.521303 -0.514254 0.00704862
142578 -0.521276 -0.514254 0.00702216
143648 -0.52125 -0.514254 0.0069959
144722 -0.521224 -0.514254 0.00696984
145800 -0.521198 -0.514254 0.00694398
146882 -0.521172 -0.514254 0.0069183
147968 -0.521147 -0.514254 0.00689281
149058 -0.521121 -0.514254 0.00686751
150152 -0.521096 -0.514254 0.0068424
151250 -0.521071 -0.514254 0.00681746
152352 -0.521047 -0.514254 0.00679271
153458 -0.521022 -0.514254 0.00676814
154568 -0.520998 -0.514254 0.00674374
155682 -0.520973 -0.514254 0.00671952
156800 -0.520949 -0.514254 0.00669548
157922 -0.520926 -0.514254 0.0066716
159048 -0.520902 -0.514254 0.0066479
160178 -0.520878 -0.514254 0.00662436
161312 -0.520855 -0.514254 0.00660099
162450 -0.520832 -0.514254 0.00657778
163592 -0.520809 -0.514254 0.00655474
164738 -0.520786 -0.514254 0.00653185
165888 -0.520763 -0.514254 0.00650913
167042 -0.520741 -0.514254 0.00648656
168200 -0.520718 -0.514254 0.00646415
169362 -0.520696 -0.514254 0.0064419
170528 -0.520674 -0.514254 0.00641979
171698 -0.520652 -0.514254 0.00639784
172872 -0.52063 -0.514254 0.00637604
174050 -0.520608 -0.514254 0.00635438
175232 -0.520587 -0.514254 0.00633287
176418 -0.520565 -0.514254 0.00631151
177608 -0.520544 -0.514254 0.00629029
178802 -0.520523 -0.514254 0.00626921
180000 -0.520502 -0.514254 0.00624828
181202 -0.520481 -0.514254 0.00622748
182408 -0.520461 -0.514254 0.00620682
183618 -0.52044 -0.514254 0.0061863
184832 -0.52042 -0.514254 0.00616591
186050 -0.5204 -0.514254 0.00614566
187272 -0.520379 -0.514254 0.00612554
188498 -0.520359 -0.514254 0.00610555
189728 -0.52034 -0.514254 0.00608569
190962 -0.52032 -0.514254 0.00606596
192200 -0.5203 -0.514254 0.00604635
193442 -0.520281 -0.514254 0.00602688
194688 -0.520261 -0.514254 0.00600752
195938 -0.520242 -0.514254 0.0059883
197192 -0.520223 -0.514254 0.00596919
198450 -0.520204 -0.514254 0.00595021
199712 -0.520185 -0.514254 0.00593134
200978 -0.520167 -0.514254 0.0059126
202248 -0.520148 -0.514254 0.00589397
203522 -0.520129 -0.514254 0.00587547
204800 -0.520111 -0.514254 0.00585707
206082 -0.520093 -0.514254 0.00583879
207368 -0.520075 -0.514254 0.00582063
208658 -0.520057 -0.514254 0.00580258
209952 -0.520039 -0.514254 0.00578464
211250 -0.520021 -0.514254 0.00576681
212552 -0.520003 -0.514254 0.00574909
213858 -0.519985 -0.514254 0.00573148
215168 -0.519968 -0.514254 0.00571397
216482 -0.519951 -0.514254 0.00569657
217800 -0.519933 -0.514254 0.00567928
219122 -0.519916 -0.514254 0.0056621
220448 -0.519899 -0.514254 0.00564501
221778 -0.519882 -0.514254 0.00562803
223112 -0.519865 -0.514254 0.00561115
224450 -0.519848 -0.514254 0.00559437
225792 -0.519832 -0.514254 0.0055777
227138 -0.519815 -0.514254 0.00556112
228488 -0.519799 -0.514254 0.00554464
229842 -0.519782 -0.514254 0.00552825
231200 -0.519766 -0.514254 0.00551197
232562 -0.51975 -0.514254 0.00549578
233928 -0.519734 -0.514254 0.00547968
235298 -0.519718 -0.514254 0.00546368
236672 -0.519702 -0.514254 0.00544777
238050 -0.519686 -0.514254 0.00543195
239432 -0.51967 -0.514254 0.00541623
240818 -0.519655 -0.514254 0.0054006
242208 -0.519639 -0.514254 0.00538505
243602 -0.519624 -0.514254 0.0053696
245000 -0.519608 -0.514254 0.00535423
246402 -0.519593 -0.514254 0.00533895
247808 -0.519578 -0.514254 0.00532376
249218 -0.519563 -0.514254 0.00530865
250632 -0.519548 -0.514254 0.00529363
252050 -0.519533 -0.514254 0.0052787
253472 -0.519518 -0.514254 0.00526385
254898 -0.519503 -0.514254 0.00524908
256328 -0.519488 -0.514254 0.00523439
257762 -0.519474 -0.514254 0.00521979
259200 -0.519459 -0.514254 0.00520527
260642 -0.519445 -0.514254 0.00519083
262088 -0.51943 -0.514254 0.00517647
263538 -0.519416 -0.514254 0.00516218
264992 -0.519402 -0.514254 0.00514798
266450 -0.519388 -0.514254 0.00513385
267912 -0.519374 -0.514254 0.00511981
269378 -0.51936 -0.514254 0.00510583
270848 -0.519346 -0.514254 0.00509194
272322 -0.519332 -0.514254 0.00507812
273800 -0.519318 -0.514254 0.00506437
275282 -0.519305 -0.514254 0.0050507
276768 -0.519291 -0.514254 0.0050371
278258 -0.519278 -0.514254 0.00502358
279752 -0.519264 -0.514254 0.00501013
281250 -0.519251 -0.514254 0.00499675
282752 -0.519237 -0.514254 0.00498344
284258 -0.519224 -0.514254 0.0049702
285768 -0.519211 -0.514254 0.00495703
287282 -0.519198 -0.514254 0.00494393
288800 -0.519185 -0.514254 0.0049309
290322 -0.519172 -0.514254 0.00491794
291848 -0.519159 -0.514254 0.00490505
293378 -0.519146 -0.514254 0.00489222
294912 -0.519133 -0.514254 0.00487946
296450 -0.519121 -0.514254 0.00486677
297992 -0.519108 -0.514254 0.00485414
299538 -0.519096 -0.514254 0.00484158
301088 -0.519083 -0.514254 0.00482909
302642 -0.519071 -0.514254 0.00481665
304200 -0.519058 -0.514254 0.00480429
305762 -0.519046 -0.514254 0.00479198
307328 -0.519034 -0.514254 0.00477974
308898 -0.519021 -0.514254 0.00476756
310472 -0.519009 -0.514254 0.00475544
312050 -0.518997 -0.514254 0.00474338
313632 -0.518985 -0.514254 0.00473139
315218 -0.518973 -0.514254 0.00471945
316808 -0.518962 -0.514254 0.00470758
318402 -0.51895 -0.514254 0.00469577
320000 -0.518938 -0.514254 0.00468401
321602 -0.518926 -0.514254 0.00467231
323208 -0.518915 -0.514254 0.00466067
324818 -0.518903 -0.514254 0.00464909
326432 -0.518892 -0.514254 0.00463757
328050 -0.51888 -0.514254 0.0046261
329672 -0.518869 -0.514254 0.00461469
331298 -0.518857 -0.514254 0.00460334
332928 -0.518846 -0.514254 0.00459204
334562 -0.518835 -0.514254 0.0045808
336200 -0.518824 -0.514254 0.00456961
337842 -0.518812 -0.514254 0.00455847
339488 -0.518801 -0.514254 0.0045474
341138 -0.51879 -0.514254 0.00453637
342792 -0.518779 -0.514254 0.0045254
344450 -0.518768 -0.514254 0.00451448
346112 -0.518758 -0.514254 0.00450361
347778 -0.518747 -0.514254 0.0044928
349448 -0.518736 -0.514254 0.00448203
351122 -0.518725 -0.514254 0.00447132
352800 -0.518715 -0.514254 0.00446066
354482 -0.518704 -0.514254 0.00445005
356168 -0.518693 -0.514254 0.00443949
357858 -0.518683 -0.514254 0.00442898
359552 -0.518672 -0.514254 0.00441852
361250 -0.518662 -0.514254 0.00440811
362952 -0.518652 -0.514254 0.00439775
364658 -0.518641 -0.514254 0.00438744
366368 -0.518631 -0.514254 0.00437718
368082 -0.518621 -0.514254 0.00436696
369800 -0.518611 -0.514254 0.00435679
371522 -0.518601 -0.514254 0.00434667
373248 -0.518591 -0.514254 0.00433659
374978 -0.518581 -0.514254 0.00432656
376712 -0.518571 -0.514254 0.00431658
378450 -0.518561 -0.514254 0.00430665
380192 -0.518551 -0.514254 0.00429676
381938 -0.518541 -0.514254 0.00428691
383688 -0.518531 -0.514254 0.00427711
385442 -0.518521 -0.514254 0.00426736
387200 -0.518512 -0.514254 0.00425765
388962 -0.518502 -0.514254 0.00424798
390728 -0.518492 -0.514254 0.00423836
392498 -0.518483 -0.514254 0.00422878
394272 -0.518473 -0.514254 0.00421924
396050 -0.518464 -0.514254 0.00420975
397832 -0.518454 -0.514254 0.00420029
399618 -0.518445 -0.514254 0.00419089
401408 -0.518435 -0.514254 0.00418152
403202 -0.518426 -0.514254 0.0041722
405000 -0.518417 -0.514254 0.00416291
406802 -0.518408 -0.514254 0.00415367
408608 -0.518398 -0.514254 0.00414447
410418 -0.518389 -0.514254 0.00413531
412232 -0.51838 -0.514254 0.00412619
414050 -0.518371 -0.514254 0.00411711
415872 -0.518362 -0.514254 0.00410807
417698 -0.518353 -0.514254 0.00409907
419528 -0.518344 -0.514254 0.00409011
421362 -0.518335 -0.514254 0.00408119
423200 -0.518326 -0.514254 0.0040723
425042 -0.518317 -0.514254 0.00406346
426888 -0.518309 -0.514254 0.00405465
428738 -0.5183 -0.514254 0.00404588
430592 -0.518291 -0.514254 0.00403715
432450 -0.518282 -0.514254 0.00402846
434312 -0.518274 -0.514254 0.00401981
436178 -0.518265 -0.514254 0.00401119
438048 -0.518257 -0.514254 0.00400261
439922 -0.518248 -0.514254 0.00399406
441800 -0.518239 -0.514254 0.00398555
443682 -0.518231 -0.514254 0.00397708
445568 -0.518223 -0.514254 0.00396865
447458 -0.518214 -0.514254 0.00396025
449352 -0.518206 -0.514254 0.00395188
451250 -0.518197 -0.514254 0.00394355
453152 -0.518189 -0.514254 0.00393526
455058 -0.518181 -0.514254 0.003927
456968 -0.518173 -0.514254 0.00391877
458882 -0.518165 -0.514254 0.00391058
460800 -0.518156 -0.514254 0.00390242
462722 -0.518148 -0.514254 0.0038943
464648 -0.51814 -0.514254 0.00388621
466578 -0.518132 -0.514254 0.00387816
468512 -0.518124 -0.514254 0.00387014
470450 -0.518116 -0.514254 0.00386215
472392 -0.518108 -0.514254 0.00385419
474338 -0.5181 -0.514254 0.00384627
476288 -0.518092 -0.514254 0.00383838
478242 -0.518084 -0.514254 0.00383052
480200 -0.518077 -0.514254 0.00382269
482162 -0.518069 -0.514254 0.0038149
484128 -0.518061 -0.514254 0.00380713
486098 -0.518053 -0.514254 0.0037994
488072 -0.518046 -0.514254 0.0037917
490050 -0.518038 -0.514254 0.00378403
492032 -0.51803 -0.514254 0.0037764
494018 -0.518023 -0.514254 0.00376879
496008 -0.518015 -0.514254 0.00376121
498002 -0.518008 -0.514254 0.00375367
500000 -0.518 -0.514254 0.00374615
502002 -0.517993 -0.514254 0.00373867
504008 -0.517985 -0.514254 0.00373121
506018 -0.517978 -0.514254 0.00372378
508032 -0.51797 -0.514254 0.00371639
510050 -0.517963 -0.514254 0.00370902
512072 -0.517956 -0.514254 0.00370168
514098 -0.517948 -0.514254 0.00369437
516128 -0.517941 -0.514254 0.00368709
518162 -0.517934 -0.514254 0.00367984
520200 -0.517927 -0.514254 0.00367262
522242 -0.517919 -0.514254 0.00366542
524288 -0.517912 -0.514254 0.00365825
526338 -0.517905 -0.514254 0.00365112
528392 -0.517898 -0.514254 0.003644
530450 -0.517891 -0.514254 0.00363692
532512 -0.517884 -0.514254 0.00362987
534578 -0.517877 -0.514254 0.00362284
536648 -0.51787 -0.514254 0.00361584
538722 -0.517863 -0.514254 0.00360886
540800 -0.517856 -0.514254 0.00360191
542882 -0.517849 -0.514254 0.00359499
544968 -0.517842 -0.514254 0.0035881
547058 -0.517835 -0.514254 0.00358123
549152 -0.517828 -0.514254 0.00357439
551250 -0.517822 -0.514254 0.00356757
553352 -0.517815 -0.514254 0.00356078
555458 -0.517808 -0.514254 0.00355402
557568 -0.517801 -0.514254 0.00354728
559682 -0.517795 -0.514254 0.00354057
561800 -0.517788 -0.514254 0.00353388
563922 -0.517781 -0.514254 0.00352722
566048 -0.517775 -0.514254 0.00352058
568178 -0.517768 -0.514254 0.00351397
570312 -0.517761 -0.514254 0.00350738
572450 -0.517755 -0.514254 0.00350082
574592 -0.517748 -0.514254 0.00349428
576738 -0.517742 -0.514254 0.00348777
578888 -0.517735 -0.514254 0.00348128
581042 -0.517729 -0.514254 0.00347481
583200 -0.517722 -0.514254 0.00346837
585362 -0.517716 -0.514254 0.00346195
587528 -0.517709 -0.514254 0.00345556
589698 -0.517703 -0.514254 0.00344919
591872 -0.517697 -0.514254 0.00344284
594050 -0.51769 -0.514254 0.00343652
596232 -0.517684 -0.514254 0.00343022
598418 -0.517678 -0.514254 0.00342394
600608 -0.517672 -0.514254 0.00341768
602802 -0.517665 -0.514254 0.00341145
605000 -0.517659 -0.514254 0.00340524
607202 -0.517653 -0.514254 0.00339906
609408 -0.517647 -0.514254 0.00339289
611618 -0.517641 -0.514254 0.00338675
613832 -0.517635 -0.514254 0.00338063
616050 -0.517628 -0.514254 0.00337453
618272 -0.517622 -0.514254 0.00336846
620498 -0.517616 -0.514254 0.00336241
622728 -0.51761 -0.514254 0.00335637
624962 -0.517604 -0.514254 0.00335036
627200 -0.517598 -0.514254 0.00334437
629442 -0.517592 -0.514254 0.00333841
631688 -0.517586 -0.514254 0.00333246
633938 -0.51758 -0.514254 0.00332654
636192 -0.517575 -0.514254 0.00332063
638450 -0.517569 -0.514254 0.00331475
640712 -0.517563 -0.514254 0.00330889
642978 -0.517557 -0.514254 0.00330305
645248 -0.517551 -0.514254 0.00329722
647522 -0.517545 -0.514254 0.00329142
649800 -0.51754 -0.514254 0.00328564
652082 -0.517534 -0.514254 0.00327988
654368 -0.517528 -0.514254 0.00327414
656658 -0.517522 -0.514254 0.00326842
658952 -0.517517 -0.514254 0.00326272
661250 -0.517511 -0.514254 0.00325704
663552 -0.517505 -0.514254 0.00325138
665858 -0.5175 -0.514254 0.00324574
668168 -0.517494 -0.514254 0.00324012
670482 -0.517488 -0.514254 0.00323452
672800 -0.517483 -0.514254 0.00322894
675122 -0.517477 -0.514254 0.00322338
677448 -0.517472 -0.514254 0.00321783
679778 -0.517466 -0.514254 0.00321231
682112 -0.517461 -0.514254 0.0032068
684450 -0.517455 -0.514254 0.00320131
686792 -0.51745 -0.514254 0.00319585
689138 -0.517444 -0.514254 0.0031904
691488 -0.517439 -0.514254 0.00318497
693842 -0.517433 -0.514254 0.00317955
696200 -0.517428 -0.514254 0.00317416
698562 -0.517423 -0.514254 0.00316878
700928 -0.517417 -0.514254 0.00316343
703298 -0.517412 -0.514254 0.00315809
705672 -0.517407 -0.514254 0.00315276
708050 -0.517401 -0.514254 0.00314746
710432 -0.517396 -0.514254 0.00314217
712818 -0.517391 -0.514254 0.00313691
715208 -0.517386 -0.514254 0.00313166
717602 -0.51738 -0.514254 0.00312642
720000 -0.517375 -0.514254 0.00312121
722402 -0.51737 -0.514254 0.00311601
724808 -0.517365 -0.514254 0.00311083
727218 -0.51736 -0.514254 0.00310566
729632 -0.517354 -0.514254 0.00310052
732050 -0.517349 -0.514254 0.00309539
734472 -0.517344 -0.514254 0.00309028
736898 -0.517339 -0.514254 0.00308518
739328 -0.517334 -0.514254 0.0030801
741762 -0.517329 -0.514254 0.00307504
744200 -0.517324 -0.514254 0.00306999
746642 -0.517319 -0.514254 0.00306496
749088 -0.517314 -0.514254 0.00305995
751538 -0.517309 -0.514254 0.00305495
753992 -0.517304 -0.514254 0.00304997
756450 -0.517299 -0.514254 0.00304501
758912 -0.517294 -0.514254 0.00304006
761378 -0.517289 -0.514254 0.00303513
763848 -0.517284 -0.514254 0.00303022
766322 -0.517279 -0.514254 0.00302532
768800 -0.517274 -0.514254 0.00302043
771282 -0.51727 -0.514254 0.00301556
773768 -0.517265 -0.514254 0.00301071
776258 -0.51726 -0.514254 0.00300587
778752 -0.517255 -0.514254 0.00300105
781250 -0.51725 -0.514254 0.00299625
783752 -0.517245 -0.514254 0.00299146
786258 -0.517241 -0.514254 0.00298668
788768 -0.517236 -0.514254 0.00298192
791282 -0.517231 -0.514254 0.00297717
793800 -0.517226 -0.514254 0.00297244
796322 -0.517222 -0.514254 0.00296773
798848 -0.517217 -0.514254 0.00296303
801378 -0.517212 -0.514254 0.00295835
803912 -0.517208 -0.514254 0.00295367
806450 -0.517203 -0.514254 0.00294902
808992 -0.517198 -0.514254 0.00294438
811538 -0.517194 -0.514254 0.00293975
814088 -0.517189 -0.514254 0.00293514
816642 -0.517184 -0.514254 0.00293054
819200 -0.51718 -0.514254 0.00292596
821762 -0.517175 -0.514254 0.00292139
824328 -0.517171 -0.514254 0.00291684
826898 -0.517166 -0.514254 0.0029123
829472 -0.517162 -0.514254 0.00290777
832050 -0.517157 -0.514254 0.00290326
834632 -0.517153 -0.514254 0.00289876
837218 -0.517148 -0.514254 0.00289428
839808 -0.517144 -0.514254 0.00288981
842402 -0.517139 -0.514254 0.00288535
845000 -0.517135 -0.514254 0.00288091
847602 -0.51713 -0.514254 0.00287648
850208 -0.517126 -0.514254 0.00287206
852818 -0.517122 -0.514254 0.00286766
855432 -0.517117 -0.514254 0.00286327
858050 -0.517113 -0.514254 0.0028589
860672 -0.517108 -0.514254 0.00285453
863298 -0.517104 -0.514254 0.00285018
865928 -0.5171 -0.514254 0.00284585
868562 -0.517095 -0.514254 0.00284153
871200 -0.517091 -0.514254 0.00283722
873842 -0.517087 -0.514254 0.00283292
876488 -0.517083 -0.514254 0.00282864
879138 -0.517078 -0.514254 0.00282437
881792 -0.517074 -0.514254 0.00282011
884450 -0.51707 -0.514254 0.00281587
887112 -0.517066 -0.514254 0.00281164
889778 -0.517061 -0.514254 0.00280742
892448 -0.517057 -0.514254 0.00280321
895122 -0.517053 -0.514254 0.00279902
897800 -0.517049 -0.514254 0.00279484
900482 -0.517045 -0.514254 0.00279067
903168 -0.51704 -0.514254 0.00278651
905858 -0.517036 -0.514254 0.00278237
908552 -0.517032 -0.514254 0.00277824
911250 -0.517028 -0.514254 0.00277412
913952 -0.517024 -0.514254 0.00277001
916658 -0.51702 -0.514254 0.00276591
919368 -0.517016 -0.514254 0.00276183
922082 -0.517012 -0.514254 0.00275776
924800 -0.517008 -0.514254 0.0027537
927522 -0.517004 -0.514254 0.00274965
930248 -0.517 -0.514254 0.00274562
932978 -0.516996 -0.514254 0.0027416
935712 -0.516992 -0.514254 0.00273758
938450 -0.516988 -0.514254 0.00273359
941192 -0.516984 -0.514254 0.0027296
943938 -0.51698 -0.514254 0.00272562
946688 -0.516976 -0.514254 0.00272166
949442 -0.516972 -0.514254 0.0027177
952200 -0.516968 -0.514254 0.00271376
954962 -0.516964 -0.514254 0.00270983
957728 -0.51696 -0.514254 0.00270591
960498 -0.516956 -0.514254 0.002702
963272 -0.516952 -0.514254 0.00269811
966050 -0.516948 -0.514254 0.00269422
968832 -0.516944 -0.514254 0.00269035
971618 -0.51694 -0.514254 0.00268648
974408 -0.516937 -0.514254 0.00268263
977202 -0.516933 -0.514254 0.00267879
980000 -0.516929 -0.514254 0.00267496
982802 -0.516925 -0.514254 0.00267114
985608 -0.516921 -0.514254 0.00266733
988418 -0.516917 -0.514254 0.00266354
991232 -0.516914 -0.514254 0.00265975
994050 -0.51691 -0.514254 0.00265597
996872 -0.516906 -0.514254 0.00265221
999698 -0.516902 -0.514254 0.00264846
1002528 -0.516899 -0.514254 0.00264471
1005362 -0.516895 -0.514254 0.00264098
1008200 -0.516891 -0.514254 0.00263726
1011042 -0.516887 -0.514254 0.00263354
1013888 -0.516884 -0.514254 0.00262984
1016738 -0.51688 -0.514254 0.00262615
1019592 -0.516876 -0.514254 0.00262247
1022450 -0.516873 -0.514254 0.0026188
1025312 -0.516869 -0.514254 0.00261514
1028178 -0.516865 -0.514254 0.00261149
1031048 -0.516862 -0.514254 0.00260785
1033922 -0.516858 -0.514254 0.00260422
1036800 -0.516855 -0.514254 0.0026006
1039682 -0.516851 -0.514254 0.00259699
1042568 -0.516847 -0.514254 0.00259339
1045458 -0.516844 -0.514254 0.0025898
1048352 -0.51684 -0.514254 0.00258622
1051250 -0.516837 -0.514254 0.00258265
1054152 -0.516833 -0.514254 0.00257909
1057058 -0.516829 -0.514254 0.00257554
1059968 -0.516826 -0.514254 0.002572
1062882 -0.516822 -0.514254 0.00256847
1065800 -0.516819 -0.514254 0.00256495
1068722 -0.516815 -0.514254 0.00256143
1071648 -0.516812 -0.514254 0.00255793
1074578 -0.516808 -0.514254 0.00255444
1077512 -0.516805 -0.514254 0.00255096
1080450 -0.516801 -0.514254 0.00254748
1083392 -0.516798 -0.514254 0.00254402
1086338 -0.516795 -0.514254 0.00254057
1089288 -0.516791 -0.514254 0.00253712
1092242 -0.516788 -0.514254 0.00253368
1095200 -0.516784 -0.514254 0.00253026
1098162 -0.516781 -0.514254 0.00252684
1101128 -0.516777 -0.514254 0.00252343
1104098 -0.516774 -0.514254 0.00252003
1107072 -0.516771 -0.514254 0.00251664
1110050 -0.516767 -0.514254 0.00251326
1113032 -0.516764 -0.514254 0.00250989
1116018 -0.51676 -0.514254 0.00250653
1119008 -0.516757 -0.514254 0.00250318
1122002 -0.516754 -0.514254 0.00249983
1125000 -0.51675 -0.514254 0.0024965
1128002 -0.516747 -0.514254 0.00249317
1131008 -0.516744 -0.514254 0.00248985
1134018 -0.51674 -0.514254 0.00248654
1137032 -0.516737 -0.514254 0.00248324
1140050 -0.516734 -0.514254 0.00247995
1143072 -0.516731 -0.514254 0.00247667
1146098 -0.516727 -0.514254 0.00247339
1149128 -0.516724 -0.514254 0.00247013
1152162 -0.516721 -0.514254 0.00246687
1155200 -0.516718 -0.514254 0.00246362
1158242 -0.516714 -0.514254 0.00246038
1161288 -0.516711 -0.514254 0.00245715
1164338 -0.516708 -0.514254 0.00245393
1167392 -0.516705 -0.514254 0.00245072
1170450 -0.516701 -0.514254 0.00244751
1173512 -0.516698 -0.514254 0.00244431
1176578 -0.516695 -0.514254 0.00244112
1179648 -0.516692 -0.514254 0.00243794
1182722 -0.516689 -0.514254 0.00243477
1185800 -0.516686 -0.514254 0.0024316
1188882 -0.516682 -0.514254 0.00242845
1191968 -0.516679 -0.514254 0.0024253
1195058 -0.516676 -0.514254 0.00242216
1198152 -0.516673 -0.514254 0.00241903
1201250 -0.51667 -0.514254 0.00241591
1204352 -0.516667 -0.514254 0.00241279
1207458 -0.516664 -0.514254 0.00240968
1210568 -0.516661 -0.514254 0.00240658
1213682 -0.516657 -0.514254 0.00240349
1216800 -0.516654 -0.514254 0.00240041
1219922 -0.516651 -0.514254 0.00239733
1223048 -0.516648 -0.514254 0.00239426
1226178 -0.516645 -0.514254 0.0023912
1229312 -0.516642 -0.514254 0.00238815
1232450 -0.516639 -0.514254 0.00238511
1235592 -0.516636 -0.514254 0.00238207
1238738 -0.516633 -0.514254 0.00237904
1241888 -0.51663 -0.514254 0.00237602
1245042 -0.516627 -0.514254 0.00237301
1248200 -0.516624 -0.514254 0.00237
1251362 -0.516621 -0.514254 0.002367
1254528 -0.516618 -0.514254 0.00236401
1257698 -0.516615 -0.514254 0.00236103
1260872 -0.516612 -0.514254 0.00235805
1264050 -0.516609 -0.514254 0.00235508
1267232 -0.516606 -0.514254 0.00235212
1270418 -0.516603 -0.514254 0.00234917
1273608 -0.5166 -0.514254 0.00234622
1276802 -0.516597 -0.514254 0.00234329
1280000 -0.516594 -0.514254 0.00234036
1283202 -0.516591 -0.514254 0.00233743
1286408 -0.516588 -0.514254 0.00233451
1289618 -0.516586 -0.514254 0.00233161
1292832 -0.516583 -0.514254 0.0023287
1296050 -0.51658 -0.514254 0.00232581
1299272 -0.516577 -0.514254 0.00232292
1302498 -0.516574 -0.514254 0.00232004
1305728 -0.516571 -0.514254 0.00231717
1308962 -0.516568 -0.514254 0.0023143
1312200 -0.516565 -0.514254 0.00231144
1315442 -0.516563 -0.514254 0.00230859
1318688 -0.51656 -0.514254 0.00230574
1321938 -0.516557 -0.514254 0.00230291
1325192 -0.516554 -0.514254 0.00230008
1328450 -0.516551 -0.514254 0.00229725
1331712 -0.516548 -0.514254 0.00229443
1334978 -0.516546 -0.514254 0.00229162
1338248 -0.516543 -0.514254 0.00228882
1341522 -0.51654 -0.514254 0.00228602
1344800 -0.516537 -0.514254 0.00228323
1348082 -0.516534 -0.514254 0.00228045
1351368 -0.516532 -0.514254 0.00227768
1354658 -0.516529 -0.514254 0.00227491
1357952 -0.516526 -0.514254 0.00227214
1361250 -0.516523 -0.514254 0.00226939
1364552 -0.516521 -0.514254 0.00226664
1367858 -0.516518 -0.514254 0.00226389
1371168 -0.516515 -0.514254 0.00226116
1374482 -0.516512 -0.514254 0.00225843
1377800 -0.51651 -0.514254 0.00225571
1381122 -0.516507 -0.514254 0.00225299
1384448 -0.516504 -0.514254 0.00225028
1387778 -0.516502 -0.514254 0.00224758
1391112 -0.516499 -0.514254 0.00224488
1394450 -0.516496 -0.514254 0.00224219
1397792 -0.516493 -0.514254 0.00223951
1401138 -0.516491 -0.514254 0.00223683
1404488 -0.516488 -0.514254 0.00223416
1407842 -0.516485 -0.514254 0.00223149
1411200 -0.516483 -0.514254 0.00222883
1414562 -0.51648 -0.514254 0.00222618
1417928 -0.516477 -0.514254 0.00222354
1421298 -0.516475 -0.514254 0.0022209
1424672 -0.516472 -0.514254 0.00221826
1428050 -0.51647 -0.514254 0.00221564
1431432 -0.516467 -0.514254 0.00221302
1434818 -0.516464 -0.514254 0.0022104
1438208 -0.516462 -0.514254 0.00220779
1441602 -0.516459 -0.514254 0.00220519
1445000 -0.516457 -0.514254 0.0022026
1448402 -0.516454 -0.514254 0.00220001
1451808 -0.516451 -0.514254 0.00219742
1455218 -0.516449 -0.514254 0.00219484
1458632 -0.516446 -0.514254 0.00219227
1462050 -0.516444 -0.514254 0.00218971
1465472 -0.516441 -0.514254 0.00218715
1468898 -0.516439 -0.514254 0.00218459
1472328 -0.516436 -0.514254 0.00218205
1475762 -0.516433 -0.514254 0.0021795
1479200 -0.516431 -0.514254 0.00217697
1482642 -0.516428 -0.514254 0.00217444
1486088 -0.516426 -0.514254 0.00217191
1489538 -0.516423 -0.514254 0.00216939
1492992 -0.516421 -0.514254 0.00216688
1496450 -0.516418 -0.514254 0.00216438
1499912 -0.516416 -0.514254 0.00216187
1503378 -0.516413 -0.514254 0.00215938
1506848 -0.516411 -0.514254 0.00215689
1510322 -0.516408 -0.514254 0.00215441
1513800 -0.516406 -0.514254 0.00215193
1517282 -0.516403 -0.514254 0.00214946
1520768 -0.516401 -0.514254 0.00214699
1524258 -0.516398 -0.514254 0.00214453
1527752 -0.516396 -0.514254 0.00214207
1531250 -0.516394 -0.514254 0.00213962
1534752 -0.516391 -0.514254 0.00213718
1538258 -0.516389 -0.514254 0.00213474
1541768 -0.516386 -0.514254 0.00213231
1545282 -0.516384 -0.514254 0.00212988
1548800 -0.516381 -0.514254 0.00212746
1552322 -0.516379 -0.514254 0.00212504
1555848 -0.516377 -0.514254 0.00212263
1559378 -0.516374 -0.514254 0.00212023
1562912 -0.516372 -0.514254 0.00211783
1566450 -0.516369 -0.514254 0.00211543
1569992 -0.516367 -0.514254 0.00211304
1573538 -0.516365 -0.514254 0.00211066
1577088 -0.516362 -0.514254 0.00210828
1580642 -0.51636 -0.514254 0.00210591
1584200 -0.516357 -0.514254 0.00210354
1587762 -0.516355 -0.514254 0.00210118
1591328 -0.516353 -0.514254 0.00209882
1594898 -0.51635 -0.514254 0.00209647
1598472 -0.516348 -0.514254 0.00209412
1602050 -0.516346 -0.514254 0.00209178
1605632 -0.516343 -0.514254 0.00208945
1609218 -0.516341 -0.514254 0.00208711
1612808 -0.516339 -0.514254 0.00208479
1616402 -0.516336 -0.514254 0.00208247
1620000 -0.516334 -0.514254 0.00208015
1623602 -0.516332 -0.514254 0.00207784
1627208 -0.516329 -0.514254 0.00207554
1630818 -0.516327 -0.514254 0.00207324
1634432 -0.516325 -0.514254 0.00207094
1638050 -0.516323 -0.514254 0.00206865
1641672 -0.51632 -0.514254 0.00206637
1645298 -0.516318 -0.514254 0.00206409
1648928 -0.516316 -0.514254 0.00206181
1652562 -0.516313 -0.514254 0.00205954
1656200 -0.516311 -0.514254 0.00205728
1659842 -0.516309 -0.514254 0.00205502
1663488 -0.516307 -0.514254 0.00205277
1667138 -0.516304 -0.514254 0.00205052
1670792 -0.516302 -0.514254 0.00204827
1674450 -0.5163 -0.514254 0.00204603
1678112 -0.516298 -0.514254 0.0020438
1681778 -0.516296 -0.514254 0.00204157
1685448 -0.516293 -0.514254 0.00203934
1689122 -0.516291 -0.514254 0.00203712
1692800 -0.516289 -0.514254 0.0020349
1696482 -0.516287 -0.514254 0.00203269
1700168 -0.516284 -0.514254 0.00203049
1703858 -0.516282 -0.514254 0.00202829
1707552 -0.51628 -0.514254 0.00202609
1711250 -0.516278 -0.514254 0.0020239
1714952 -0.516276 -0.514254 0.00202171
1718658 -0.516273 -0.514254 0.00201953
1722368 -0.516271 -0.514254 0.00201735
1726082 -0.516269 -0.514254 0.00201518
1729800 -0.516267 -0.514254 0.00201301
1733522 -0.516265 -0.514254 0.00201085
1737248 -0.516263 -0.514254 0.00200869
1740978 -0.51626 -0.514254 0.00200653
1744712 -0.516258 -0.514254 0.00200438
1748450 -0.516256 -0.514254 0.00200224
1752192 -0.516254 -0.514254 0.0020001
1755938 -0.516252 -0.514254 0.00199796
1759688 -0.51625 -0.514254 0.00199583
1763442 -0.516248 -0.514254 0.0019937
1767200 -0.516246 -0.514254 0.00199158
1770962 -0.516243 -0.514254 0.00198946
1774728 -0.516241 -0.514254 0.00198735
1778498 -0.516239 -0.514254 0.00198524
1782272 -0.516237 -0.514254 0.00198314
1786050 -0.516235 -0.514254 0.00198104
1789832 -0.516233 -0.514254 0.00197894
1793618 -0.516231 -0.514254 0.00197685
1797408 -0.516229 -0.514254 0.00197477
1801202 -0.516227 -0.514254 0.00197268
1805000 -0.516225 -0.514254 0.00197061
1808802 -0.516222 -0.514254 0.00196853
1812608 -0.51622 -0.514254 0.00196646
1816418 -0.516218 -0.514254 0.0019644
1820232 -0.516216 -0.514254 0.00196234
1824050 -0.516214 -0.514254 0.00196028
1827872 -0.516212 -0.514254 0.00195823
1831698 -0.51621 -0.514254 0.00195618
1835528 -0.516208 -0.514254 0.00195414
1839362 -0.516206 -0.514254 0.0019521
1843200 -0.516204 -0.514254 0.00195007
1847042 -0.516202 -0.514254 0.00194804
1850888 -0.5162 -0.514254 0.00194601
1854738 -0.516198 -0.514254 0.00194399
1858592 -0.516196 -0.514254 0.00194197
1862450 -0.516194 -0.514254 0.00193996
1866312 -0.516192 -0.514254 0.00193795
1870178 -0.51619 -0.514254 0.00193594
1874048 -0.516188 -0.514254 0.00193394
1877922 -0.516186 -0.514254 0.00193194
1881800 -0.516184 -0.514254 0.00192995
1885682 -0.516182 -0.514254 0.00192796
1889568 -0.51618 -0.514254 0.00192598
1893458 -0.516178 -0.514254 0.001924
1897352 -0.516176 -0.514254 0.00192202
1901250 -0.516174 -0.514254 0.00192005
1905152 -0.516172 -0.514254 0.00191808
1909058 -0.51617 -0.514254 0.00191612
1912968 -0.516168 -0.514254 0.00191416
1916882 -0.516166 -0.514254 0.0019122
1920800 -0.516164 -0.514254 0.00191025
1924722 -0.516162 -0.514254 0.0019083
1928648 -0.51616 -0.514254 0.00190635
1932578 -0.516158 -0.514254 0.00190441
1936512 -0.516156 -0.514254 0.00190248
1940450 -0.516154 -0.514254 0.00190054
1944392 -0.516153 -0.514254 0.00189862
1948338 -0.516151 -0.514254 0.00189669
1952288 -0.516149 -0.514254 0.00189477
1956242 -0.516147 -0.514254 0.00189285
1960200 -0.516145 -0.514254 0.00189094
1964162 -0.516143 -0.514254 0.00188903
1968128 -0.516141 -0.514254 0.00188713
1972098 -0.516139 -0.514254 0.00188522
1976072 -0.516137 -0.514254 0.00188333
1980050 -0.516135 -0.514254 0.00188143
1984032 -0.516133 -0.514254 0.00187954
1988018 -0.516132 -0.514254 0.00187766
1992008 -0.51613 -0.514254 0.00187577
1996002 -0.516128 -0.514254 0.0018739
