0	0
0	0.0105
0	0.021
0	0.0315
0	0.042
-0.00195312	0.0525
-0.00195312	0.063
-0.00976562	0.0735
-0.0214844	0.084
-0.0410156	0.0945
-0.046875	0.105
-0.046875	0.1155
-0.0253906	0.126
-0.0175781	0.1365
-0.0175781	0.147
-0.015625	0.1575
-0.0117188	0.168
-0.0429688	0.1785
-0.25	0.189
-0.53125	0.1995
-0.728516	0.21
-0.875	0.2205
-0.953125	0.231
-0.994141	0.2415
-1	0.252
-1	0.2625
-1	0.273
-1	0.2835
-1	0.294
-1	0.3045
-1	0.315
-1	0.3255
-1	0.336
-1	0.3465
-1	0.357
-1	0.3675
-1	0.378
-1	0.3885
-1	0.399
-1	0.4095
-1	0.42
-1	0.4305
-1	0.441
-1	0.4515
-1	0.462
-1	0.4725
-1	0.483
-1	0.4935
-1	0.504
-1	0.5145
-1	0.525
-1	0.5355
-1	0.546
-1	0.5565
-1	0.567
-1	0.5775
-1	0.588
-1	0.5985
-1	0.609
-1	0.6195
-1	0.63
-1	0.6405
-1	0.651
-1	0.6615
-1	0.672
-1	0.6825
-1	0.693
-1	0.7035
-1	0.714
-1	0.7245
-1	0.735
-1	0.7455
-1	0.756
-1	0.7665
-1	0.777
-1	0.7875
-1	0.798
-1	0.8085
-1	0.819
-1	0.8295
-1	0.84
-1	0.8505
-1	0.861
-1	0.8715
-1	0.882
-1	0.8925
-1	0.903
-1	0.9135
-1	0.924
-1	0.9345
-1	0.945
-1	0.9555
-1	0.966
-1	0.9765
-1	0.987
-1	0.9975
-1	1.008
-1	1.0185
-1	1.029
-1	1.0395
-1	1.05
-1	1.0605
-1	1.05
-1	1.0395
-1	1.029
-1	1.0185
-1	1.008
-1	0.9975
-1	0.987
-1	0.9765
-1	0.966
-1	0.9555
-1	0.945
-1	0.9345
-1	0.924
-1	0.9135
-1	0.903
-1	0.8925
-1	0.882
-1	0.8715
-1	0.861
-1	0.8505
-1	0.84
-1	0.8295
-1	0.819
-1	0.8085
-1	0.798
-1	0.7875
-1	0.777
-1	0.7665
-1	0.756
-1	0.7455
-1	0.735
-1	0.7245
-1	0.714
-1	0.7035
-1	0.693
-1	0.6825
-1	0.672
-1	0.6615
-1	0.651
-1	0.6405
-1	0.63
-1	0.6195
-1	0.609
-1	0.5985
-1	0.588
-1	0.5775
-1	0.567
-1	0.5565
-1	0.546
-1	0.5355
-1	0.525
-1	0.5145
-1	0.504
-1	0.4935
-1	0.483
-1	0.4725
-1	0.462
-1	0.4515
-1	0.441
-1	0.4305
-1	0.42
-1	0.4095
-1	0.399
-1	0.3885
-1	0.378
-1	0.3675
-1	0.357
-1	0.3465
-1	0.336
-1	0.3255
-1	0.315
-1	0.3045
-1	0.294
-1	0.2835
-0.998047	0.273
-0.996094	0.2625
-0.996094	0.252
-0.980469	0.2415
-0.955078	0.231
-0.878906	0.2205
-0.722656	0.21
-0.525391	0.1995
-0.294922	0.189
-0.154297	0.1785
-0.0859375	0.168
-0.0664062	0.1575
-0.0664062	0.147
-0.0625	0.1365
-0.0507812	0.126
-0.0351562	0.1155
0	0.105
0	0.0945
0	0.084
0	0.0735
0	0.063
0	0.0525
0	0.042
0	0.0315
0	0.021
0	0.0105
0	-9.36751e-17
0	-0.0105
0	-0.021
0	-0.0315
0	-0.042
0	-0.0525
0	-0.063
0	-0.0735
0	-0.084
0	-0.0945
0	-0.105
0	-0.1155
0	-0.126
0	-0.1365
0	-0.147
0.00585938	-0.1575
0.0253906	-0.168
0.0742188	-0.1785
0.263672	-0.189
0.537109	-0.1995
0.738281	-0.21
0.882812	-0.2205
0.945312	-0.231
0.978516	-0.2415
0.994141	-0.252
0.996094	-0.2625
1	-0.273
1	-0.2835
1	-0.294
1	-0.3045
1	-0.315
1	-0.3255
1	-0.336
1	-0.3465
1	-0.357
1	-0.3675
1	-0.378
1	-0.3885
1	-0.399
1	-0.4095
1	-0.42
1	-0.4305
1	-0.441
1	-0.4515
1	-0.462
1	-0.4725
1	-0.483
1	-0.4935
1	-0.504
1	-0.5145
1	-0.525
1	-0.5355
1	-0.546
1	-0.5565
1	-0.567
1	-0.5775
1	-0.588
1	-0.5985
1	-0.609
1	-0.6195
1	-0.63
1	-0.6405
1	-0.651
1	-0.6615
1	-0.672
1	-0.6825
1	-0.693
1	-0.7035
1	-0.714
1	-0.7245
1	-0.735
1	-0.7455
1	-0.756
1	-0.7665
1	-0.777
1	-0.7875
1	-0.798
1	-0.8085
1	-0.819
1	-0.8295
1	-0.84
1	-0.8505
1	-0.861
1	-0.8715
1	-0.882
1	-0.8925
1	-0.903
1	-0.9135
1	-0.924
1	-0.9345
1	-0.945
1	-0.9555
1	-0.966
1	-0.9765
1	-0.987
1	-0.9975
1	-1.008
1	-1.0185
1	-1.029
1	-1.0395
1	-1.05
1	-1.0605
1	-1.05
1	-1.0395
1	-1.029
1	-1.0185
1	-1.008
1	-0.9975
1	-0.987
1	-0.9765
1	-0.966
1	-0.9555
1	-0.945
1	-0.9345
1	-0.924
1	-0.9135
1	-0.903
1	-0.8925
1	-0.882
1	-0.8715
1	-0.861
1	-0.8505
1	-0.84
1	-0.8295
1	-0.819
1	-0.8085
1	-0.798
1	-0.7875
1	-0.777
1	-0.7665
1	-0.756
1	-0.7455
1	-0.735
1	-0.7245
1	-0.714
1	-0.7035
1	-0.693
1	-0.6825
1	-0.672
1	-0.6615
1	-0.651
1	-0.6405
1	-0.63
1	-0.6195
1	-0.609
1	-0.5985
1	-0.588
1	-0.5775
1	-0.567
1	-0.5565
1	-0.546
1	-0.5355
1	-0.525
1	-0.5145
1	-0.504
1	-0.4935
1	-0.483
1	-0.4725
1	-0.462
1	-0.4515
1	-0.441
1	-0.4305
1	-0.42
1	-0.4095
1	-0.399
1	-0.3885
1	-0.378
1	-0.3675
1	-0.357
1	-0.3465
1	-0.336
1	-0.3255
1	-0.315
0.998047	-0.3045
1	-0.294
1	-0.2835
1	-0.273
1	-0.2625
0.994141	-0.252
0.988281	-0.2415
0.960938	-0.231
0.900391	-0.2205
0.738281	-0.21
0.578125	-0.1995
0.279297	-0.189
0.0878906	-0.1785
0.0585938	-0.168
0.0507812	-0.1575
0.0410156	-0.147
0.0390625	-0.1365
0.03125	-0.126
0	-0.1155
0	-0.105
0	-0.0945
0	-0.084
0	-0.0735
0	-0.063
0	-0.0525
0	-0.042
0	-0.0315
0	-0.021
0	-0.0105
0	-1.2837e-16
