0.046875	0
0.0078125	0.0105
-0.0449219	0.021
-0.0742188	0.0315
-0.0976562	0.042
-0.109375	0.0525
-0.119141	0.063
-0.158203	0.0735
-0.183594	0.084
-0.183594	0.0945
-0.238281	0.105
-0.244141	0.1155
-0.285156	0.126
-0.300781	0.1365
-0.380859	0.147
-0.373047	0.1575
-0.410156	0.168
-0.474609	0.1785
-0.455078	0.189
-0.478516	0.1995
-0.498047	0.21
-0.546875	0.2205
-0.548828	0.231
-0.560547	0.2415
-0.640625	0.252
-0.644531	0.2625
-0.628906	0.273
-0.699219	0.2835
-0.705078	0.294
-0.759766	0.3045
-0.738281	0.315
-0.791016	0.3255
-0.800781	0.336
-0.808594	0.3465
-0.839844	0.357
-0.857422	0.3675
-0.873047	0.378
-0.884766	0.3885
-0.876953	0.399
-0.896484	0.4095
-0.9375	0.42
-0.927734	0.4305
-0.919922	0.441
-0.957031	0.4515
-0.947266	0.462
-0.945312	0.4725
-0.943359	0.483
-0.962891	0.4935
-0.96875	0.504
-0.972656	0.5145
-0.988281	0.525
-0.978516	0.5355
-0.978516	0.546
-0.988281	0.5565
-0.986328	0.567
-0.982422	0.5775
-0.992188	0.588
-0.992188	0.5985
-0.996094	0.609
-0.984375	0.6195
-0.996094	0.63
-0.998047	0.6405
-0.996094	0.651
-0.996094	0.6615
-1	0.672
-0.996094	0.6825
-0.996094	0.693
-0.994141	0.7035
-1	0.714
-0.998047	0.7245
-1	0.735
-1	0.7455
-1	0.756
-1	0.7665
-1	0.777
-1	0.7875
-1	0.798
-1	0.8085
-1	0.819
-1	0.8295
-1	0.84
-1	0.8505
-1	0.861
-0.998047	0.8715
-0.998047	0.882
-1	0.8925
-1	0.903
-1	0.9135
-1	0.924
-1	0.9345
-1	0.945
-1	0.9555
-1	0.966
-1	0.9765
-1	0.987
-1	0.9975
-1	1.008
-1	1.0185
-1	1.029
-1	1.0395
-1	1.05
-1	1.0605
-1	1.05
-1	1.0395
-1	1.029
-1	1.0185
-1	1.008
-1	0.9975
-1	0.987
-1	0.9765
-1	0.966
-1	0.9555
-1	0.945
-1	0.9345
-1	0.924
-1	0.9135
-1	0.903
-0.998047	0.8925
-1	0.882
-1	0.8715
-1	0.861
-1	0.8505
-1	0.84
-1	0.8295
-1	0.819
-1	0.8085
-1	0.798
-1	0.7875
-0.998047	0.777
-1	0.7665
-0.998047	0.756
-1	0.7455
-0.998047	0.735
-0.994141	0.7245
-1	0.714
-0.996094	0.7035
-0.994141	0.693
-0.996094	0.6825
-0.994141	0.672
-0.998047	0.6615
-0.996094	0.651
-0.992188	0.6405
-0.992188	0.63
-0.998047	0.6195
-0.992188	0.609
-0.988281	0.5985
-0.980469	0.588
-0.992188	0.5775
-0.986328	0.567
-0.974609	0.5565
-0.984375	0.546
-0.980469	0.5355
-0.980469	0.525
-0.96875	0.5145
-0.966797	0.504
-0.957031	0.4935
-0.949219	0.483
-0.947266	0.4725
-0.933594	0.462
-0.9375	0.4515
-0.935547	0.441
-0.929688	0.4305
-0.912109	0.42
-0.90625	0.4095
-0.888672	0.399
-0.900391	0.3885
-0.876953	0.378
-0.853516	0.3675
-0.841797	0.357
-0.808594	0.3465
-0.787109	0.336
-0.792969	0.3255
-0.785156	0.315
-0.734375	0.3045
-0.707031	0.294
-0.671875	0.2835
-0.664062	0.273
-0.636719	0.2625
-0.595703	0.252
-0.552734	0.2415
-0.529297	0.231
-0.546875	0.2205
-0.509766	0.21
-0.486328	0.1995
-0.451172	0.189
-0.443359	0.1785
-0.390625	0.168
-0.378906	0.1575
-0.339844	0.147
-0.320312	0.1365
-0.279297	0.126
-0.238281	0.1155
-0.236328	0.105
-0.197266	0.0945
-0.166016	0.084
-0.179688	0.0735
-0.119141	0.063
-0.0976562	0.0525
-0.126953	0.042
-0.0976562	0.0315
-0.0332031	0.021
-0.00195312	0.0105
0.0117188	-9.36751e-17
0.0390625	-0.0105
0.046875	-0.021
0.0410156	-0.0315
0.0859375	-0.042
0.115234	-0.0525
0.0976562	-0.063
0.167969	-0.0735
0.197266	-0.084
0.207031	-0.0945
0.248047	-0.105
0.257812	-0.1155
0.279297	-0.126
0.291016	-0.1365
0.363281	-0.147
0.355469	-0.1575
0.384766	-0.168
0.400391	-0.1785
0.46875	-0.189
0.490234	-0.1995
0.492188	-0.21
0.501953	-0.2205
0.546875	-0.231
0.556641	-0.2415
0.662109	-0.252
0.654297	-0.2625
0.636719	-0.273
0.669922	-0.2835
0.716797	-0.294
0.724609	-0.3045
0.75	-0.315
0.761719	-0.3255
0.794922	-0.336
0.814453	-0.3465
0.822266	-0.357
0.828125	-0.3675
0.855469	-0.378
0.882812	-0.3885
0.876953	-0.399
0.90625	-0.4095
0.917969	-0.42
0.941406	-0.4305
0.931641	-0.441
0.931641	-0.4515
0.953125	-0.462
0.943359	-0.4725
0.966797	-0.483
0.960938	-0.4935
0.964844	-0.504
0.96875	-0.5145
0.978516	-0.525
0.978516	-0.5355
0.980469	-0.546
0.980469	-0.5565
0.984375	-0.567
0.990234	-0.5775
0.990234	-0.588
0.984375	-0.5985
0.990234	-0.609
0.992188	-0.6195
0.994141	-0.63
0.996094	-0.6405
0.994141	-0.651
1	-0.6615
0.994141	-0.672
0.994141	-0.6825
1	-0.693
0.998047	-0.7035
0.996094	-0.714
0.998047	-0.7245
1	-0.735
1	-0.7455
1	-0.756
1	-0.7665
0.994141	-0.777
1	-0.7875
1	-0.798
1	-0.8085
1	-0.819
1	-0.8295
1	-0.84
1	-0.8505
0.998047	-0.861
1	-0.8715
0.998047	-0.882
1	-0.8925
1	-0.903
1	-0.9135
1	-0.924
1	-0.9345
1	-0.945
1	-0.9555
1	-0.966
1	-0.9765
1	-0.987
1	-0.9975
1	-1.008
1	-1.0185
1	-1.029
1	-1.0395
1	-1.05
1	-1.0605
1	-1.05
1	-1.0395
1	-1.029
1	-1.0185
1	-1.008
1	-0.9975
1	-0.987
1	-0.9765
1	-0.966
1	-0.9555
1	-0.945
1	-0.9345
1	-0.924
0.998047	-0.9135
1	-0.903
1	-0.8925
1	-0.882
1	-0.8715
0.998047	-0.861
1	-0.8505
1	-0.84
0.996094	-0.8295
0.998047	-0.819
1	-0.8085
1	-0.798
0.998047	-0.7875
0.998047	-0.777
1	-0.7665
1	-0.756
1	-0.7455
0.998047	-0.735
0.998047	-0.7245
0.998047	-0.714
0.990234	-0.7035
0.992188	-0.693
0.998047	-0.6825
0.996094	-0.672
1	-0.6615
0.996094	-0.651
0.994141	-0.6405
0.986328	-0.63
1	-0.6195
0.990234	-0.609
0.984375	-0.5985
0.988281	-0.588
0.990234	-0.5775
0.986328	-0.567
0.994141	-0.5565
0.984375	-0.546
0.974609	-0.5355
0.974609	-0.525
0.976562	-0.5145
0.964844	-0.504
0.957031	-0.4935
0.941406	-0.483
0.960938	-0.4725
0.935547	-0.462
0.935547	-0.4515
0.912109	-0.441
0.919922	-0.4305
0.931641	-0.42
0.894531	-0.4095
0.896484	-0.399
0.861328	-0.3885
0.859375	-0.378
0.837891	-0.3675
0.806641	-0.357
0.845703	-0.3465
0.791016	-0.336
0.78125	-0.3255
0.765625	-0.315
0.734375	-0.3045
0.724609	-0.294
0.675781	-0.2835
0.662109	-0.273
0.662109	-0.2625
0.583984	-0.252
0.564453	-0.2415
0.511719	-0.231
0.5625	-0.2205
0.511719	-0.21
0.494141	-0.1995
0.451172	-0.189
0.441406	-0.1785
0.416016	-0.168
0.349609	-0.1575
0.337891	-0.147
0.3125	-0.1365
0.283203	-0.126
0.271484	-0.1155
0.263672	-0.105
0.179688	-0.0945
0.175781	-0.084
0.191406	-0.0735
0.144531	-0.063
0.103516	-0.0525
0.0898438	-0.042
0.0878906	-0.0315
0.0371094	-0.021
0.0175781	-0.0105
0.0078125	-1.2837e-16
