0	0
0	0.0105
0	0.021
-0.00585938	0.0315
0	0.042
-0.00195312	0.0525
-0.00390625	0.063
-0.0078125	0.0735
-0.00585938	0.084
-0.0195312	0.0945
-0.0214844	0.105
-0.0332031	0.1155
-0.0527344	0.126
-0.0800781	0.1365
-0.0957031	0.147
-0.109375	0.1575
-0.324219	0.168
-0.386719	0.1785
-0.462891	0.189
-0.537109	0.1995
-0.611328	0.21
-0.658203	0.2205
-0.728516	0.231
-0.792969	0.2415
-0.814453	0.252
-0.886719	0.2625
-0.910156	0.273
-0.933594	0.2835
-0.939453	0.294
-0.978516	0.3045
-0.990234	0.315
-0.986328	0.3255
-0.996094	0.336
-0.996094	0.3465
-0.994141	0.357
-0.992188	0.3675
-0.996094	0.378
-0.998047	0.3885
-1	0.399
-0.998047	0.4095
-0.998047	0.42
-0.998047	0.4305
-1	0.441
-1	0.4515
-1	0.462
-1	0.4725
-1	0.483
-1	0.4935
-1	0.504
-1	0.5145
-1	0.525
-1	0.5355
-1	0.546
-1	0.5565
-1	0.567
-1	0.5775
-1	0.588
-1	0.5985
-1	0.609
-1	0.6195
-1	0.63
-1	0.6405
-1	0.651
-1	0.6615
-1	0.672
-1	0.6825
-1	0.693
-1	0.7035
-1	0.714
-1	0.7245
-1	0.735
-1	0.7455
-1	0.756
-1	0.7665
-1	0.777
-1	0.7875
-1	0.798
-1	0.8085
-1	0.819
-1	0.8295
-1	0.84
-1	0.8505
-1	0.861
-1	0.8715
-1	0.882
-1	0.8925
-1	0.903
-1	0.9135
-1	0.924
-1	0.9345
-1	0.945
-1	0.9555
-1	0.966
-1	0.9765
-1	0.987
-1	0.9975
-1	1.008
-1	1.0185
-1	1.029
-1	1.0395
-1	1.05
-1	1.0605
-1	1.05
-1	1.0395
-1	1.029
-1	1.0185
-1	1.008
-1	0.9975
-1	0.987
-1	0.9765
-1	0.966
-1	0.9555
-1	0.945
-1	0.9345
-1	0.924
-1	0.9135
-1	0.903
-1	0.8925
-1	0.882
-1	0.8715
-1	0.861
-1	0.8505
-1	0.84
-1	0.8295
-1	0.819
-1	0.8085
-1	0.798
-1	0.7875
-1	0.777
-1	0.7665
-1	0.756
-1	0.7455
-1	0.735
-1	0.7245
-1	0.714
-1	0.7035
-1	0.693
-1	0.6825
-1	0.672
-1	0.6615
-1	0.651
-1	0.6405
-1	0.63
-1	0.6195
-1	0.609
-1	0.5985
-1	0.588
-1	0.5775
-1	0.567
-1	0.5565
-1	0.546
-1	0.5355
-1	0.525
-1	0.5145
-1	0.504
-1	0.4935
-1	0.483
-1	0.4725
-1	0.462
-1	0.4515
-1	0.441
-1	0.4305
-1	0.42
-1	0.4095
-0.998047	0.399
-1	0.3885
-0.996094	0.378
-0.998047	0.3675
-0.998047	0.357
-0.992188	0.3465
-0.984375	0.336
-0.992188	0.3255
-0.990234	0.315
-0.974609	0.3045
-0.958984	0.294
-0.949219	0.2835
-0.923828	0.273
-0.832031	0.2625
-0.849609	0.252
-0.791016	0.2415
-0.730469	0.231
-0.664062	0.2205
-0.613281	0.21
-0.527344	0.1995
-0.484375	0.189
-0.392578	0.1785
-0.279297	0.168
-0.246094	0.1575
-0.146484	0.147
-0.0800781	0.1365
-0.0507812	0.126
-0.0351562	0.1155
-0.0214844	0.105
-0.015625	0.0945
-0.0078125	0.084
0	0.0735
0	0.063
0	0.0525
0	0.042
-0.00195312	0.0315
0	0.021
-0.00390625	0.0105
0	-9.36751e-17
0	-0.0105
0	-0.021
0.00195312	-0.0315
0	-0.042
0	-0.0525
0.00195312	-0.063
0.00585938	-0.0735
0.0078125	-0.084
0.0234375	-0.0945
0.0214844	-0.105
0.046875	-0.1155
0.0585938	-0.126
0.0664062	-0.1365
0.113281	-0.147
0.175781	-0.1575
0.298828	-0.168
0.357422	-0.1785
0.453125	-0.189
0.537109	-0.1995
0.654297	-0.21
0.679688	-0.2205
0.724609	-0.231
0.767578	-0.2415
0.828125	-0.252
0.886719	-0.2625
0.919922	-0.273
0.949219	-0.2835
0.955078	-0.294
0.964844	-0.3045
0.982422	-0.315
0.990234	-0.3255
0.994141	-0.336
0.996094	-0.3465
0.998047	-0.357
1	-0.3675
1	-0.378
1	-0.3885
1	-0.399
1	-0.4095
0.998047	-0.42
0.998047	-0.4305
1	-0.441
1	-0.4515
1	-0.462
1	-0.4725
1	-0.483
0.998047	-0.4935
1	-0.504
1	-0.5145
1	-0.525
1	-0.5355
1	-0.546
1	-0.5565
1	-0.567
1	-0.5775
1	-0.588
1	-0.5985
1	-0.609
1	-0.6195
1	-0.63
1	-0.6405
1	-0.651
1	-0.6615
1	-0.672
1	-0.6825
1	-0.693
1	-0.7035
1	-0.714
1	-0.7245
1	-0.735
1	-0.7455
1	-0.756
1	-0.7665
1	-0.777
1	-0.7875
1	-0.798
1	-0.8085
1	-0.819
1	-0.8295
1	-0.84
1	-0.8505
1	-0.861
1	-0.8715
1	-0.882
1	-0.8925
1	-0.903
1	-0.9135
1	-0.924
1	-0.9345
1	-0.945
1	-0.9555
1	-0.966
1	-0.9765
1	-0.987
1	-0.9975
1	-1.008
1	-1.0185
1	-1.029
1	-1.0395
1	-1.05
1	-1.0605
1	-1.05
1	-1.0395
1	-1.029
1	-1.0185
1	-1.008
1	-0.9975
1	-0.987
1	-0.9765
1	-0.966
1	-0.9555
1	-0.945
1	-0.9345
1	-0.924
1	-0.9135
1	-0.903
1	-0.8925
1	-0.882
1	-0.8715
1	-0.861
1	-0.8505
1	-0.84
1	-0.8295
1	-0.819
1	-0.8085
1	-0.798
1	-0.7875
1	-0.777
1	-0.7665
1	-0.756
1	-0.7455
1	-0.735
1	-0.7245
1	-0.714
1	-0.7035
1	-0.693
1	-0.6825
1	-0.672
1	-0.6615
1	-0.651
1	-0.6405
1	-0.63
1	-0.6195
1	-0.609
1	-0.5985
1	-0.588
1	-0.5775
1	-0.567
1	-0.5565
1	-0.546
1	-0.5355
1	-0.525
1	-0.5145
1	-0.504
1	-0.4935
1	-0.483
1	-0.4725
1	-0.462
1	-0.4515
1	-0.441
1	-0.4305
1	-0.42
1	-0.4095
1	-0.399
1	-0.3885
1	-0.378
0.998047	-0.3675
0.998047	-0.357
0.990234	-0.3465
0.998047	-0.336
0.986328	-0.3255
0.992188	-0.315
0.966797	-0.3045
0.960938	-0.294
0.927734	-0.2835
0.910156	-0.273
0.908203	-0.2625
0.861328	-0.252
0.804688	-0.2415
0.740234	-0.231
0.662109	-0.2205
0.617188	-0.21
0.511719	-0.1995
0.464844	-0.189
0.388672	-0.1785
0.275391	-0.168
0.169922	-0.1575
0.117188	-0.147
0.0917969	-0.1365
0.0488281	-0.126
0.03125	-0.1155
0.0234375	-0.105
0.0214844	-0.0945
0.00585938	-0.084
0.00390625	-0.0735
0.00390625	-0.063
0.00390625	-0.0525
0.00390625	-0.042
0	-0.0315
0	-0.021
-0.00195312	-0.0105
0	-1.2837e-16
