-0.00585938	0
0.00976562	0.0105
0.00390625	0.021
-0.00585938	0.0315
0.0136719	0.042
-0.0703125	0.0525
-0.109375	0.063
-0.0546875	0.0735
-0.0683594	0.084
-0.0214844	0.0945
-0.0996094	0.105
-0.0546875	0.1155
-0.111328	0.126
-0.0644531	0.1365
-0.0722656	0.147
-0.0429688	0.1575
-0.111328	0.168
-0.0722656	0.1785
-0.115234	0.189
-0.0722656	0.1995
-0.125	0.21
-0.111328	0.2205
-0.140625	0.231
-0.154297	0.2415
-0.09375	0.252
-0.146484	0.2625
-0.148438	0.273
-0.167969	0.2835
-0.140625	0.294
-0.146484	0.3045
-0.197266	0.315
-0.197266	0.3255
-0.232422	0.336
-0.226562	0.3465
-0.210938	0.357
-0.164062	0.3675
-0.207031	0.378
-0.207031	0.3885
-0.244141	0.399
-0.267578	0.4095
-0.244141	0.42
-0.330078	0.4305
-0.296875	0.441
-0.273438	0.4515
-0.287109	0.462
-0.222656	0.4725
-0.205078	0.483
-0.255859	0.4935
-0.302734	0.504
-0.246094	0.5145
-0.332031	0.525
-0.324219	0.5355
-0.324219	0.546
-0.341797	0.5565
-0.310547	0.567
-0.376953	0.5775
-0.34375	0.588
-0.283203	0.5985
-0.332031	0.609
-0.355469	0.6195
-0.287109	0.63
-0.380859	0.6405
-0.314453	0.651
-0.351562	0.6615
-0.349609	0.672
-0.414062	0.6825
-0.351562	0.693
-0.384766	0.7035
-0.357422	0.714
-0.417969	0.7245
-0.416016	0.735
-0.378906	0.7455
-0.398438	0.756
-0.460938	0.7665
-0.4375	0.777
-0.425781	0.7875
-0.449219	0.798
-0.435547	0.8085
-0.451172	0.819
-0.484375	0.8295
-0.416016	0.84
-0.458984	0.8505
-0.527344	0.861
-0.46875	0.8715
-0.455078	0.882
-0.486328	0.8925
-0.494141	0.903
-0.505859	0.9135
-0.494141	0.924
-0.548828	0.9345
-0.5	0.945
-0.484375	0.9555
-0.53125	0.966
-0.519531	0.9765
-0.511719	0.987
-0.498047	0.9975
-0.537109	1.008
-0.564453	1.0185
-0.583984	1.029
-0.574219	1.0395
-0.507812	1.05
-0.542969	1.0605
-0.576172	1.05
-0.582031	1.0395
-0.505859	1.029
-0.533203	1.0185
-0.533203	1.008
-0.498047	0.9975
-0.609375	0.987
-0.480469	0.9765
-0.492188	0.966
-0.509766	0.9555
-0.517578	0.945
-0.5	0.9345
-0.519531	0.924
-0.460938	0.9135
-0.4375	0.903
-0.490234	0.8925
-0.433594	0.882
-0.457031	0.8715
-0.474609	0.861
-0.474609	0.8505
-0.458984	0.84
-0.501953	0.8295
-0.451172	0.819
-0.451172	0.8085
-0.455078	0.798
-0.410156	0.7875
-0.416016	0.777
-0.404297	0.7665
-0.369141	0.756
-0.408203	0.7455
-0.423828	0.735
-0.400391	0.7245
-0.419922	0.714
-0.419922	0.7035
-0.404297	0.693
-0.398438	0.6825
-0.371094	0.672
-0.412109	0.6615
-0.330078	0.651
-0.333984	0.6405
-0.355469	0.63
-0.380859	0.6195
-0.320312	0.609
-0.353516	0.5985
-0.402344	0.588
-0.330078	0.5775
-0.308594	0.567
-0.302734	0.5565
-0.310547	0.546
-0.300781	0.5355
-0.251953	0.525
-0.28125	0.5145
-0.279297	0.504
-0.248047	0.4935
-0.267578	0.483
-0.232422	0.4725
-0.25	0.462
-0.253906	0.4515
-0.251953	0.441
-0.240234	0.4305
-0.263672	0.42
-0.265625	0.4095
-0.199219	0.399
-0.203125	0.3885
-0.136719	0.378
-0.199219	0.3675
-0.205078	0.357
-0.201172	0.3465
-0.166016	0.336
-0.15625	0.3255
-0.177734	0.315
-0.128906	0.3045
-0.162109	0.294
-0.197266	0.2835
-0.138672	0.273
-0.173828	0.2625
-0.144531	0.252
-0.148438	0.2415
-0.150391	0.231
-0.134766	0.2205
-0.113281	0.21
-0.0898438	0.1995
-0.101562	0.189
-0.109375	0.1785
-0.146484	0.168
-0.0761719	0.1575
-0.103516	0.147
-0.0722656	0.1365
-0.0546875	0.126
-0.0488281	0.1155
-0.101562	0.105
-0.0820312	0.0945
-0.0292969	0.084
-0.0234375	0.0735
-0.0488281	0.063
0.00585938	0.0525
0.0175781	0.042
0.0078125	0.0315
-0.0078125	0.021
0.0117188	0.0105
0.00976562	-9.36751e-17
0.0195312	-0.0105
-0.00976562	-0.021
-0.00195312	-0.0315
0.0410156	-0.042
0.00585938	-0.0525
-0.00195312	-0.063
0.0917969	-0.0735
0.0585938	-0.084
0.0488281	-0.0945
0.0898438	-0.105
0.0820312	-0.1155
0.0214844	-0.126
0.0917969	-0.1365
0.0878906	-0.147
0.0839844	-0.1575
0.152344	-0.168
0.142578	-0.1785
0.0566406	-0.189
0.148438	-0.1995
0.148438	-0.21
0.126953	-0.2205
0.148438	-0.231
0.1875	-0.2415
0.164062	-0.252
0.150391	-0.2625
0.197266	-0.273
0.167969	-0.2835
0.171875	-0.294
0.164062	-0.3045
0.142578	-0.315
0.173828	-0.3255
0.171875	-0.336
0.197266	-0.3465
0.183594	-0.357
0.248047	-0.3675
0.242188	-0.378
0.1875	-0.3885
0.25	-0.399
0.271484	-0.4095
0.224609	-0.42
0.150391	-0.4305
0.226562	-0.441
0.251953	-0.4515
0.244141	-0.462
0.304688	-0.4725
0.265625	-0.483
0.273438	-0.4935
0.298828	-0.504
0.244141	-0.5145
0.3125	-0.525
0.263672	-0.5355
0.318359	-0.546
0.310547	-0.5565
0.316406	-0.567
0.330078	-0.5775
0.355469	-0.588
0.384766	-0.5985
0.339844	-0.609
0.324219	-0.6195
0.398438	-0.63
0.361328	-0.6405
0.365234	-0.651
0.355469	-0.6615
0.392578	-0.672
0.375	-0.6825
0.355469	-0.693
0.376953	-0.7035
0.419922	-0.714
0.386719	-0.7245
0.419922	-0.735
0.394531	-0.7455
0.455078	-0.756
0.423828	-0.7665
0.408203	-0.777
0.417969	-0.7875
0.427734	-0.798
0.408203	-0.8085
0.439453	-0.819
0.496094	-0.8295
0.494141	-0.84
0.466797	-0.8505
0.480469	-0.861
0.457031	-0.8715
0.5	-0.882
0.486328	-0.8925
0.529297	-0.903
0.5	-0.9135
0.541016	-0.924
0.5	-0.9345
0.511719	-0.945
0.455078	-0.9555
0.546875	-0.966
0.494141	-0.9765
0.568359	-0.987
0.548828	-0.9975
0.519531	-1.008
0.560547	-1.0185
0.535156	-1.029
0.484375	-1.0395
0.591797	-1.05
0.558594	-1.0605
0.558594	-1.05
0.517578	-1.0395
0.556641	-1.029
0.583984	-1.0185
0.535156	-1.008
0.515625	-0.9975
0.501953	-0.987
0.53125	-0.9765
0.53125	-0.966
0.53125	-0.9555
0.46875	-0.945
0.484375	-0.9345
0.458984	-0.924
0.5	-0.9135
0.470703	-0.903
0.529297	-0.8925
0.470703	-0.882
0.488281	-0.8715
0.460938	-0.861
0.470703	-0.8505
0.453125	-0.84
0.429688	-0.8295
0.404297	-0.819
0.394531	-0.8085
0.460938	-0.798
0.470703	-0.7875
0.439453	-0.777
0.369141	-0.7665
0.421875	-0.756
0.433594	-0.7455
0.447266	-0.735
0.455078	-0.7245
0.394531	-0.714
0.402344	-0.7035
0.363281	-0.693
0.417969	-0.6825
0.289062	-0.672
0.396484	-0.6615
0.410156	-0.651
0.423828	-0.6405
0.445312	-0.63
0.369141	-0.6195
0.359375	-0.609
0.328125	-0.5985
0.347656	-0.588
0.326172	-0.5775
0.337891	-0.567
0.308594	-0.5565
0.314453	-0.546
0.332031	-0.5355
0.296875	-0.525
0.318359	-0.5145
0.263672	-0.504
0.310547	-0.4935
0.208984	-0.483
0.248047	-0.4725
0.263672	-0.462
0.277344	-0.4515
0.269531	-0.441
0.273438	-0.4305
0.230469	-0.42
0.205078	-0.4095
0.232422	-0.399
0.146484	-0.3885
0.173828	-0.378
0.216797	-0.3675
0.138672	-0.357
0.216797	-0.3465
0.166016	-0.336
0.214844	-0.3255
0.208984	-0.315
0.1875	-0.3045
0.119141	-0.294
0.216797	-0.2835
0.126953	-0.273
0.154297	-0.2625
0.136719	-0.252
0.126953	-0.2415
0.115234	-0.231
0.144531	-0.2205
0.177734	-0.21
0.109375	-0.1995
0.0859375	-0.189
0.0566406	-0.1785
0.0917969	-0.168
0.111328	-0.1575
0.0859375	-0.147
0.0917969	-0.1365
0.0625	-0.126
0.0644531	-0.1155
0.0683594	-0.105
0.00195312	-0.0945
0.0546875	-0.084
0.0292969	-0.0735
0.0234375	-0.063
0.105469	-0.0525
0.0410156	-0.042
0.03125	-0.0315
-0.0195312	-0.021
-0.0273438	-0.0105
-0.00195312	-1.2837e-16
