0	0
0	0.0105
0	0.021
0.00195312	0.0315
-0.00390625	0.042
0	0.0525
0	0.063
0.00195312	0.0735
0	0.084
0	0.0945
0	0.105
0	0.1155
0	0.126
-0.00585938	0.1365
-0.0136719	0.147
-0.0078125	0.1575
-0.0117188	0.168
-0.00585938	0.1785
-0.0117188	0.189
-0.0175781	0.1995
-0.0195312	0.21
-0.0273438	0.2205
-0.0273438	0.231
-0.0292969	0.2415
-0.0488281	0.252
-0.0644531	0.2625
-0.0917969	0.273
-0.105469	0.2835
-0.103516	0.294
-0.109375	0.3045
-0.171875	0.315
-0.208984	0.3255
-0.28125	0.336
-0.369141	0.3465
-0.390625	0.357
-0.427734	0.3675
-0.470703	0.378
-0.490234	0.3885
-0.548828	0.399
-0.59375	0.4095
-0.609375	0.42
-0.621094	0.4305
-0.708984	0.441
-0.705078	0.4515
-0.746094	0.462
-0.753906	0.4725
-0.787109	0.483
-0.833984	0.4935
-0.853516	0.504
-0.855469	0.5145
-0.888672	0.525
-0.900391	0.5355
-0.917969	0.546
-0.917969	0.5565
-0.953125	0.567
-0.9375	0.5775
-0.945312	0.588
-0.966797	0.5985
-0.978516	0.609
-0.972656	0.6195
-0.982422	0.63
-0.978516	0.6405
-0.988281	0.651
-0.988281	0.6615
-0.986328	0.672
-0.994141	0.6825
-0.996094	0.693
-0.994141	0.7035
-0.996094	0.714
-1	0.7245
-0.998047	0.735
-0.998047	0.7455
-0.998047	0.756
-0.998047	0.7665
-1	0.777
-1	0.7875
-1	0.798
-1	0.8085
-1	0.819
-1	0.8295
-1	0.84
-1	0.8505
-1	0.861
-1	0.8715
-1	0.882
-1	0.8925
-1	0.903
-1	0.9135
-1	0.924
-1	0.9345
-1	0.945
-1	0.9555
-1	0.966
-1	0.9765
-1	0.987
-1	0.9975
-1	1.008
-1	1.0185
-1	1.029
-1	1.0395
-1	1.05
-1	1.0605
-1	1.05
-1	1.0395
-1	1.029
-1	1.0185
-1	1.008
-1	0.9975
-1	0.987
-1	0.9765
-1	0.966
-1	0.9555
-1	0.945
-1	0.9345
-1	0.924
-1	0.9135
-1	0.903
-1	0.8925
-1	0.882
-1	0.8715
-1	0.861
-1	0.8505
-1	0.84
-1	0.8295
-0.998047	0.819
-1	0.8085
-1	0.798
-1	0.7875
-1	0.777
-1	0.7665
-1	0.756
-1	0.7455
-0.994141	0.735
-0.996094	0.7245
-0.990234	0.714
-0.986328	0.7035
-0.994141	0.693
-0.986328	0.6825
-0.994141	0.672
-0.988281	0.6615
-0.988281	0.651
-0.982422	0.6405
-0.980469	0.63
-0.970703	0.6195
-0.984375	0.609
-0.974609	0.5985
-0.945312	0.588
-0.964844	0.5775
-0.929688	0.567
-0.925781	0.5565
-0.914062	0.546
-0.867188	0.5355
-0.851562	0.525
-0.832031	0.5145
-0.837891	0.504
-0.8125	0.4935
-0.777344	0.483
-0.748047	0.4725
-0.708984	0.462
-0.673828	0.4515
-0.660156	0.441
-0.654297	0.4305
-0.623047	0.42
-0.582031	0.4095
-0.564453	0.399
-0.533203	0.3885
-0.486328	0.378
-0.408203	0.3675
-0.386719	0.357
-0.355469	0.3465
-0.339844	0.336
-0.234375	0.3255
-0.177734	0.315
-0.154297	0.3045
-0.101562	0.294
-0.0917969	0.2835
-0.0644531	0.273
-0.0546875	0.2625
-0.0410156	0.252
-0.0410156	0.2415
-0.0253906	0.231
-0.0234375	0.2205
-0.0234375	0.21
-0.0117188	0.1995
-0.0214844	0.189
-0.00976562	0.1785
-0.0117188	0.168
-0.00390625	0.1575
-0.0078125	0.147
-0.00390625	0.1365
-0.00195312	0.126
-0.00390625	0.1155
0	0.105
0	0.0945
0	0.084
0	0.0735
0	0.063
0	0.0525
0	0.042
0	0.0315
0	0.021
0	0.0105
0	-9.36751e-17
0	-0.0105
0.00195312	-0.021
0	-0.0315
0	-0.042
0.00195312	-0.0525
0	-0.063
0	-0.0735
0	-0.084
0	-0.0945
0.00390625	-0.105
0	-0.1155
0.00976562	-0.126
0.00585938	-0.1365
0.00195312	-0.147
0.0078125	-0.1575
0.00976562	-0.168
0.0175781	-0.1785
0.0078125	-0.189
0.0195312	-0.1995
0.0195312	-0.21
0.0253906	-0.2205
0.0351562	-0.231
0.0351562	-0.2415
0.0625	-0.252
0.0527344	-0.2625
0.0761719	-0.273
0.0800781	-0.2835
0.115234	-0.294
0.150391	-0.3045
0.1875	-0.315
0.224609	-0.3255
0.308594	-0.336
0.349609	-0.3465
0.388672	-0.357
0.417969	-0.3675
0.445312	-0.378
0.511719	-0.3885
0.568359	-0.399
0.566406	-0.4095
0.623047	-0.42
0.628906	-0.4305
0.673828	-0.441
0.679688	-0.4515
0.71875	-0.462
0.748047	-0.4725
0.804688	-0.483
0.818359	-0.4935
0.828125	-0.504
0.841797	-0.5145
0.904297	-0.525
0.890625	-0.5355
0.898438	-0.546
0.921875	-0.5565
0.939453	-0.567
0.945312	-0.5775
0.958984	-0.588
0.964844	-0.5985
0.972656	-0.609
0.960938	-0.6195
0.970703	-0.63
0.994141	-0.6405
0.992188	-0.651
0.992188	-0.6615
0.986328	-0.672
0.994141	-0.6825
0.992188	-0.693
0.998047	-0.7035
0.994141	-0.714
0.998047	-0.7245
0.994141	-0.735
1	-0.7455
0.994141	-0.756
0.998047	-0.7665
0.998047	-0.777
1	-0.7875
1	-0.798
1	-0.8085
0.998047	-0.819
1	-0.8295
1	-0.84
1	-0.8505
1	-0.861
1	-0.8715
1	-0.882
1	-0.8925
0.998047	-0.903
1	-0.9135
1	-0.924
1	-0.9345
1	-0.945
1	-0.9555
1	-0.966
1	-0.9765
1	-0.987
1	-0.9975
1	-1.008
1	-1.0185
1	-1.029
1	-1.0395
1	-1.05
1	-1.0605
1	-1.05
1	-1.0395
1	-1.029
1	-1.0185
1	-1.008
1	-0.9975
1	-0.987
1	-0.9765
1	-0.966
1	-0.9555
0.998047	-0.945
1	-0.9345
1	-0.924
1	-0.9135
1	-0.903
1	-0.8925
1	-0.882
1	-0.8715
1	-0.861
1	-0.8505
1	-0.84
1	-0.8295
1	-0.819
1	-0.8085
1	-0.798
1	-0.7875
1	-0.777
1	-0.7665
1	-0.756
1	-0.7455
1	-0.735
1	-0.7245
1	-0.714
1	-0.7035
0.996094	-0.693
0.996094	-0.6825
0.990234	-0.672
0.988281	-0.6615
0.992188	-0.651
0.982422	-0.6405
0.990234	-0.63
0.988281	-0.6195
0.958984	-0.609
0.976562	-0.5985
0.951172	-0.588
0.9375	-0.5775
0.933594	-0.567
0.929688	-0.5565
0.900391	-0.546
0.902344	-0.5355
0.886719	-0.525
0.871094	-0.5145
0.859375	-0.504
0.835938	-0.4935
0.78125	-0.483
0.792969	-0.4725
0.724609	-0.462
0.6875	-0.4515
0.6875	-0.441
0.630859	-0.4305
0.607422	-0.42
0.574219	-0.4095
0.544922	-0.399
0.535156	-0.3885
0.46875	-0.378
0.435547	-0.3675
0.416016	-0.357
0.275391	-0.3465
0.335938	-0.336
0.240234	-0.3255
0.201172	-0.315
0.140625	-0.3045
0.109375	-0.294
0.0820312	-0.2835
0.0957031	-0.273
0.0664062	-0.2625
0.0605469	-0.252
0.0488281	-0.2415
0.0390625	-0.231
0.0175781	-0.2205
0.0234375	-0.21
0.0078125	-0.1995
0.0234375	-0.189
0.0078125	-0.1785
0.00585938	-0.168
0.00585938	-0.1575
0.00585938	-0.147
0.00585938	-0.1365
0.00976562	-0.126
0	-0.1155
0.00195312	-0.105
0.00390625	-0.0945
0.00195312	-0.084
0.00390625	-0.0735
0	-0.063
0	-0.0525
0.00195312	-0.042
-0.00195312	-0.0315
0	-0.021
0	-0.0105
0	-1.2837e-16
