-0.0371094	0
-0.0566406	0.0105
-0.03125	0.021
-0.0234375	0.0315
0.0117188	0.042
-0.0351562	0.0525
-0.0703125	0.063
-0.00195312	0.0735
-0.0332031	0.084
-0.0390625	0.0945
-0.0644531	0.105
-0.0546875	0.1155
-0.0996094	0.126
-0.146484	0.1365
-0.167969	0.147
-0.177734	0.1575
-0.0839844	0.168
-0.207031	0.1785
-0.134766	0.189
-0.171875	0.1995
-0.113281	0.21
-0.117188	0.2205
-0.181641	0.231
-0.134766	0.2415
-0.236328	0.252
-0.212891	0.2625
-0.185547	0.273
-0.236328	0.2835
-0.291016	0.294
-0.253906	0.3045
-0.201172	0.315
-0.189453	0.3255
-0.271484	0.336
-0.283203	0.3465
-0.251953	0.357
-0.304688	0.3675
-0.279297	0.378
-0.347656	0.3885
-0.287109	0.399
-0.330078	0.4095
-0.326172	0.42
-0.314453	0.4305
-0.326172	0.441
-0.396484	0.4515
-0.363281	0.462
-0.416016	0.4725
-0.339844	0.483
-0.365234	0.4935
-0.421875	0.504
-0.382812	0.5145
-0.345703	0.525
-0.34375	0.5355
-0.376953	0.546
-0.429688	0.5565
-0.414062	0.567
-0.439453	0.5775
-0.433594	0.588
-0.441406	0.5985
-0.427734	0.609
-0.460938	0.6195
-0.392578	0.63
-0.460938	0.6405
-0.433594	0.651
-0.480469	0.6615
-0.503906	0.672
-0.513672	0.6825
-0.496094	0.693
-0.488281	0.7035
-0.542969	0.714
-0.5	0.7245
-0.507812	0.735
-0.462891	0.7455
-0.523438	0.756
-0.503906	0.7665
-0.496094	0.777
-0.527344	0.7875
-0.570312	0.798
-0.525391	0.8085
-0.507812	0.819
-0.568359	0.8295
-0.554688	0.84
-0.601562	0.8505
-0.539062	0.861
-0.613281	0.8715
-0.554688	0.882
-0.574219	0.8925
-0.560547	0.903
-0.560547	0.9135
-0.628906	0.924
-0.576172	0.9345
-0.626953	0.945
-0.642578	0.9555
-0.583984	0.966
-0.650391	0.9765
-0.642578	0.987
-0.611328	0.9975
-0.623047	1.008
-0.615234	1.0185
-0.646484	1.029
-0.679688	1.0395
-0.638672	1.05
-0.675781	1.0605
-0.650391	1.05
-0.671875	1.0395
-0.666016	1.029
-0.654297	1.0185
-0.609375	1.008
-0.632812	0.9975
-0.615234	0.987
-0.642578	0.9765
-0.640625	0.966
-0.626953	0.9555
-0.597656	0.945
-0.603516	0.9345
-0.662109	0.924
-0.554688	0.9135
-0.589844	0.903
-0.580078	0.8925
-0.576172	0.882
-0.589844	0.8715
-0.554688	0.861
-0.580078	0.8505
-0.566406	0.84
-0.564453	0.8295
-0.566406	0.819
-0.517578	0.8085
-0.527344	0.798
-0.507812	0.7875
-0.578125	0.777
-0.525391	0.7665
-0.494141	0.756
-0.474609	0.7455
-0.498047	0.735
-0.503906	0.7245
-0.513672	0.714
-0.472656	0.7035
-0.455078	0.693
-0.449219	0.6825
-0.425781	0.672
-0.431641	0.6615
-0.466797	0.651
-0.398438	0.6405
-0.40625	0.63
-0.464844	0.6195
-0.419922	0.609
-0.433594	0.5985
-0.378906	0.588
-0.373047	0.5775
-0.40625	0.567
-0.425781	0.5565
-0.417969	0.546
-0.390625	0.5355
-0.373047	0.525
-0.289062	0.5145
-0.410156	0.504
-0.304688	0.4935
-0.332031	0.483
-0.328125	0.4725
-0.369141	0.462
-0.308594	0.4515
-0.304688	0.441
-0.345703	0.4305
-0.251953	0.42
-0.255859	0.4095
-0.314453	0.399
-0.289062	0.3885
-0.345703	0.378
-0.291016	0.3675
-0.310547	0.357
-0.296875	0.3465
-0.263672	0.336
-0.3125	0.3255
-0.210938	0.315
-0.265625	0.3045
-0.232422	0.294
-0.21875	0.2835
-0.203125	0.273
-0.232422	0.2625
-0.134766	0.252
-0.138672	0.2415
-0.183594	0.231
-0.1875	0.2205
-0.238281	0.21
-0.146484	0.1995
-0.107422	0.189
-0.146484	0.1785
-0.101562	0.168
-0.142578	0.1575
-0.111328	0.147
-0.103516	0.1365
-0.0917969	0.126
-0.0917969	0.1155
-0.123047	0.105
-0.128906	0.0945
-0.0507812	0.084
-0.0566406	0.0735
-0.123047	0.063
-0.0273438	0.0525
-0.0644531	0.042
-0.0546875	0.0315
0.00195312	0.021
0.00585938	0.0105
0.0429688	-9.36751e-17
-0.0214844	-0.0105
-0.00976562	-0.021
0.0332031	-0.0315
0.0195312	-0.042
0.0625	-0.0525
0.0371094	-0.063
0.046875	-0.0735
0.109375	-0.084
0.111328	-0.0945
0.0878906	-0.105
0.0800781	-0.1155
0.0625	-0.126
0.136719	-0.1365
0.119141	-0.147
0.123047	-0.1575
0.146484	-0.168
0.183594	-0.1785
0.09375	-0.189
0.128906	-0.1995
0.136719	-0.21
0.148438	-0.2205
0.166016	-0.231
0.191406	-0.2415
0.152344	-0.252
0.169922	-0.2625
0.240234	-0.273
0.207031	-0.2835
0.226562	-0.294
0.232422	-0.3045
0.208984	-0.315
0.283203	-0.3255
0.228516	-0.336
0.226562	-0.3465
0.242188	-0.357
0.279297	-0.3675
0.244141	-0.378
0.263672	-0.3885
0.316406	-0.399
0.263672	-0.4095
0.335938	-0.42
0.351562	-0.4305
0.269531	-0.441
0.375	-0.4515
0.382812	-0.462
0.357422	-0.4725
0.333984	-0.483
0.361328	-0.4935
0.421875	-0.504
0.40625	-0.5145
0.376953	-0.525
0.412109	-0.5355
0.449219	-0.546
0.396484	-0.5565
0.414062	-0.567
0.380859	-0.5775
0.441406	-0.588
0.429688	-0.5985
0.417969	-0.609
0.443359	-0.6195
0.472656	-0.63
0.449219	-0.6405
0.470703	-0.651
0.451172	-0.6615
0.429688	-0.672
0.498047	-0.6825
0.498047	-0.693
0.509766	-0.7035
0.525391	-0.714
0.472656	-0.7245
0.521484	-0.735
0.509766	-0.7455
0.560547	-0.756
0.457031	-0.7665
0.537109	-0.777
0.537109	-0.7875
0.523438	-0.798
0.511719	-0.8085
0.564453	-0.819
0.582031	-0.8295
0.537109	-0.84
0.560547	-0.8505
0.580078	-0.861
0.626953	-0.8715
0.564453	-0.882
0.583984	-0.8925
0.550781	-0.903
0.541016	-0.9135
0.613281	-0.924
0.603516	-0.9345
0.597656	-0.945
0.623047	-0.9555
0.585938	-0.966
0.642578	-0.9765
0.580078	-0.987
0.609375	-0.9975
0.664062	-1.008
0.621094	-1.0185
0.689453	-1.029
0.654297	-1.0395
0.632812	-1.05
0.642578	-1.0605
0.626953	-1.05
0.691406	-1.0395
0.671875	-1.029
0.660156	-1.0185
0.652344	-1.008
0.623047	-0.9975
0.609375	-0.987
0.636719	-0.9765
0.623047	-0.966
0.613281	-0.9555
0.607422	-0.945
0.654297	-0.9345
0.642578	-0.924
0.611328	-0.9135
0.580078	-0.903
0.605469	-0.8925
0.613281	-0.882
0.572266	-0.8715
0.556641	-0.861
0.585938	-0.8505
0.554688	-0.84
0.558594	-0.8295
0.568359	-0.819
0.541016	-0.8085
0.558594	-0.798
0.486328	-0.7875
0.433594	-0.777
0.548828	-0.7665
0.507812	-0.756
0.529297	-0.7455
0.458984	-0.735
0.494141	-0.7245
0.46875	-0.714
0.441406	-0.7035
0.527344	-0.693
0.484375	-0.6825
0.482422	-0.672
0.503906	-0.6615
0.449219	-0.651
0.462891	-0.6405
0.470703	-0.63
0.480469	-0.6195
0.462891	-0.609
0.414062	-0.5985
0.404297	-0.588
0.394531	-0.5775
0.417969	-0.567
0.417969	-0.5565
0.371094	-0.546
0.386719	-0.5355
0.339844	-0.525
0.419922	-0.5145
0.361328	-0.504
0.326172	-0.4935
0.40625	-0.483
0.365234	-0.4725
0.279297	-0.462
0.326172	-0.4515
0.320312	-0.441
0.28125	-0.4305
0.339844	-0.42
0.308594	-0.4095
0.232422	-0.399
0.330078	-0.3885
0.271484	-0.378
0.228516	-0.3675
0.279297	-0.357
0.212891	-0.3465
0.269531	-0.336
0.257812	-0.3255
0.240234	-0.315
0.302734	-0.3045
0.201172	-0.294
0.195312	-0.2835
0.181641	-0.273
0.167969	-0.2625
0.166016	-0.252
0.185547	-0.2415
0.148438	-0.231
0.183594	-0.2205
0.185547	-0.21
0.0507812	-0.1995
0.197266	-0.189
0.179688	-0.1785
0.123047	-0.168
0.125	-0.1575
0.0585938	-0.147
0.0488281	-0.1365
0.111328	-0.126
0.0527344	-0.1155
0.0585938	-0.105
0.0507812	-0.0945
0.0292969	-0.084
0.0605469	-0.0735
0.0273438	-0.063
0.0273438	-0.0525
0.0566406	-0.042
-0.0117188	-0.0315
0.0234375	-0.021
-0.0234375	-0.0105
0.0078125	-1.2837e-16
