0.0214844	0
-0.400391	0.0105
-0.652344	0.021
-0.789062	0.0315
-0.837891	0.042
-0.890625	0.0525
-0.892578	0.063
-0.914062	0.0735
-0.945312	0.084
-0.945312	0.0945
-0.941406	0.105
-0.958984	0.1155
-0.964844	0.126
-0.982422	0.1365
-0.972656	0.147
-0.984375	0.1575
-0.978516	0.168
-0.994141	0.1785
-0.996094	0.189
-0.988281	0.1995
-0.988281	0.21
-0.988281	0.2205
-0.996094	0.231
-0.994141	0.2415
-0.994141	0.252
-0.994141	0.2625
-1	0.273
-1	0.2835
-0.996094	0.294
-0.996094	0.3045
-0.996094	0.315
-0.996094	0.3255
-0.998047	0.336
-1	0.3465
-1	0.357
-0.998047	0.3675
-0.998047	0.378
-0.998047	0.3885
-1	0.399
-1	0.4095
-1	0.42
-0.998047	0.4305
-1	0.441
-1	0.4515
-1	0.462
-1	0.4725
-1	0.483
-1	0.4935
-1	0.504
-1	0.5145
-1	0.525
-0.998047	0.5355
-1	0.546
-1	0.5565
-1	0.567
-1	0.5775
-1	0.588
-1	0.5985
-1	0.609
-1	0.6195
-1	0.63
-1	0.6405
-1	0.651
-1	0.6615
-1	0.672
-1	0.6825
-1	0.693
-1	0.7035
-1	0.714
-1	0.7245
-1	0.735
-1	0.7455
-1	0.756
-1	0.7665
-1	0.777
-1	0.7875
-1	0.798
-1	0.8085
-1	0.819
-1	0.8295
-1	0.84
-1	0.8505
-1	0.861
-1	0.8715
-1	0.882
-1	0.8925
-1	0.903
-1	0.9135
-1	0.924
-1	0.9345
-1	0.945
-1	0.9555
-1	0.966
-1	0.9765
-1	0.987
-1	0.9975
-1	1.008
-1	1.0185
-1	1.029
-1	1.0395
-1	1.05
-1	1.0605
-1	1.05
-1	1.0395
-1	1.029
-1	1.0185
-1	1.008
-1	0.9975
-1	0.987
-1	0.9765
-1	0.966
-1	0.9555
-1	0.945
-1	0.9345
-1	0.924
-1	0.9135
-1	0.903
-1	0.8925
-1	0.882
-1	0.8715
-1	0.861
-1	0.8505
-1	0.84
-1	0.8295
-1	0.819
-1	0.8085
-1	0.798
-1	0.7875
-1	0.777
-1	0.7665
-1	0.756
-1	0.7455
-1	0.735
-1	0.7245
-1	0.714
-1	0.7035
-1	0.693
-1	0.6825
-1	0.672
-1	0.6615
-1	0.651
-1	0.6405
-1	0.63
-1	0.6195
-1	0.609
-1	0.5985
-1	0.588
-1	0.5775
-1	0.567
-1	0.5565
-1	0.546
-1	0.5355
-1	0.525
-1	0.5145
-1	0.504
-1	0.4935
-1	0.483
-1	0.4725
-1	0.462
-1	0.4515
-1	0.441
-0.998047	0.4305
-1	0.42
-1	0.4095
-1	0.399
-1	0.3885
-1	0.378
-1	0.3675
-1	0.357
-1	0.3465
-0.996094	0.336
-1	0.3255
-1	0.315
-1	0.3045
-0.996094	0.294
-0.994141	0.2835
-0.994141	0.273
-0.998047	0.2625
-0.996094	0.252
-0.990234	0.2415
-0.992188	0.231
-0.992188	0.2205
-0.988281	0.21
-0.996094	0.1995
-0.994141	0.189
-0.990234	0.1785
-0.996094	0.168
-0.980469	0.1575
-0.978516	0.147
-0.966797	0.1365
-0.974609	0.126
-0.962891	0.1155
-0.962891	0.105
-0.945312	0.0945
-0.951172	0.084
-0.925781	0.0735
-0.925781	0.063
-0.892578	0.0525
-0.824219	0.042
-0.841797	0.0315
-0.769531	0.021
-0.548828	0.0105
-0.154297	-9.36751e-17
0.544922	-0.0105
0.71875	-0.021
0.792969	-0.0315
0.835938	-0.042
0.882812	-0.0525
0.912109	-0.063
0.929688	-0.0735
0.931641	-0.084
0.953125	-0.0945
0.966797	-0.105
0.964844	-0.1155
0.964844	-0.126
0.976562	-0.1365
0.964844	-0.147
0.988281	-0.1575
0.978516	-0.168
0.984375	-0.1785
0.988281	-0.189
0.988281	-0.1995
0.992188	-0.21
0.998047	-0.2205
0.992188	-0.231
0.994141	-0.2415
0.994141	-0.252
0.998047	-0.2625
0.998047	-0.273
0.996094	-0.2835
0.994141	-0.294
1	-0.3045
1	-0.315
0.996094	-0.3255
0.998047	-0.336
1	-0.3465
1	-0.357
1	-0.3675
0.998047	-0.378
1	-0.3885
0.998047	-0.399
0.998047	-0.4095
0.996094	-0.42
1	-0.4305
0.998047	-0.441
1	-0.4515
0.998047	-0.462
1	-0.4725
1	-0.483
1	-0.4935
1	-0.504
1	-0.5145
1	-0.525
1	-0.5355
1	-0.546
1	-0.5565
1	-0.567
1	-0.5775
1	-0.588
1	-0.5985
1	-0.609
1	-0.6195
1	-0.63
1	-0.6405
1	-0.651
1	-0.6615
1	-0.672
1	-0.6825
1	-0.693
1	-0.7035
1	-0.714
1	-0.7245
1	-0.735
1	-0.7455
1	-0.756
1	-0.7665
1	-0.777
1	-0.7875
1	-0.798
1	-0.8085
1	-0.819
1	-0.8295
1	-0.84
1	-0.8505
1	-0.861
1	-0.8715
1	-0.882
1	-0.8925
1	-0.903
1	-0.9135
1	-0.924
1	-0.9345
1	-0.945
1	-0.9555
1	-0.966
1	-0.9765
1	-0.987
1	-0.9975
1	-1.008
1	-1.0185
1	-1.029
1	-1.0395
1	-1.05
1	-1.0605
1	-1.05
1	-1.0395
1	-1.029
1	-1.0185
1	-1.008
1	-0.9975
1	-0.987
1	-0.9765
1	-0.966
1	-0.9555
1	-0.945
1	-0.9345
1	-0.924
1	-0.9135
1	-0.903
1	-0.8925
1	-0.882
1	-0.8715
1	-0.861
1	-0.8505
1	-0.84
1	-0.8295
1	-0.819
1	-0.8085
1	-0.798
1	-0.7875
1	-0.777
1	-0.7665
1	-0.756
1	-0.7455
1	-0.735
1	-0.7245
1	-0.714
1	-0.7035
1	-0.693
1	-0.6825
1	-0.672
1	-0.6615
1	-0.651
1	-0.6405
1	-0.63
1	-0.6195
1	-0.609
1	-0.5985
1	-0.588
0.998047	-0.5775
1	-0.567
1	-0.5565
1	-0.546
1	-0.5355
1	-0.525
1	-0.5145
1	-0.504
1	-0.4935
1	-0.483
0.998047	-0.4725
1	-0.462
1	-0.4515
1	-0.441
1	-0.4305
1	-0.42
1	-0.4095
1	-0.399
1	-0.3885
1	-0.378
0.998047	-0.3675
1	-0.357
0.998047	-0.3465
1	-0.336
0.996094	-0.3255
0.996094	-0.315
0.994141	-0.3045
0.996094	-0.294
0.994141	-0.2835
0.988281	-0.273
0.996094	-0.2625
0.990234	-0.252
0.990234	-0.2415
0.988281	-0.231
0.990234	-0.2205
0.992188	-0.21
0.986328	-0.1995
0.982422	-0.189
0.986328	-0.1785
0.980469	-0.168
0.986328	-0.1575
0.982422	-0.147
0.962891	-0.1365
0.96875	-0.126
0.958984	-0.1155
0.939453	-0.105
0.958984	-0.0945
0.955078	-0.084
0.933594	-0.0735
0.931641	-0.063
0.923828	-0.0525
0.863281	-0.042
0.833984	-0.0315
0.759766	-0.021
0.378906	-0.0105
0.177734	-1.2837e-16
