-0.101562	0
-0.0664062	0.0105
-0.203125	0.021
-0.316406	0.0315
-0.421875	0.042
-0.478516	0.0525
-0.601562	0.063
-0.623047	0.0735
-0.675781	0.084
-0.740234	0.0945
-0.714844	0.105
-0.746094	0.1155
-0.794922	0.126
-0.779297	0.1365
-0.826172	0.147
-0.841797	0.1575
-0.898438	0.168
-0.892578	0.1785
-0.882812	0.189
-0.886719	0.1995
-0.910156	0.21
-0.919922	0.2205
-0.900391	0.231
-0.912109	0.2415
-0.945312	0.252
-0.933594	0.2625
-0.957031	0.273
-0.951172	0.2835
-0.966797	0.294
-0.974609	0.3045
-0.962891	0.315
-0.953125	0.3255
-0.966797	0.336
-0.978516	0.3465
-0.974609	0.357
-0.976562	0.3675
-0.980469	0.378
-0.974609	0.3885
-0.978516	0.399
-0.982422	0.4095
-0.996094	0.42
-0.990234	0.4305
-0.990234	0.441
-0.986328	0.4515
-0.974609	0.462
-0.992188	0.4725
-0.988281	0.483
-1	0.4935
-0.988281	0.504
-0.986328	0.5145
-0.994141	0.525
-0.994141	0.5355
-1	0.546
-0.994141	0.5565
-0.998047	0.567
-0.998047	0.5775
-0.998047	0.588
-1	0.5985
-1	0.609
-0.992188	0.6195
-0.998047	0.63
-0.998047	0.6405
-1	0.651
-0.994141	0.6615
-0.998047	0.672
-1	0.6825
-0.998047	0.693
-0.998047	0.7035
-0.998047	0.714
-1	0.7245
-1	0.735
-1	0.7455
-1	0.756
-0.998047	0.7665
-0.996094	0.777
-0.998047	0.7875
-0.998047	0.798
-1	0.8085
-1	0.819
-1	0.8295
-1	0.84
-1	0.8505
-1	0.861
-1	0.8715
-0.998047	0.882
-1	0.8925
-0.998047	0.903
-1	0.9135
-0.996094	0.924
-1	0.9345
-1	0.945
-1	0.9555
-1	0.966
-0.998047	0.9765
-1	0.987
-1	0.9975
-1	1.008
-1	1.0185
-1	1.029
-1	1.0395
-1	1.05
-1	1.0605
-1	1.05
-1	1.0395
-1	1.029
-1	1.0185
-1	1.008
-0.998047	0.9975
-1	0.987
-1	0.9765
-1	0.966
-0.998047	0.9555
-0.998047	0.945
-0.998047	0.9345
-1	0.924
-0.998047	0.9135
-1	0.903
-1	0.8925
-1	0.882
-1	0.8715
-1	0.861
-1	0.8505
-1	0.84
-1	0.8295
-1	0.819
-1	0.8085
-1	0.798
-1	0.7875
-1	0.777
-1	0.7665
-1	0.756
-0.998047	0.7455
-0.998047	0.735
-0.996094	0.7245
-0.998047	0.714
-0.996094	0.7035
-0.996094	0.693
-0.998047	0.6825
-1	0.672
-0.996094	0.6615
-0.998047	0.651
-1	0.6405
-0.998047	0.63
-0.988281	0.6195
-0.998047	0.609
-0.998047	0.5985
-0.998047	0.588
-1	0.5775
-0.996094	0.567
-0.994141	0.5565
-0.998047	0.546
-0.996094	0.5355
-0.992188	0.525
-0.986328	0.5145
-0.996094	0.504
-0.988281	0.4935
-0.992188	0.483
-0.990234	0.4725
-0.992188	0.462
-0.990234	0.4515
-0.994141	0.441
-0.984375	0.4305
-0.990234	0.42
-0.992188	0.4095
-0.986328	0.399
-0.982422	0.3885
-0.986328	0.378
-0.978516	0.3675
-0.96875	0.357
-0.964844	0.3465
-0.96875	0.336
-0.953125	0.3255
-0.933594	0.315
-0.96875	0.3045
-0.957031	0.294
-0.96875	0.2835
-0.947266	0.273
-0.957031	0.2625
-0.955078	0.252
-0.947266	0.2415
-0.904297	0.231
-0.904297	0.2205
-0.910156	0.21
-0.917969	0.1995
-0.900391	0.189
-0.865234	0.1785
-0.867188	0.168
-0.876953	0.1575
-0.833984	0.147
-0.794922	0.1365
-0.8125	0.126
-0.753906	0.1155
-0.771484	0.105
-0.708984	0.0945
-0.671875	0.084
-0.626953	0.0735
-0.535156	0.063
-0.503906	0.0525
-0.445312	0.042
-0.353516	0.0315
-0.263672	0.021
-0.0136719	0.0105
-0.0742188	-9.36751e-17
0.0761719	-0.0105
0.193359	-0.021
0.339844	-0.0315
0.373047	-0.042
0.558594	-0.0525
0.607422	-0.063
0.5625	-0.0735
0.683594	-0.084
0.695312	-0.0945
0.736328	-0.105
0.765625	-0.1155
0.789062	-0.126
0.798828	-0.1365
0.824219	-0.147
0.876953	-0.1575
0.867188	-0.168
0.875	-0.1785
0.912109	-0.189
0.876953	-0.1995
0.902344	-0.21
0.921875	-0.2205
0.910156	-0.231
0.9375	-0.2415
0.953125	-0.252
0.945312	-0.2625
0.957031	-0.273
0.962891	-0.2835
0.953125	-0.294
0.957031	-0.3045
0.972656	-0.315
0.964844	-0.3255
0.972656	-0.336
0.972656	-0.3465
0.970703	-0.357
0.986328	-0.3675
0.980469	-0.378
0.986328	-0.3885
0.992188	-0.399
0.992188	-0.4095
0.988281	-0.42
0.986328	-0.4305
0.988281	-0.441
0.992188	-0.4515
0.988281	-0.462
0.990234	-0.4725
0.984375	-0.483
0.990234	-0.4935
0.994141	-0.504
0.992188	-0.5145
0.992188	-0.525
0.988281	-0.5355
0.996094	-0.546
0.996094	-0.5565
0.996094	-0.567
1	-0.5775
0.998047	-0.588
0.998047	-0.5985
0.998047	-0.609
0.998047	-0.6195
0.996094	-0.63
0.998047	-0.6405
0.996094	-0.651
0.998047	-0.6615
1	-0.672
1	-0.6825
0.998047	-0.693
0.998047	-0.7035
0.998047	-0.714
0.996094	-0.7245
1	-0.735
1	-0.7455
1	-0.756
1	-0.7665
0.998047	-0.777
1	-0.7875
1	-0.798
1	-0.8085
1	-0.819
0.998047	-0.8295
1	-0.84
1	-0.8505
1	-0.861
1	-0.8715
1	-0.882
1	-0.8925
1	-0.903
1	-0.9135
1	-0.924
1	-0.9345
0.998047	-0.945
1	-0.9555
1	-0.966
1	-0.9765
1	-0.987
1	-0.9975
1	-1.008
1	-1.0185
1	-1.029
1	-1.0395
1	-1.05
1	-1.0605
1	-1.05
1	-1.0395
1	-1.029
1	-1.0185
1	-1.008
1	-0.9975
1	-0.987
1	-0.9765
1	-0.966
1	-0.9555
1	-0.945
1	-0.9345
1	-0.924
1	-0.9135
1	-0.903
1	-0.8925
0.998047	-0.882
0.998047	-0.8715
1	-0.861
1	-0.8505
1	-0.84
1	-0.8295
1	-0.819
0.998047	-0.8085
1	-0.798
0.998047	-0.7875
1	-0.777
0.998047	-0.7665
1	-0.756
0.996094	-0.7455
1	-0.735
1	-0.7245
1	-0.714
0.998047	-0.7035
0.998047	-0.693
0.998047	-0.6825
1	-0.672
0.998047	-0.6615
1	-0.651
0.998047	-0.6405
0.998047	-0.63
1	-0.6195
0.992188	-0.609
0.994141	-0.5985
0.998047	-0.588
0.998047	-0.5775
0.988281	-0.567
0.998047	-0.5565
1	-0.546
0.992188	-0.5355
0.994141	-0.525
0.988281	-0.5145
0.982422	-0.504
0.992188	-0.4935
0.998047	-0.483
0.994141	-0.4725
0.986328	-0.462
0.988281	-0.4515
0.984375	-0.441
0.986328	-0.4305
0.974609	-0.42
0.982422	-0.4095
0.980469	-0.399
0.974609	-0.3885
0.980469	-0.378
0.976562	-0.3675
0.972656	-0.357
0.972656	-0.3465
0.96875	-0.336
0.972656	-0.3255
0.970703	-0.315
0.966797	-0.3045
0.958984	-0.294
0.957031	-0.2835
0.953125	-0.273
0.9375	-0.2625
0.933594	-0.252
0.933594	-0.2415
0.939453	-0.231
0.935547	-0.2205
0.916016	-0.21
0.914062	-0.1995
0.876953	-0.189
0.890625	-0.1785
0.875	-0.168
0.84375	-0.1575
0.818359	-0.147
0.832031	-0.1365
0.8125	-0.126
0.789062	-0.1155
0.765625	-0.105
0.693359	-0.0945
0.660156	-0.084
0.554688	-0.0735
0.548828	-0.063
0.458984	-0.0525
0.400391	-0.042
0.341797	-0.0315
0.244141	-0.021
0.111328	-0.0105
-0.0683594	-1.2837e-16
