1	0
1	0.0105
0.998047	0.021
0.998047	0.0315
1	0.042
1	0.0525
0.998047	0.063
-0.998047	0.0735
-1	0.084
-1	0.0945
-1	0.105
-1	0.1155
-1	0.126
-1	0.1365
-1	0.147
-1	0.1575
-1	0.168
-1	0.1785
-1	0.189
-1	0.1995
-1	0.21
-1	0.2205
-1	0.231
-1	0.2415
-1	0.252
-1	0.2625
-1	0.273
-1	0.2835
-1	0.294
-1	0.3045
-1	0.315
-1	0.3255
-1	0.336
-1	0.3465
-1	0.357
-1	0.3675
-1	0.378
-1	0.3885
-1	0.399
-1	0.4095
-1	0.42
-1	0.4305
-1	0.441
-1	0.4515
-1	0.462
-1	0.4725
-1	0.483
-1	0.4935
-1	0.504
-1	0.5145
-1	0.525
-1	0.5355
-1	0.546
-1	0.5565
-1	0.567
-1	0.5775
-1	0.588
-1	0.5985
-1	0.609
-1	0.6195
-1	0.63
-1	0.6405
-1	0.651
-1	0.6615
-1	0.672
-1	0.6825
-1	0.693
-1	0.7035
-1	0.714
-1	0.7245
-1	0.735
-1	0.7455
-1	0.756
-1	0.7665
-1	0.777
-1	0.7875
-1	0.798
-1	0.8085
-1	0.819
-1	0.8295
-1	0.84
-1	0.8505
-1	0.861
-1	0.8715
-1	0.882
-1	0.8925
-1	0.903
-1	0.9135
-1	0.924
-1	0.9345
-1	0.945
-1	0.9555
-1	0.966
-1	0.9765
-1	0.987
-1	0.9975
-1	1.008
-1	1.0185
-1	1.029
-1	1.0395
-1	1.05
-1	1.0605
-1	1.05
-1	1.0395
-1	1.029
-1	1.0185
-1	1.008
-1	0.9975
-1	0.987
-1	0.9765
-1	0.966
-1	0.9555
-1	0.945
-1	0.9345
-1	0.924
-1	0.9135
-1	0.903
-1	0.8925
-1	0.882
-1	0.8715
-1	0.861
-1	0.8505
-1	0.84
-1	0.8295
-1	0.819
-1	0.8085
-1	0.798
-1	0.7875
-1	0.777
-1	0.7665
-1	0.756
-1	0.7455
-1	0.735
-1	0.7245
-1	0.714
-1	0.7035
-1	0.693
-1	0.6825
-1	0.672
-1	0.6615
-1	0.651
-1	0.6405
-1	0.63
-1	0.6195
-1	0.609
-1	0.5985
-1	0.588
-1	0.5775
-1	0.567
-1	0.5565
-1	0.546
-1	0.5355
-1	0.525
-1	0.5145
-1	0.504
-1	0.4935
-1	0.483
-1	0.4725
-1	0.462
-1	0.4515
-1	0.441
-1	0.4305
-1	0.42
-1	0.4095
-1	0.399
-1	0.3885
-1	0.378
-1	0.3675
-1	0.357
-1	0.3465
-1	0.336
-1	0.3255
-1	0.315
-1	0.3045
-1	0.294
-1	0.2835
-1	0.273
-1	0.2625
-1	0.252
-1	0.2415
-1	0.231
-1	0.2205
-1	0.21
-1	0.1995
-1	0.189
-1	0.1785
-1	0.168
-1	0.1575
-1	0.147
-1	0.1365
-1	0.126
-1	0.1155
-1	0.105
-1	0.0945
-1	0.084
-1	0.0735
-1	0.063
-1	0.0525
-1	0.042
-0.998047	0.0315
-1	0.021
-0.998047	0.0105
-0.998047	-9.36751e-17
-0.998047	-0.0105
-0.998047	-0.021
-1	-0.0315
-0.998047	-0.042
-0.994141	-0.0525
-0.994141	-0.063
-0.980469	-0.0735
1	-0.084
1	-0.0945
1	-0.105
1	-0.1155
1	-0.126
1	-0.1365
1	-0.147
1	-0.1575
1	-0.168
1	-0.1785
1	-0.189
1	-0.1995
1	-0.21
1	-0.2205
1	-0.231
1	-0.2415
1	-0.252
1	-0.2625
1	-0.273
1	-0.2835
1	-0.294
1	-0.3045
1	-0.315
1	-0.3255
1	-0.336
1	-0.3465
1	-0.357
1	-0.3675
1	-0.378
1	-0.3885
1	-0.399
1	-0.4095
1	-0.42
1	-0.4305
1	-0.441
1	-0.4515
1	-0.462
1	-0.4725
1	-0.483
1	-0.4935
1	-0.504
1	-0.5145
1	-0.525
1	-0.5355
1	-0.546
1	-0.5565
1	-0.567
1	-0.5775
1	-0.588
1	-0.5985
1	-0.609
1	-0.6195
1	-0.63
1	-0.6405
1	-0.651
1	-0.6615
1	-0.672
1	-0.6825
1	-0.693
1	-0.7035
1	-0.714
1	-0.7245
1	-0.735
1	-0.7455
1	-0.756
1	-0.7665
1	-0.777
1	-0.7875
1	-0.798
1	-0.8085
1	-0.819
1	-0.8295
1	-0.84
1	-0.8505
1	-0.861
1	-0.8715
1	-0.882
1	-0.8925
1	-0.903
1	-0.9135
1	-0.924
1	-0.9345
1	-0.945
1	-0.9555
1	-0.966
1	-0.9765
1	-0.987
1	-0.9975
1	-1.008
1	-1.0185
1	-1.029
1	-1.0395
1	-1.05
1	-1.0605
1	-1.05
1	-1.0395
1	-1.029
1	-1.0185
1	-1.008
1	-0.9975
1	-0.987
1	-0.9765
1	-0.966
1	-0.9555
1	-0.945
1	-0.9345
1	-0.924
1	-0.9135
1	-0.903
1	-0.8925
1	-0.882
1	-0.8715
1	-0.861
1	-0.8505
1	-0.84
1	-0.8295
1	-0.819
1	-0.8085
1	-0.798
1	-0.7875
1	-0.777
1	-0.7665
1	-0.756
1	-0.7455
1	-0.735
1	-0.7245
1	-0.714
1	-0.7035
1	-0.693
1	-0.6825
1	-0.672
1	-0.6615
1	-0.651
1	-0.6405
1	-0.63
1	-0.6195
1	-0.609
1	-0.5985
1	-0.588
1	-0.5775
1	-0.567
1	-0.5565
1	-0.546
1	-0.5355
1	-0.525
1	-0.5145
1	-0.504
1	-0.4935
1	-0.483
1	-0.4725
1	-0.462
1	-0.4515
1	-0.441
1	-0.4305
1	-0.42
1	-0.4095
1	-0.399
1	-0.3885
1	-0.378
1	-0.3675
1	-0.357
1	-0.3465
1	-0.336
1	-0.3255
1	-0.315
1	-0.3045
1	-0.294
1	-0.2835
1	-0.273
1	-0.2625
1	-0.252
1	-0.2415
1	-0.231
1	-0.2205
1	-0.21
1	-0.1995
1	-0.189
1	-0.1785
1	-0.168
1	-0.1575
1	-0.147
1	-0.1365
1	-0.126
1	-0.1155
1	-0.105
1	-0.0945
1	-0.084
1	-0.0735
1	-0.063
1	-0.0525
1	-0.042
1	-0.0315
1	-0.021
0.996094	-0.0105
1	-1.2837e-16
